20200203	安徽	1	100880	825	28	17
20200203	山东	1	210165	3137	227	47
20200203	湖北	13	24594174	538822	26630	9585
20200204		10	25739141	629831	25255	19408
20200204	Njombe Region	1	11	1	0	0
20200204	上海	18	9068673	116771	5794	2476
20200204	云南	2	96	5	3	0
20200204	内蒙古	6	302173	3678	158	154
20200204	北京	30	43085015	603734	25502	16570
20200204	吉林	4	38793	242	7	5
20200204	四川	30	3528107	107387	3419	794
20200204	天津	3	1088	17	1	0
20200204	安徽	20	993357	12338	241	250
20200204	山东	36	4410239	24918	885	608
20200204	山西	14	1841946	17202	2822	983
20200204	广东	32	1336104	13888	453	385
20200204	广西	5	9727	97	4	0
20200204	新疆	6	95560	2304	79	50
20200204	江苏	15	898332	20668	772	260
20200204	江西	11	22637	506	22	12
20200204	河北	16	450632	4105	159	83
20200204	河南	37	312371	3748	108	51
20200204	浙江	15	3157741	55770	4755	3564
20200204	海南	1	5418	200	2	0
20200204	湖北	239	153653725	2540271	131118	99121
20200204	湖南	17	2404111	16063	568	451
20200204	甘肃	4	11132	470	8	0
20200204	福建	13	5960462	78759	8576	4423
20200204	贵州	6	205	15	2	0
20200204	辽宁	12	1507989	37689	1881	446
20200204	重庆	11	19708	714	66	9
20200204	陕西	27	1259700	50980	2169	588
20200204	黑龙江	8	7410	106	4	2
20200205		7	876395	33663	1420	235
20200205	Central Singapore Community Development Council	1	17	1	0	0
20200205	上海	8	7824180	228905	6815	1656
20200205	云南	2	117323	750	15	4
20200205	北京	15	105484808	1380639	55563	46145
20200205	台湾	1	4	0	0	0
20200205	吉林	5	24	0	0	0
20200205	四川	12	208052	2158	132	155
20200205	天津	2	266562	6027	1895	296
20200205	安徽	7	13050	454	14	2
20200205	山东	13	1781463	19092	446	234
20200205	山西	10	68414	806	19	15
20200205	广东	26	259848	3035	150	107
20200205	广西	2	116	6	1	0
20200205	新疆	2	1461	19	0	1
20200205	江苏	16	12014	262	29	14
20200205	江西	9	1100576	41897	1185	167
20200205	河北	9	371643	2301	130	50
20200205	河南	38	1638851	77378	5116	457
20200205	浙江	4	850	56	4	0
20200205	海南	3	19423	334	5	8
20200205	湖北	190	14962219	149215	10055	2893
20200205	湖南	18	1204060	63438	2268	233
20200205	甘肃	3	2642	125	15	1
20200205	福建	6	457817	15269	374	164
20200205	贵州	3	88	2	0	1
20200205	辽宁	12	663264	22557	232	74
20200205	重庆	4	9226	217	2	2
20200205	陕西	12	90379	1932	85	38
20200205	黑龙江	6	141189	491	16	12
20200206		4	205246	2109	101	35
20200206	Gyeongsangbuk-do	1	9	1	0	0
20200206	万丹省	1	2571	118	6	0
20200206	上海	17	6023455	140869	5704	1311
20200206	云南	2	676	18	2	0
20200206	内蒙古	10	12527	336	21	6
20200206	北京	37	55456071	1384188	50049	37697
20200206	吉林	6	60352	567	25	69
20200206	四川	17	6033125	105661	2912	1263
20200206	天津	4	6597	87	2	1
20200206	宁夏	2	26649	665	45	5
20200206	安徽	27	5204537	77638	2140	639
20200206	山东	21	777473	7557	254	149
20200206	山西	16	898556	14059	668	201
20200206	广东	26	139160	1031	36	27
20200206	广西	12	37515	3536	133	31
20200206	新疆	9	924405	50135	1444	271
20200206	江苏	22	14005921	79712	1143	1587
20200206	江西	12	182062	5323	143	42
20200206	河北	22	1938218	43085	2112	366
20200206	河南	67	2951224	104233	4036	442
20200206	浙江	9	4752	122	25	17
20200206	海南	7	259691	8730	729	114
20200206	湖北	232	44770640	1314715	74502	13516
20200206	湖南	17	1897787	50573	2429	273
20200206	甘肃	6	14730	104	2	19
20200206	福建	16	1060057	48918	2373	399
20200206	贵州	10	279702	4285	149	29
20200206	辽宁	8	3252688	27165	2123	718
20200206	重庆	4	267172	1167	54	14
20200206	陕西	16	1729833	27450	2172	283
20200206	黑龙江	5	632429	10648	935	456
20200207	上海	10	1379905	20874	1163	170
20200207	云南	2	777	32	2	0
20200207	内蒙古	2	10414	401	51	3
20200207	北京	22	12878613	434562	10398	1705
20200207	吉林	9	48711	1756	83	12
20200207	四川	8	66074	960	711	45
20200207	天津	2	56	0	0	1
20200207	宁夏	3	12962	339	40	7
20200207	安徽	20	243671	14242	584	73
20200207	山东	23	1737114	71516	18310	167
20200207	山西	12	2337519	20591	941	249
20200207	广东	8	1623	77	13	4
20200207	广西	5	4943	100	15	2
20200207	新疆	6	1293276	7928	203	168
20200207	江苏	18	685130	14945	392	322
20200207	江西	10	25213	2152	234	14
20200207	河北	18	1788975	14436	2142	147
20200207	河南	36	2652713	59051	10299	616
20200207	浙江	15	94825	1846	91	15
20200207	海南	4	29601	933	29	14
20200207	湖北	122	16626644	743647	30486	4349
20200207	湖南	10	898082	5966	578	162
20200207	甘肃	3	1325	11	7	0
20200207	福建	8	1604179	29264	533	288
20200207	贵州	16	4032575	302706	20829	1295
20200207	辽宁	11	17264	463	30	13
20200207	陕西	12	25338	674	26	7
20200207	黑龙江	6	19392	1400	20	5
20200208		3	5427	42	4	2
20200208	Ehime	2	13	1	0	0
20200208	上海	11	958601	27666	674	134
20200208	云南	4	88631	5636	288	30
20200208	内蒙古	7	28407	456	42	2
20200208	北京	16	94882903	3012937	130638	73858
20200208	吉林	6	6364	84	8	0
20200208	四川	9	1763464	22096	1293	186
20200208	天津	3	35131	363	15	3
20200208	宁夏	3	2837	107	11	0
20200208	安徽	14	1179363	11828	1021	87
20200208	山东	13	14505	145	21	4
20200208	山西	7	81017	7239	777	66
20200208	广东	12	7623283	173626	7758	1593
20200208	广西	8	60963	1471	195	54
20200208	新疆	2	33018	879	43	12
20200208	江苏	13	606224	32603	907	84
20200208	江西	7	19486	479	33	1
20200208	河北	24	634492	6017	393	100
20200208	河南	25	19717070	504364	18602	5920
20200208	浙江	13	82751	770	42	25
20200208	海南	2	27246	617	21	8
20200208	湖北	135	16674959	510225	22717	12191
20200208	湖南	14	676848	4856	295	84
20200208	甘肃	2	1254	80	0	1
20200208	福建	9	337094	15642	1005	143
20200208	西藏	2	74	4	0	0
20200208	贵州	12	425186	26379	1277	50
20200208	辽宁	5	15306	184	11	0
20200208	重庆	2	36878	358	5	3
20200208	陕西	5	283235	22853	2228	19
20200208	香港	2	92	9	0	0
20200208	黑龙江	1	4	0	0	0
20200209	Phnom Penh	1	8	0	0	0
20200209	Selangor	1	1	0	0	0
20200209	上海	8	6019507	125822	3550	1632
20200209	云南	6	105154	3010	281	58
20200209	京畿道	1	3	0	0	0
20200209	内蒙古	1	30349	618	14	0
20200209	北京	9	16601677	599881	17447	6480
20200209	吉林	4	10900	164	4	2
20200209	四川	4	13219	68	16	1
20200209	天津	3	11836	54	3	0
20200209	宁夏	2	43	0	0	0
20200209	安徽	6	6166	269	25	5
20200209	山东	17	2029151	155627	7166	806
20200209	山西	2	33	0	0	0
20200209	广东	14	619891	7442	261	128
20200209	广西	2	61	0	0	0
20200209	新疆	5	984735	47259	2483	350
20200209	江苏	12	1500081	96655	4503	1155
20200209	江西	4	28114	698	40	14
20200209	河北	11	4060338	81007	1766	457
20200209	河南	9	720045	58953	3726	826
20200209	浙江	7	54262	226	11	13
20200209	湖北	100	4655820	89389	6678	610
20200209	湖南	4	2733311	204132	6324	279
20200209	甘肃	3	34732	714	54	7
20200209	福建	8	20556	205	8	14
20200209	贵州	10	102936	28683	586	36
20200209	辽宁	9	3005	139	33	1
20200209	重庆	5	224	10	0	0
20200209	陕西	2	4433	148	5	0
20200209	青海	1	10954	330	22	5
20200209	黑龙江	3	4347	74	1	0
20200210		4	8114	170	14	5
20200210	上海	21	1548545	27177	1070	419
20200210	云南	13	129837	8669	374	29
20200210	内蒙古	7	273	12	5	0
20200210	利贝雷茨	1	7	0	0	0
20200210	北京	46	184825005	9708071	525243	193015
20200210	吉林	14	20277	796	52	20
20200210	四川	37	4628578	257168	9287	1177
20200210	天津	15	37109	927	36	12
20200210	安徽	38	25960181	1786366	39466	2622
20200210	山东	88	5784819	76118	3876	1425
20200210	山西	19	88657	2285	128	32
20200210	广东	65	9407077	113529	3458	1292
20200210	广西	4	50218	2516	233	3
20200210	新疆	27	936191	23929	2443	610
20200210	江苏	62	14593066	566404	21505	4172
20200210	江西	29	743488	9109	658	497
20200210	河北	40	1430237	29335	1236	438
20200210	河南	66	583368	6520	425	250
20200210	浙江	25	117058	1810	76	52
20200210	海南	13	66335	2379	164	28
20200210	湖北	407	28966994	644560	58190	12072
20200210	湖南	33	7854383	184949	5023	5119
20200210	甘肃	22	1161663	84612	4266	467
20200210	福建	25	410723	8444	203	225
20200210	贵州	28	3143833	163165	3421	604
20200210	辽宁	30	94338	1060	64	77
20200210	重庆	10	1834198	16088	394	353
20200210	陕西	24	261635	6106	381	485
20200210	黑龙江	15	49319	641	69	77
20200211		11	747512	34441	1461	249
20200211	Chiang Mai Province	1	1081	41	3	0
20200211	State of New South Wales	1	13006	116	14	9
20200211	上海	23	1216424	31854	826	499
20200211	云南	6	1122	17	0	0
20200211	内蒙古	12	89441	624	18	10
20200211	北京	54	13426620	566875	14870	4244
20200211	吉林	5	8437	225	8	0
20200211	四川	65	5407041	242084	9440	1376
20200211	天津	5	10383	132	14	9
20200211	宁夏	3	1667530	6868	131	100
20200211	安徽	56	1154335	29409	970	3094
20200211	山东	100	2338574	47717	1826	406
20200211	山西	19	237803	2581	92	19
20200211	广东	54	781962	11364	653	512
20200211	广西	7	113285	2547	117	9
20200211	新疆	15	776242	26527	935	123
20200211	江苏	63	2604481	103216	2266	546
20200211	江西	40	2210175	98198	2401	875
20200211	河北	60	1088149	16012	681	845
20200211	河南	82	2125367	44978	1639	843
20200211	浙江	20	385044	3704	92	140
20200211	海南	7	49125	1033	72	36
20200211	湖北	283	23340832	947045	30278	4528
20200211	湖南	47	4658969	136230	3992	954
20200211	甘肃	13	122846	5877	362	110
20200211	福建	27	478443	10564	549	394
20200211	艾伯塔	1	34	4	1	0
20200211	西藏	2	596	21	28	7
20200211	贵州	15	810370	57926	1768	219
20200211	辽宁	25	91258	1249	55	196
20200211	重庆	18	42909	1200	42	18
20200211	陕西	25	234460	2803	115	194
20200211	青海	2	205	15	1	3
20200211	黑龙江	17	267582	9319	216	38
20200212		6	128103	1167	20	44
20200212	Almaty	1	1810	89	7	2
20200212	Selangor	1	11	0	0	0
20200212	上海	27	891737	25132	1026	995
20200212	云南	5	24932	204	14	13
20200212	内蒙古	10	637653	28275	1548	299
20200212	北京	45	5064176	142305	6205	2143
20200212	吉林	6	1650	28	3	0
20200212	四川	43	1405649	62068	1890	460
20200212	天津	11	102018	4283	284	35
20200212	宁夏	2	21199	635	2	1
20200212	安大略	1	2	0	0	0
20200212	安徽	34	3890035	198389	5652	809
20200212	山东	54	6819601	144461	5361	2612
20200212	山西	12	267033	11812	118	76
20200212	广东	38	758376	24104	700	317
20200212	广西	8	133296	1865	217	116
20200212	拉齐奥	1	3	0	0	0
20200212	新疆	517	7943765	336951	13356	3827
20200212	江苏	40	1906781	71981	3405	419
20200212	江西	22	170937	6897	494	46
20200212	河北	51	2715899	140134	7546	1134
20200212	河南	66	13223281	454977	12021	2052
20200212	浙江	17	2216016	100270	3462	507
20200212	海南	167	36370115	1542116	68414	18441
20200212	湖北	231	26753272	940144	43609	9835
20200212	湖南	25	23903224	1415570	60969	8040
20200212	甘肃	23	7289569	252600	7036	1261
20200212	福建	25	1262571	51812	2222	460
20200212	西藏	3	1033	33	0	0
20200212	贵州	38	6067973	268203	9254	1476
20200212	辽宁	10	84631	1467	64	28
20200212	重庆	5	131958	1773	128	18
20200212	陕西	24	138652	2543	138	90
20200212	黑龙江	5	525	22	1	0
20200213		3	156172	1936	47	61
20200213	上海	14	3155058	64554	1304	594
20200213	云南	5	194969	11474	398	39
20200213	内蒙古	19	20563684	848154	15193	1451
20200213	北京	39	65057008	2631242	111534	29506
20200213	吉林	4	6969	246	7	3
20200213	四川	28	9357214	193775	8860	948
20200213	天津	3	19608	50	0	4
20200213	宁夏	3	25754	1338	54	10
20200213	安徽	55	1791137	87280	4704	554
20200213	山东	47	528919	20648	1589	148
20200213	山西	20	549532	9055	446	138
20200213	广东	39	2060487	64644	2880	974
20200213	广西	8	10903	189	11	12
20200213	新疆	57	574227	33422	1847	530
20200213	江苏	47	3509264	32197	1644	572
20200213	江西	15	14003	733	54	6
20200213	河北	31	219450	6111	438	136
20200213	河南	101	7159866	237029	17402	1762
20200213	浙江	22	2768939	74978	1748	434
20200213	海南	41	1802975	49125	828	260
20200213	湖北	185	46791641	2134064	91844	11679
20200213	湖南	21	57503	1634	85	28
20200213	甘肃	8	2729104	172102	4612	571
20200213	福建	12	90375	1113	52	46
20200213	贵州	8	56168	1005	58	34
20200213	辽宁	9	77090	1719	52	25
20200213	重庆	6	460052	7198	200	36
20200213	陕西	8	5943	799	28	30
20200213	青海	3	2901	42	4	1
20200213	黑龙江	11	10496	235	21	15
20200214		3	608601	16398	510	98
20200214	Saskatchewan	2	781	26	1	0
20200214	上海	15	1440496	6868	207	418
20200214	云南	4	226876	10601	437	183
20200214	俄亥俄州	1	28149	679	31	4
20200214	内蒙古	2	46	2	1	0
20200214	北京	21	9407063	310424	20974	5385
20200214	台湾	1	15	1	0	0
20200214	四川	36	3196148	99674	3607	691
20200214	天津	3	2451	122	14	4
20200214	安徽	52	1083387	91394	6235	363
20200214	山东	35	6006779	246296	11619	2461
20200214	山西	24	656172	14847	646	290
20200214	广东	41	339036	5957	371	113
20200214	广西	5	9821	180	12	5
20200214	新疆	19	573890	40185	2869	400
20200214	江苏	27	356294	16302	740	119
20200214	江西	17	52748	2941	145	28
20200214	河北	32	318001	10450	819	223
20200214	河南	27	1981279	78304	1190	223
20200214	浙江	9	725564	31809	966	101
20200214	湖北	180	35105201	1205321	38121	12113
20200214	湖南	21	15671595	1617884	111575	2338
20200214	澳门	1	4	1	3	0
20200214	甘肃	7	184015	8341	369	67
20200214	福建	20	750542	12371	271	93
20200214	西藏	1	23919	411	9	5
20200214	贵州	5	37698	1594	139	45
20200214	辽宁	10	1192836	13936	713	237
20200214	重庆	9	331	21	0	3
20200214	陕西	16	111224	9284	631	25
20200214	黑龙江	7	245	7	0	1
20200215		4	129984	1869	55	62
20200215	上海	13	566348	6797	502	100
20200215	云南	14	350845	8711	623	168
20200215	内蒙古	1	3638	9	0	0
20200215	北京	44	24950485	1473675	31536	4764
20200215	吉林	7	32101	1081	22	15
20200215	四川	20	436225	22241	1180	240
20200215	天津	8	82055	738	67	25
20200215	宁夏	2	2333	79	14	0
20200215	安徽	57	7647204	439174	27398	1180
20200215	山东	38	3921027	69747	6544	2038
20200215	山西	23	3949336	145011	6040	1314
20200215	广东	39	297786	3734	184	191
20200215	广西	10	14615	434	39	15
20200215	新疆	28	447716	4865	102	95
20200215	江苏	34	7066993	192951	5110	2815
20200215	江西	15	674814	48685	3513	140
20200215	河北	46	3101871	48782	2863	494
20200215	河南	81	2710001	123290	4376	1482
20200215	浙江	29	7904063	363715	8963	1206
20200215	海南	11	301833	17437	891	1025
20200215	湖北	246	40016696	1279605	40561	8410
20200215	湖南	25	941485	23113	574	247
20200215	甘肃	8	5968	315	19	1
20200215	福建	12	66153	309	16	22
20200215	英格兰	1	92	5	0	0
20200215	贵州	10	2446752	122815	4061	146
20200215	辽宁	18	43561	553	24	167
20200215	重庆	7	18342	1367	73	9
20200215	陕西	23	849978	39704	1424	609
20200215	青海	1	45	3	0	0
20200215	黑龙江	57	727447	48546	4674	360
20200216		3	88140	940	30	75
20200216	上海	21	2463821	28926	738	694
20200216	云南	9	6333	210	27	10
20200216	内蒙古	5	1543562	60250	2622	127
20200216	北京	20	9624397	91978	2291	1531
20200216	吉林	15	232756	4293	172	28
20200216	四川	23	722552	28021	767	107
20200216	天津	4	44132	4417	614	23
20200216	宁夏	1	48080	3471	107	14
20200216	安徽	48	2487083	97309	5530	782
20200216	山东	53	54630575	1931998	50025	18355
20200216	山西	14	248814	7969	270	123
20200216	广东	40	557692	14250	393	209
20200216	广西	8	54328	2681	342	54
20200216	新疆	25	5325490	286927	14822	3226
20200216	江苏	41	1935823	93937	3882	737
20200216	江西	17	549562	9753	259	331
20200216	河北	36	3452540	67698	3241	855
20200216	河南	60	15529468	420792	15058	6519
20200216	浙江	24	990689	70283	1311	149
20200216	海南	9	960223	47949	1772	266
20200216	湖北	211	43481714	2070575	127777	5775
20200216	湖南	21	213899	9714	517	107
20200216	甘肃	14	101619	4052	261	38
20200216	福建	15	60411	1763	104	25
20200216	贵州	12	468893	15849	786	155
20200216	辽宁	12	11211896	877509	18085	2098
20200216	重庆	4	40802	1234	19	10
20200216	陕西	17	9192	557	31	2
20200216	首尔特别市	1	40	3	0	0
20200216	黑龙江	12	9219	378	30	15
20200217		1	44838	866	44	65
20200217	上海	11	324369	3949	220	121
20200217	云南	8	11571	168	14	5
20200217	内蒙古	7	50330	414	29	17
20200217	北京	32	37338163	997152	32337	5567
20200217	吉林	9	81090	3009	111	34
20200217	四川	24	1993593	36839	1037	383
20200217	天津	15	1418369	67196	2666	704
20200217	宁夏	1	42017	1778	82	15
20200217	安徽	48	5843520	118099	3298	766
20200217	山东	43	30293819	1437605	16844	2563
20200217	山西	10	690438	47535	2138	120
20200217	广东	29	470116	17021	884	167
20200217	广西	4	4886	369	12	6
20200217	新疆	9	101178	1918	95	42
20200217	江苏	39	6832302	465693	13665	6046
20200217	江西	6	36446	1639	139	13
20200217	河北	31	6503894	145155	3306	1021
20200217	河南	64	7739375	500357	13138	1533
20200217	浙江	38	2614306	169376	1783	503
20200217	海南	6	2720007	190199	3637	140
20200217	湖北	298	19252929	446335	36572	8528
20200217	湖南	25	667447	19370	929	181
20200217	甘肃	12	191017	8092	245	38
20200217	福建	11	3197835	186970	2646	267
20200217	英格兰	1	3	0	0	0
20200217	贵州	6	3344470	100319	1719	434
20200217	辽宁	12	959327	34999	1508	240
20200217	重庆	4	2790	101	10	5
20200217	陕西	14	115175	3409	242	41
20200217	青海	7	111796	6244	496	35
20200217	黑龙江	17	256817	2640	111	29
20200218		3	646060	10667	312	30
20200218	上海	8	2109921	107019	5489	868
20200218	中央吕宋	1	0	0	0	0
20200218	云南	10	11160	372	25	0
20200218	内蒙古	4	686	13	0	0
20200218	北京	39	22001508	486365	12890	2089
20200218	吉林	5	7526	129	13	3
20200218	四川	33	32097	1115	71	7
20200218	天津	12	321573	16560	1040	191
20200218	宁夏	3	46499	1388	86	11
20200218	安徽	41	12159934	72877	3487	3060
20200218	山东	83	2033817	27490	10010	200
20200218	山西	13	23594	572	28	10
20200218	广东	67	5585236	45068	2274	999
20200218	广西	16	4738	232	14	4
20200218	新疆	10	347167	7693	371	64
20200218	江苏	49	626517	21281	961	164
20200218	江西	19	1920920	31133	2269	1714
20200218	河北	32	708786	20296	926	147
20200218	河南	71	11528203	403554	13934	2331
20200218	浙江	25	615567	10014	433	102
20200218	海南	7	73172	1159	49	16
20200218	湖北	289	25130606	1065822	56837	10843
20200218	湖南	43	3362307	136924	3797	1560
20200218	甘肃	12	55461	1672	103	81
20200218	福建	17	281011	1469	106	52
20200218	贵州	13	1145888	39552	768	90
20200218	辽宁	18	537924	3264	116	46
20200218	重庆	14	147488	7654	496	56
20200218	陕西	16	36272	1198	55	15
20200218	黑龙江	10	307	30	1	0
20200219		2	1643596	12186	132	311
20200219	上海	23	173742	2212	59	62
20200219	云南	13	314155	16028	546	110
20200219	内蒙古	7	3102	177	10	0
20200219	北京	46	21753916	1067585	39564	23148
20200219	吉林	10	7359	232	15	5
20200219	四川	22	13218885	707038	9887	2157
20200219	天津	13	281143	2149	83	22
20200219	宁夏	9	1783969	91571	5043	1027
20200219	安大略	1	9	1	8	0
20200219	安徽	71	669538	40477	1187	183
20200219	山东	96	24247683	656953	22123	6873
20200219	山西	50	10922442	390666	13645	934
20200219	广东	58	1709796	68636	3393	378
20200219	广西	9	1539307	4301	89	120
20200219	新疆	12	293939	13117	529	49
20200219	江苏	58	55192832	3128415	205169	98646
20200219	江西	31	259848	6234	275	71
20200219	河北	45	262502	5865	388	107
20200219	河南	110	2166592	114928	5274	751
20200219	浙江	29	102130	3508	189	56
20200219	海南	13	948	23	0	2
20200219	湖北	360	96636511	4512881	189402	9890
20200219	湖南	30	23318	1141	58	28
20200219	甘肃	12	32730	1289	80	17
20200219	福建	26	106190	1831	79	28
20200219	贵州	22	270567	6656	252	72
20200219	辽宁	25	4199549	70238	1349	430
20200219	重庆	18	120499	2762	142	70
20200219	陕西	35	151186	7628	447	43
20200219	青海	2	21361	1007	52	23
20200219	黑龙江	20	78912	3524	203	30
20200220		2	239248	5432	142	123
20200220	Tokyo Prefecture	1	8	1	0	1
20200220	上海	18	23208645	885072	24428	19326
20200220	云南	10	1054141	57355	2388	115
20200220	京畿道	1	1771	40	1	2
20200220	内蒙古	10	2416	84	4	1
20200220	北京	52	20978703	574971	18037	6290
20200220	吉林	6	21745	450	42	9
20200220	四川	32	8235652	516718	17192	3233
20200220	天津	11	36009	861	61	26
20200220	宁夏	11	1051527	48115	1565	357
20200220	安徽	36	2156097	59327	2956	317
20200220	山东	72	4927291	126775	2501	429
20200220	山西	21	97001	7552	592	27
20200220	广东	50	1394861	61642	1317	441
20200220	广西	15	6526	217	58	1
20200220	新疆	17	2862320	150321	5044	528
20200220	江苏	56	979354	56697	1801	298
20200220	江西	24	1908581	119928	7114	436
20200220	河北	41	3126967	77994	2259	307
20200220	河南	95	1609197	97828	4648	632
20200220	浙江	29	507085	10357	396	53
20200220	海南	9	290867	8714	121	29
20200220	湖北	357	16145538	786720	32714	4909
20200220	湖南	38	19861767	697557	22470	6880
20200220	甘肃	16	521271	37132	1852	173
20200220	福建	21	806178	28070	2701	239
20200220	贵州	9	525904	16935	704	85
20200220	辽宁	21	3680787	184090	7434	790
20200220	重庆	14	7725	165	12	2
20200220	陕西	30	257575	7217	344	105
20200220	青海	2	610	23	2	3
20200220	黑龙江	7	899	39	2	1
20200221		4	46706	1242	47	17
20200221	Phnom Penh	1	247	67	5	0
20200221	上海	12	322359	4454	252	44
20200221	云南	4	1717	26	0	0
20200221	内蒙古	7	182524	4361	188	16
20200221	北京	35	11426845	533681	11118	2087
20200221	吉林	3	13536	233	9	1
20200221	四川	30	808087	28180	1209	147
20200221	天津	10	28727	415	48	29
20200221	宁夏	10	285812	4817	213	25
20200221	安徽	40	556396	14820	625	143
20200221	山东	73	16107553	661084	25438	7580
20200221	山西	21	178469	4671	180	32
20200221	广东	40	788674	7401	303	85
20200221	广西	8	1664	59	8	0
20200221	新疆	11	453521	23631	1009	65
20200221	江苏	42	609804	18301	644	153
20200221	江西	13	139757	2107	97	20
20200221	河北	60	171664	7470	234	96
20200221	河南	61	5113963	340931	11453	539
20200221	浙江	15	439883	13236	345	53
20200221	海南	3	7628341	417101	9540	747
20200221	湖北	308	55234940	2093805	99442	41129
20200221	湖南	31	2614511	202462	3472	1203
20200221	甘肃	12	67352	3303	131	11
20200221	福建	17	2319146	118336	4467	1000
20200221	贵州	14	70656	1529	75	38
20200221	辽宁	16	444525	8850	282	16
20200221	重庆	8	24335	1673	286	17
20200221	陕西	25	89822	4009	243	44
20200221	青海	1	6350	242	20	9
20200221	香港	1	3838	67	1	1
20200221	黑龙江	9	16722877	522294	30494	2242
20200222		6	240522	2245	68	49
20200222	North East	1	12	2	0	0
20200222	上海	14	661106	17986	407	163
20200222	云南	16	459248	3246	72	69
20200222	光州广域市	1	1468	21	0	4
20200222	内蒙古	3	49174	731	72	78
20200222	北京	33	822994	13673	801	525
20200222	吉林	15	19144	295	38	19
20200222	四川	53	151325	5384	240	180
20200222	天津	5	758	30	5	0
20200222	宁夏	5	63522	3055	111	11
20200222	安徽	39	871172	28293	1456	166
20200222	山东	67	267900	20996	349	27
20200222	山西	13	164840	11296	610	104
20200222	广东	21	108866	6990	231	19
20200222	广西	12	185786	7899	218	20
20200222	新疆	13	1824041	83383	3947	256
20200222	江苏	38	1112046	66435	2860	394
20200222	江西	12	533260	59135	4097	69
20200222	河北	48	51027	1485	186	39
20200222	河南	59	1273987	28105	1362	178
20200222	浙江	22	74366	6381	103	10
20200222	海南	8	93455	2190	72	7
20200222	湖北	231	15058119	524223	22531	3892
20200222	湖南	19	98205	3539	135	32
20200222	甘肃	12	687496	30063	1872	157
20200222	福岛县	1	73446	3081	107	26
20200222	福建	16	114639	4604	254	34
20200222	贵州	9	72257	1561	77	8
20200222	辽宁	32	106047	4643	363	33
20200222	重庆	11	108830	3613	130	32
20200222	陕西	13	56859	1166	76	16
20200222	黑龙江	9	561481	1608	429	79
20200223		7	74968	1783	58	147
20200223	上海	8	32051	195	15	9
20200223	云南	9	13205	247	11	9
20200223	光州广域市	1	6	1	0	0
20200223	内蒙古	2	2	1	0	0
20200223	北京	21	3024130	224080	5901	643
20200223	吉林	12	19303	252	15	9
20200223	四川	9	3804	100	12	4
20200223	天津	7	641481	8055	344	68
20200223	宁夏	2	49734	4598	206	9
20200223	安大略	1	38	1	1	3
20200223	安徽	28	587948	6452	204	48
20200223	山东	44	1998429	56289	2003	147
20200223	山西	15	1464165	74034	4710	589
20200223	广东	35	160389	12488	1018	97
20200223	广西	3	616	30	0	0
20200223	新疆	12	3823432	159588	2126	338
20200223	江苏	29	496028	23255	722	61
20200223	江西	9	1763330	35232	377	77
20200223	河北	25	2770480	120672	1826	216
20200223	河南	34	416494	11154	367	164
20200223	浙江	16	854114	52754	1485	216
20200223	海南	1	33763	468	32	2
20200223	湖北	221	4751980	236323	13443	1300
20200223	湖南	21	1846205	57697	1108	110
20200223	甘肃	8	246194	20040	1043	83
20200223	福建	17	114809	1919	68	4
20200223	贵州	9	155068	8998	307	36
20200223	辽宁	12	2711203	145596	11263	1061
20200223	重庆	6	22307	883	20	10
20200223	陕西	7	54413	3621	153	13
20200223	青海	1	66	2	0	0
20200223	黑龙江	7	3275	15	1	0
20200224		6	100065	18213	68	9
20200224	Chungcheongbuk-do	1	20	1	0	0
20200224	上海	4	932496	17640	778	83
20200224	云南	8	3431	211	20	1
20200224	内蒙古	7	1650	21	8	0
20200224	北京	29	3443246	122514	3330	662
20200224	吉林	7	1279447	68271	2810	1217
20200224	四川	19	272690	10469	640	190
20200224	天津	4	23064	1032	50	8
20200224	宁夏	3	110055	10828	874	157
20200224	安大略	1	132	0	0	0
20200224	安徽	27	509945	18357	411	45
20200224	山东	41	682171	30479	571	60
20200224	山西	25	3194655	178063	13784	2114
20200224	广东	38	1516212	53917	681	123
20200224	广西	2	29164	331	11	10
20200224	新疆	10	1821176	127531	6219	1887
20200224	江苏	13	60569	1855	67	10
20200224	江西	7	69974	560	6	6
20200224	河北	29	4909458	296467	6797	388
20200224	河南	27	600819	12819	620	70
20200224	浙江	9	41054	2801	99	8
20200224	海南	4	551708	20728	372	68
20200224	湖北	219	14250818	991290	41140	3104
20200224	湖南	20	537844	42940	1132	52
20200224	甘肃	7	35773	1752	289	35
20200224	福建	16	25270	605	35	5
20200224	贵州	6	99657	894	42	16
20200224	辽宁	13	23720	1873	48	13
20200224	重庆	4	668	110	8	0
20200224	陕西	9	61959	2115	55	12
20200224	黑龙江	9	739761	17237	686	167
20200225		2	21122	736	38	55
20200225	上海	3	106984	1302	54	9
20200225	云南	1	1	1	0	0
20200225	内蒙古	6	13178	378	38	24
20200225	北京	30	1183508	18255	481	97
20200225	吉林	5	317117	13354	324	35
20200225	四川	17	8032	333	27	5
20200225	天津	3	914098	36788	1326	902
20200225	宁夏	2	32428	4079	176	27
20200225	安徽	31	1919464	115991	5341	452
20200225	山东	38	1908065	43690	1197	262
20200225	山西	13	295190	15356	749	83
20200225	广东	19	115114	6242	252	70
20200225	广西	2	78907	11513	489	13
20200225	新疆	11	743251	16610	423	184
20200225	江苏	17	166674	5804	234	29
20200225	江西	7	2788	142	9	0
20200225	河北	26	1935292	82349	2690	1033
20200225	河南	35	21030585	1108593	39841	6327
20200225	浙江	8	4154500	353921	4167	270
20200225	湖北	157	6831563	419869	21531	2269
20200225	湖南	18	212289	7607	214	24
20200225	甘肃	12	391330	19009	905	161
20200225	福建	8	103290	4591	196	15
20200225	贵州	5	296868	15627	551	66
20200225	辽宁	9	22156	511	28	12
20200225	重庆	9	56784	2533	203	36
20200225	陕西	16	27811	1354	63	7
20200225	黑龙江	11	797285	23637	412	90
20200226		1	474389	39579	1190	316
20200226	上海	15	492401	6084	217	43
20200226	云南	8	77240	6637	210	8
20200226	内蒙古	6	212807	4557	89	37
20200226	北京	22	3014246	172200	6926	855
20200226	吉林	9	19065	66	6	17
20200226	四川	23	20970936	1329707	31807	2371
20200226	天津	12	209015	7034	334	254
20200226	宁夏	2	2932	66	1	0
20200226	安徽	28	973231	60716	1072	89
20200226	山东	33	7259049	404087	17595	2781
20200226	山西	12	28284	927	55	13
20200226	广东	18	468874	18805	545	274
20200226	广西	14	1617533	95543	7765	922
20200226	新疆	5	1251792	80568	1304	150
20200226	江苏	26	6395728	237919	9983	1398
20200226	江西	6	166482	939	18	18
20200226	河北	30	287786	7634	878	67
20200226	河南	39	2968272	198522	5551	482
20200226	浙江	8	157607	9326	193	24
20200226	海南	1	831	10	0	0
20200226	湖北	165	6424097	310145	21409	1907
20200226	湖南	22	4911131	360799	5660	734
20200226	甘肃	15	433015	8329	176	19
20200226	福建	9	997818	36047	1389	170
20200226	英格兰	1	52	0	1	0
20200226	贵州	4	75642	3201	64	27
20200226	辽宁	9	41431	849	47	7
20200226	重庆	5	70846	5221	196	8
20200226	陕西	7	68553	3470	302	56
20200226	青海	4	12261	60	0	2
20200226	黑龙江	10	7245963	144950	1186	252
20200227		3	278716	8401	383	62
20200227	上海	8	18674	609	24	1
20200227	云南	4	50958	1625	50	9
20200227	内蒙古	4	5119	82	3	0
20200227	北京	28	44657832	1401817	118708	6006
20200227	吉林	5	23925	2298	45	1
20200227	四川	13	3427074	165424	6636	394
20200227	天津	8	17183	412	64	11
20200227	宁夏	5	100884	3172	151	13
20200227	安徽	38	11771502	409932	51106	1804
20200227	山东	73	4462219	248392	8328	734
20200227	山西	11	73716	5324	139	16
20200227	广东	34	548503	7350	287	59
20200227	广西	8	4870	120	10	0
20200227	新疆	5	40967	1545	79	17
20200227	江苏	32	2307208	104389	5913	568
20200227	江西	9	1207798	54921	1296	156
20200227	河北	38	193943	6436	1312	130
20200227	河南	28	1366031	52030	3188	285
20200227	浙江	15	732630	15829	1073	127
20200227	海南	5	14641	778	70	13
20200227	湖北	153	4694411	253263	17669	1418
20200227	湖南	22	2068201	60773	2752	494
20200227	甘肃	15	413047	19786	675	36
20200227	福建	10	61555	1719	65	14
20200227	贵州	7	63675	2306	186	3
20200227	辽宁	11	31957	1538	72	8
20200227	重庆	9	619304	24712	1751	84
20200227	陕西	8	13531	672	41	5
20200227	黑龙江	13	179005	7989	467	99
20200228		6	794598	16760	397	176
20200228	Kanagawa	1	34	1	0	0
20200228	上海	5	96088	2769	100	18
20200228	云南	4	138697	1737	134	523
20200228	内蒙古	5	58030	1931	75	16
20200228	加利福尼亚州	1	14991414	546765	42540	30653
20200228	北京	26	4673892	202785	7715	669
20200228	吉林	3	38004	339	19	1
20200228	四川	22	3126126	118419	1823	276
20200228	天津	4	22145	522	81	21
20200228	宁夏	3	89534	12145	554	30
20200228	安徽	47	4121806	157371	4395	372
20200228	山东	36	683648	10586	643	90
20200228	山西	16	8164832	442701	15633	900
20200228	广东	41	492975	6454	454	93
20200228	广西	12	74551	2282	103	37
20200228	新疆	10	1961147	118868	3543	287
20200228	江苏	24	368882	17708	1624	194
20200228	江西	18	1212546	27908	235	19
20200228	河北	23	510242	20898	1273	171
20200228	河南	17	436051	10791	759	168
20200228	浙江	6	11418	1201	6	3
20200228	海南	2	290	6	1	0
20200228	湖北	156	5160085	250237	16495	1784
20200228	湖南	26	7009456	311613	5866	352
20200228	甘肃	11	40706	1271	50	5
20200228	福建	12	89030	1773	60	5
20200228	贵州	13	1001846	76832	3375	144
20200228	辽宁	9	258553	3730	174	40
20200228	重庆	2	421003	26159	1246	114
20200228	陕西	28	474772	23182	2423	245
20200228	香港	1	61	2	0	0
20200228	黑龙江	13	1140893	55468	2479	624
20200229		2	5053	95	1	0
20200229	上海	9	1003346	28959	1319	256
20200229	云南	3	1263878	165619	2004	383
20200229	内蒙古	5	12758	337	10	3
20200229	北京	9	392854	6819	139	8
20200229	台湾	1	1566	150	5	1
20200229	吉林	5	1538	77	2	1
20200229	四川	21	6433446	378227	8531	558
20200229	天津	7	1066078	77859	4339	338
20200229	宁夏	5	959291	98257	6458	474
20200229	安徽	24	1882306	61946	1399	162
20200229	山东	52	18840849	1011040	18830	1992
20200229	山西	14	16842910	621644	41994	6420
20200229	广东	33	812462	36289	1618	415
20200229	广西	12	198592	5670	242	32
20200229	新疆	4	55222	1686	181	23
20200229	江苏	35	7985482	282524	14720	2148
20200229	江西	19	1070774	27399	443	45
20200229	河北	49	5646586	331804	10437	1810
20200229	河南	50	26314878	1622646	50852	6247
20200229	浙江	12	22774	1379	58	6
20200229	湖北	178	27374197	621569	31137	9386
20200229	湖南	17	778567	12982	386	51
20200229	甘肃	6	77271	3942	177	23
20200229	福建	9	237137	13723	484	152
20200229	贵州	5	193174	6212	139	26
20200229	辽宁	14	7606633	50270	916	398
20200229	重庆	5	204914	4042	81	12
20200229	陕西	26	2177887	84928	4297	317
20200229	香港	1	28508	794	36	34
20200229	黑龙江	11	29170	4062	132	36
20200301		15	1622525	15042	622	154
20200301	上海	10	740099	7582	189	50
20200301	云南	7	519997	7274	203	25
20200301	内蒙古	20	743224	14512	865	134
20200301	北京	39	7525757	138616	4861	908
20200301	吉林	16	72867	2019	115	8
20200301	四川	34	1166914	20381	642	176
20200301	天津	9	323976	15243	360	56
20200301	宁夏	5	307139	8786	277	55
20200301	安大略	1	39	7	1	0
20200301	安徽	64	5567651	112971	4495	754
20200301	山东	69	8314580	203750	5981	921
20200301	山西	34	14321366	594655	15538	1634
20200301	广东	54	4289555	107862	7117	831
20200301	广西	6	236866	3927	95	13
20200301	新疆	10	426998	7022	296	54
20200301	江苏	47	14241898	967663	35303	6898
20200301	江西	36	2445711	86793	2522	734
20200301	河北	64	9597497	234113	7922	1731
20200301	河南	77	4039652	118297	3818	414
20200301	浙江	17	142486	4074	244	32
20200301	海南	4	18297	742	54	10
20200301	湖北	278	11647332	353407	11157	1944
20200301	湖南	16	2236111	13253	586	258
20200301	甘肃	13	172625	7764	592	32
20200301	福建	21	1014813	10424	764	68
20200301	贵州	13	1062194	27665	1216	215
20200301	辽宁	36	783328	21483	894	103
20200301	重庆	10	68579	2771	209	3
20200301	陕西	29	3175519	157428	1708	192
20200301	首尔特别市	1	5412	39	6	0
20200301	黑龙江	16	652100	21112	1199	247
20200302		3	854464	33067	1071	210
20200302	上海	13	972325	22247	618	62
20200302	云南	6	34486	3199	160	5
20200302	内蒙古	12	1258764	79787	2262	240
20200302	北京	42	9633339	192419	7024	1041
20200302	吉林	11	12910	891	39	3
20200302	四川	24	32969	1385	121	8
20200302	天津	5	989	160	3	0
20200302	宁夏	3	35432	2006	58	9
20200302	安徽	36	512573	33370	582	180
20200302	山东	59	1699212	16846	621	161
20200302	山西	31	760447	40065	1810	178
20200302	广东	54	750769	22366	432	81
20200302	广西	4	65175	1042	36	6
20200302	新疆	11	3077266	222545	6972	404
20200302	江苏	45	4778423	192391	6885	694
20200302	江西	20	103888	4106	146	18
20200302	河北	50	196526	4558	215	43
20200302	河南	75	2207295	26753	792	203
20200302	浙江	23	8344	506	24	0
20200302	海南	2	15279	293	13	1
20200302	湖北	164	25859965	1209565	78007	12500
20200302	湖南	38	2446776	148785	1749	262
20200302	甘肃	22	82867	1530	93	14
20200302	福建	24	399457	12660	964	47
20200302	西藏	1	6	1	0	0
20200302	贵州	12	49522	1525	36	5
20200302	辽宁	25	91987	4825	204	29
20200302	重庆	12	3917	264	25	1
20200302	陕西	28	135108	9288	363	71
20200302	黑龙江	31	935506	62505	1992	327
20200303		2	346831	12693	440	169
20200303	上海	15	228811	6361	302	102
20200303	云南	8	47616	1714	80	18
20200303	内蒙古	21	102880	3679	91	30
20200303	北京	30	20127244	1170603	33701	10004
20200303	吉林	20	89592	2959	104	19
20200303	四川	17	22038	511	22	31
20200303	天津	6	6403	101	6	1
20200303	宁夏	7	437011	16694	591	82
20200303	安徽	31	1278310	18179	464	109
20200303	山东	70	2418936	28368	889	368
20200303	山西	13	53307	3439	197	31
20200303	广东	26	251846	14871	688	81
20200303	广西	8	1955602	101486	13275	632
20200303	新疆	9	296824	6497	247	28
20200303	江苏	49	203773	6851	1318	34
20200303	江西	9	45643	1349	63	4
20200303	河北	46	627591	18178	1768	89
20200303	河南	35	548110	5192	270	58
20200303	浙江	9	9332855	506651	22839	4907
20200303	海南	6	2072	48	4	0
20200303	湖北	161	6448057	369116	13020	2080
20200303	湖南	17	769595	16134	1253	171
20200303	甘肃	11	14632	238	5	8
20200303	福建	11	122522	2629	18	7
20200303	贵州	10	414179	39344	2013	94
20200303	辽宁	38	10031558	316298	11392	2626
20200303	重庆	2	13784	1103	151	4
20200303	陕西	23	694616	38817	1395	294
20200303	黑龙江	43	51514	2065	365	29
20200304		4	1613854	43483	404	103
20200304	上海	5	287	6	1	0
20200304	云南	5	70176	3882	266	4
20200304	内蒙古	10	112505	3057	185	16
20200304	北京	28	2165082	82593	1960	396
20200304	吉林	6	21935	1009	50	13
20200304	四川	14	7748398	305072	7070	769
20200304	天津	1	0	0	0	0
20200304	宁夏	4	65026	1362	43	1
20200304	安徽	25	2704164	146551	6624	567
20200304	山东	33	4915754	269670	7925	6592
20200304	山西	6	35719	1857	90	10
20200304	广东	27	1016161	24531	366	61
20200304	广西	7	37615	1346	72	13
20200304	新疆	8	343115	6728	163	43
20200304	江苏	36	1246898	43790	4031	356
20200304	江西	16	160998	8294	377	29
20200304	河北	31	1242937	51117	1506	190
20200304	河南	36	960989	21546	594	158
20200304	浙江	14	4637239	16812	451	640
20200304	海南	1	2	0	0	0
20200304	湖北	164	20259021	1059121	62372	5378
20200304	湖南	26	4052089	134056	2207	587
20200304	甘肃	10	160838	8683	250	21
20200304	福建	13	209579	5360	142	19
20200304	贵州	10	164922	9040	211	32
20200304	辽宁	17	305214	8038	175	22
20200304	重庆	7	19241	1524	63	6
20200304	陕西	18	73085	2207	199	43
20200304	青海	3	168	13	5	0
20200304	黑龙江	19	331636	13544	750	222
20200305		1	5707	108	4	15
20200305	Dubai	3	8	1	0	0
20200305	State of New South Wales	1	11076	118	8	2
20200305	上海	15	445356	1443	119	36
20200305	云南	2	7	1	0	0
20200305	内蒙古	8	96556	811	42	26
20200305	北京	26	1900998	34134	1331	437
20200305	吉林	12	146995	1458	49	36
20200305	四川	29	26445030	232610	6591	9498
20200305	天津	4	2299	134	3	2
20200305	宁夏	2	1528	89	2	1
20200305	安徽	34	3187654	55390	2402	2976
20200305	山东	60	899378	20495	674	258
20200305	山西	8	458429	31555	853	82
20200305	广东	29	1996749	68503	1326	459
20200305	广西	10	1015988	100803	2308	301
20200305	新疆	5	12708	601	25	1
20200305	江苏	59	758690	14301	906	151
20200305	江西	13	129393	2048	157	52
20200305	河北	48	1748457	14099	666	332
20200305	河南	79	166157315	2669112	124210	363807
20200305	浙江	18	2830	252	8	1
20200305	海南	4	9965	366	65	7
20200305	湖北	167	3846560	167198	12509	867
20200305	湖南	15	3153981	107704	2233	308
20200305	甘肃	11	24119	647	32	5
20200305	福建	15	696867	12263	507	453
20200305	贵州	15	671859	35175	2113	339
20200305	辽宁	12	311210	2390	105	97
20200305	重庆	9	184657	1442	76	7
20200305	陕西	31	309217	6932	850	149
20200305	青海	1	2	0	0	0
20200305	黑龙江	18	248933	13324	258	46
20200306	North Bačka	2	8	0	0	0
20200306	上海	14	1042495	45979	1423	306
20200306	云南	6	190882	11536	366	18
20200306	内蒙古	10	644143	73104	4129	466
20200306	北京	35	4102295	135496	4474	775
20200306	吉林	11	92119	7275	230	14
20200306	四川	12	41324	1134	38	13
20200306	天津	3	1920	85	26	0
20200306	安徽	19	4267165	69062	1950	1161
20200306	山东	46	795948	26650	714	128
20200306	山西	14	346623	11765	443	73
20200306	巴伐利亚	1	19	2	0	0
20200306	广东	31	103417	3559	101	19
20200306	广西	12	551271	8653	423	59
20200306	新疆	1	72685	3491	58	6
20200306	江苏	26	203178	9247	253	93
20200306	江西	16	159595	4773	227	29
20200306	河北	29	2829606	20653	648	896
20200306	河南	40	953104	26358	901	287
20200306	浙江	14	36194	1823	74	12
20200306	湖北	140	6812959	317829	13094	2649
20200306	湖南	11	20807	640	47	5
20200306	甘肃	9	476220	22358	748	95
20200306	福建	15	756447	30246	763	84
20200306	贵州	5	64705	4688	185	23
20200306	辽宁	21	3935530	204108	6557	770
20200306	重庆	4	7068	260	10	4
20200306	陕西	13	305432	16494	680	91
20200306	黑龙江	10	2899	252	9	0
20200307		3	154601	3299	71	18
20200307	上海	6	132198	2755	171	18
20200307	云南	3	179	9	0	1
20200307	内蒙古	17	97501	3080	174	26
20200307	北京	23	6273753	125574	4365	529
20200307	吉林	6	7998	165	10	0
20200307	四川	10	15437	488	12	5
20200307	天津	6	1693	140	2	1
20200307	宁夏	4	616786	79609	1863	131
20200307	安徽	19	314621	15968	483	46
20200307	山东	28	2591291	78207	3611	487
20200307	山西	19	203700	5490	289	48
20200307	广东	23	282999	8114	266	33
20200307	广西	2	161194	9146	146	38
20200307	新疆	7	98156	1685	68	7
20200307	江苏	29	62330	2191	91	12
20200307	江西	10	1535195	38972	450	74
20200307	河北	22	862025	44457	923	85
20200307	河南	21	120169	2003	86	16
20200307	浙江	13	1475779	15834	7345	181
20200307	海南	3	58819	3433	90	7
20200307	湖北	158	26119785	1426534	54869	8374
20200307	湖南	10	64040	3680	121	22
20200307	甘肃	15	383032	23654	619	96
20200307	福建	4	3583	42	16	6
20200307	贵州	14	72267	2688	107	13
20200307	辽宁	9	183378	1506	75	9
20200307	重庆	7	135119	1874	112	14
20200307	陕西	17	718986	23348	793	63
20200307	青海	4	57035	2608	90	19
20200307	黑龙江	14	123738	582	15	2
20200308		3	72569	3026	124	23
20200308	上海	12	400994	19049	405	65
20200308	云南	4	3940	346	12	0
20200308	内蒙古	9	1032721	136901	4684	230
20200308	北京	20	48093866	1780548	36478	8032
20200308	吉林	10	12585	521	20	4
20200308	四川	6	26489	1253	51	4
20200308	天津	4	2732	97	27	9
20200308	宁夏	3	674	28	2	0
20200308	安徽	61	1807843	74958	3168	415
20200308	山东	38	1557828	31612	1008	120
20200308	山西	7	49765	1374	43	9
20200308	广东	52	13909231	282541	7556	1072
20200308	广西	5	26801	410	10	4
20200308	新疆	4	120092	7931	333	19
20200308	江苏	32	2262049	187213	15686	862
20200308	江西	15	3119727	33619	525	211
20200308	河北	55	13503828	389767	15107	1414
20200308	河南	33	4460542	30931	1167	370
20200308	浙江	4	99587	1750	85	25
20200308	海南	3	7157	82	6	2
20200308	湖北	248	82433395	2326487	76440	11727
20200308	湖南	20	879690	23206	433	78
20200308	甘肃	5	34767	726	21	9
20200308	福建	11	48367	2629	100	10
20200308	西藏	1	13600	114	2	0
20200308	贵州	15	1234849	66923	1462	115
20200308	辽宁	19	353762	6976	413	53
20200308	重庆	3	1170	90	7	0
20200308	陕西	15	121154	4382	111	14
20200308	青海	1	84	9	0	0
20200308	黑龙江	22	117294	3043	219	41
20200309		5	45490	1467	61	21
20200309	Bangkok	2	14588	18	1	0
20200309	上海	14	542025	6141	87	42
20200309	云南	10	658902	25834	640	106
20200309	内蒙古	12	323848	1350	80	15
20200309	北京	65	14920294	479935	17250	3467
20200309	吉林	23	67546	1666	63	8
20200309	四川	35	512699	13265	522	42
20200309	天津	9	7233	283	35	5
20200309	宁夏	5	2820888	170866	5026	438
20200309	安徽	41	2008282	73804	3014	572
20200309	山东	72	4355130	90385	1979	296
20200309	山西	19	512157	40375	2995	100
20200309	广东	43	7524005	185491	6261	405
20200309	广西	12	128039	6877	305	18
20200309	新疆	12	76628	1464	95	16
20200309	江苏	47	5404550	74568	3561	856
20200309	江西	28	16195812	302061	82986	1814
20200309	河北	85	1766905	82306	2427	257
20200309	河南	143	2887704	80447	3894	453
20200309	浙江	26	121123	4557	104	24
20200309	海南	17	1813084	92843	5373	1081
20200309	湖北	366	28687673	804615	43604	56596
20200309	湖南	28	821002	10794	510	80
20200309	甘肃	21	2764579	200924	9426	534
20200309	福建	21	331213	12937	225	25
20200309	贵州	29	1354723	74833	2061	176
20200309	辽宁	32	1338618	20384	686	149
20200309	重庆	7	64498	4343	92	14
20200309	陕西	30	1018194	40907	1297	84
20200309	香港	1	3264	144	6	2
20200309	黑龙江	36	120077	1146	68	9
20200310		10	218380	4771	105	25
20200310	Bangkok	2	26	1	0	0
20200310	上海	50	2872379	50468	1463	484
20200310	云南	18	700800	14541	404	110
20200310	内蒙古	36	238474	10191	525	114
20200310	北京	119	51099861	1527309	48392	17329
20200310	吉林	29	432819	13053	1170	138
20200310	四川	94	2005682	64370	2617	351
20200310	天津	18	192435	5607	327	66
20200310	宁夏	9	688782	42358	3099	580
20200310	安徽	56	2212394	83121	2634	2201
20200310	山东	175	5453591	96902	5171	1356
20200310	山西	46	945372	16429	903	150
20200310	广东	146	4677750	224524	9699	6164
20200310	广西	53	11975756	910333	32019	1708
20200310	新疆	21	8776402	131409	2977	3133
20200310	江苏	106	3072786	183289	9885	1745
20200310	江西	97	5594614	48242	1837	768
20200310	河北	165	8378150	327390	10133	2674
20200310	河南	182	2878956	91225	3401	469
20200310	浙江	52	181190	10728	449	28
20200310	海南	14	261898	2603	203	36
20200310	湖北	656	57178633	4391325	315070	41708
20200310	湖南	81	4433395	73091	2074	1144
20200310	甘肃	36	100803	3312	133	36
20200310	福建	39	209277	3047	147	27
20200310	贵州	53	773890	18989	669	183
20200310	辽宁	78	675957	24206	1497	266
20200310	重庆	17	52660	914	26	11
20200310	陕西	44	226858	8930	265	57
20200310	青海	8	15913	536	46	2
20200310	香港	1	1427	66	2	1
20200310	黑龙江	61	438321	4026	283	74
20200311		12	1709781	87718	3673	429
20200311	Canton de Berne	1	1	1	0	0
20200311	Central Singapore Community Development Council	2	29	1	0	0
20200311	Dubai	1	148	16	0	1
20200311	Jeollanam-do	1	628	51	17	1
20200311	Phnom Penh	3	26	0	0	0
20200311	State of New South Wales	1	129	5	0	0
20200311	State of Queensland	1	0	0	0	0
20200311	West	1	1	0	0	0
20200311	上海	50	685221	8455	571	110
20200311	云南	14	43520	4476	320	20
20200311	内蒙古	25	89321	1166	175	6
20200311	北京	101	3570489	89582	4767	871
20200311	台湾	1	497	0	0	0
20200311	吉林	42	21410	1122	65	3
20200311	四川	81	7077857	423667	7931	436
20200311	天津	19	8345	583	61	7
20200311	宁夏	8	8240	555	12	4
20200311	安大略	1	903	22	2	0
20200311	安徽	70	408780	17952	736	77
20200311	山东	160	13796811	712309	36413	1915
20200311	山西	75	1137544	17216	1019	86
20200311	广东	136	11229759	631119	47114	7669
20200311	广西	29	345913	18839	1188	136
20200311	新疆	18	134540	4635	136	59
20200311	江苏	119	1617524	107275	3327	505
20200311	江西	73	913416	29886	942	439
20200311	河北	177	434093	17593	1420	162
20200311	河南	193	2761582	108809	20773	591
20200311	浙江	71	119091	4318	302	28
20200311	海南	6	485	15	5	0
20200311	湖北	330	1738884	54969	3920	288
20200311	湖南	72	3432387	132645	4619	476
20200311	甘肃	33	2129717	93671	30071	942
20200311	福建	60	745851	33640	2857	398
20200311	西藏	3	2969	465	57	1
20200311	贵州	44	2335950	114121	9587	943
20200311	辽宁	106	226979	4027	280	20
20200311	重庆	20	6457	706	94	0
20200311	陕西	59	81985	4063	412	47
20200311	青海	3	31042	164	5	0
20200311	香港	1	8	2	0	0
20200311	黑龙江	106	52792	2916	174	33
20200312		2	3579	149	3	0
20200312	West	2	40	3	2	0
20200312	上海	25	57524	2530	104	16
20200312	云南	13	3869	138	7	0
20200312	佛罗里达州	1	3049	203	30	0
20200312	内蒙古	24	2821	79	5	1
20200312	北京	49	56693	3373	236	25
20200312	吉林	43	1069	121	29	4
20200312	四川	46	93420	2293	237	7
20200312	天津	20	486400	37098	1556	516
20200312	宁夏	3	327	19	2	0
20200312	安徽	41	96096	1515	74	9
20200312	山东	118	117428	4236	239	39
20200312	山西	39	1241	95	24	1
20200312	广东	104	134760	5426	381	47
20200312	广西	29	121842	4445	285	17
20200312	新疆	9	12881	411	14	2
20200312	江苏	56	608057	10729	375	58
20200312	江西	32	925007	11860	480	34
20200312	河北	96	1949941	101044	9811	1164
20200312	河南	71	533482	10437	316	62
20200312	浙江	48	66818	4229	492	91
20200312	海南	3	19440	1044	14	0
20200312	湖北	168	1479090	16382	1375	132
20200312	湖南	76	146743	5067	166	9
20200312	甘肃	21	194105	5793	223	16
20200312	福建	27	27751	314	61	3
20200312	西藏	1	410	53	16	0
20200312	贵州	19	12439361	231693	4771	1628
20200312	辽宁	57	131354	4147	238	29
20200312	重庆	16	150188	8462	395	42
20200312	陕西	42	163642	6863	476	33
20200312	青海	4	25815	617	10	1
20200312	黑龙江	105	58771	1787	88	25
20200313		3	2950	35	1	0
20200313	上海	9	293	8	1	0
20200313	云南	7	292	12	3	1
20200313	内蒙古	12	104	8	0	0
20200313	北京	18	11036728	417905	9559	442
20200313	吉林	20	6062	345	12	1
20200313	四川	12	276	12	3	2
20200313	天津	5	53	5	0	0
20200313	宁夏	2	26	3	0	0
20200313	安徽	25	3374318	59221	2161	254
20200313	山东	48	1354	155	43	1
20200313	山西	16	18082	694	30	4
20200313	广东	36	217132	5622	156	19
20200313	广西	17	13956	473	22	4
20200313	拉齐奥	1	3	0	0	0
20200313	新疆	4	1666	69	4	0
20200313	江苏	43	290321	5903	187	29
20200313	江西	21	2110	79	3	2
20200313	河北	53	182456	6709	711	95
20200313	河南	53	100561	2502	74	12
20200313	浙江	22	1847	43	1	0
20200313	海南	1	1	1	0	0
20200313	湖北	94	498039	13096	957	85
20200313	湖南	40	81492	1006	64	9
20200313	澳门	1	12	1	0	0
20200313	甘肃	13	2472	491	68	5
20200313	福建	10	1589	163	9	4
20200313	贵州	12	2631	130	2	0
20200313	辽宁	20	1846	74	12	3
20200313	重庆	8	139	40	1	0
20200313	陕西	14	16349	313	16	4
20200313	黑龙江	39	1721	45	0	0
20200314	上海	6	856	7	0	1
20200314	云南	2	2240	89	5	0
20200314	内蒙古	9	897097	23739	812	51
20200314	加利福尼亚州	1	54	5	0	1
20200314	北京	8	158572	928	64	4
20200314	吉林	7	1606	194	5	1
20200314	四川	12	24497	168	18	1
20200314	天津	4	2280	50	6	1
20200314	安徽	10	107511	2676	106	4
20200314	山东	26	1297886	8846	241	40
20200314	山西	3	36497	416	22	6
20200314	广东	16	115104	2776	196	22
20200314	广西	9	15477	1184	44	3
20200314	新疆	7	12128	1025	43	4
20200314	江苏	19	38019	1238	55	5
20200314	江西	14	10928	461	9	1
20200314	河北	42	2625939	46762	2760	402
20200314	河南	31	61318	1493	45	6
20200314	浙江	19	56035	1390	82	8
20200314	湖北	88	671568	44560	2288	108
20200314	湖南	12	22723	1909	42	3
20200314	甘肃	11	19004	1493	26	3
20200314	福建	15	212180	3439	101	21
20200314	贵州	5	48	4	0	0
20200314	辽宁	21	43058	1180	27	3
20200314	重庆	4	11255	519	20	7
20200314	陕西	12	1841	127	8	2
20200314	黑龙江	27	22297	788	68	10
20200315		1	13386	94	1	1
20200315	Tokyo Prefecture	1	2	0	0	0
20200315	上海	5	32	5	0	0
20200315	不列颠哥伦比亚	1	8	0	0	0
20200315	云南	5	1025	73	2	0
20200315	内蒙古	8	367360	1808	179	20
20200315	加利福尼亚州	1	212	4	3	0
20200315	北京	18	107000	4918	2837	441
20200315	吉林	5	12	1	0	0
20200315	四川	8	321	32	2	1
20200315	天津	4	226	13	0	0
20200315	宁夏	1	3	1	0	0
20200315	安徽	4	24	4	0	0
20200315	山东	31	216866	10720	436	26
20200315	山西	8	132	20	1	0
20200315	广东	18	74068	1151	111	14
20200315	广西	6	3361	227	5	0
20200315	新疆	3	14187	593	45	5
20200315	江苏	16	1238	59	4	2
20200315	江西	9	54406	5265	106	7
20200315	河北	27	4210	197	25	5
20200315	河南	32	1265414	18519	1987	204
20200315	浙江	12	736	24	2	1
20200315	海南	2	1755	7	0	0
20200315	湖北	74	209435	13617	1223	122
20200315	湖南	7	47847	434	53	4
20200315	甘肃	1	11568	213	9	0
20200315	福建	10	9313502	319475	16408	1012
20200315	莫斯科州	1	15	0	0	1
20200315	贵州	5	1153	6	1	0
20200315	辽宁	18	602	14	1	6
20200315	重庆	3	12	2	0	0
20200315	陕西	9	177856	1088	42	4
20200315	青海	1	0	0	0	0
20200315	香港	2	52283	4740	1050	13
20200315	黑龙江	22	1261	90	17	2
