20200101		14	1163	14	0	0
20200101	Province of Cebu	1	11686	115	24	2
20200101	上海	1	2	1	0	0
20200101	云南	5	28101	153	16	1
20200101	北京	3	2152	60	9	0
20200101	四川	6	17919	450	66	0
20200101	天津	1	4	0	0	0
20200101	安徽	1	10	1	0	0
20200101	山东	10	5907	174	36	3
20200101	山西	4	39033	303	53	6
20200101	广东	7	4221	213	43	0
20200101	广西	3	300	23	5	0
20200101	江苏	7	3382	156	21	1
20200101	江西	4	1903	271	121	1
20200101	河北	2	690	10	3	0
20200101	河南	11	171405	2222	287	94
20200101	浙江	6	7098	226	41	0
20200101	湖北	4	2208	51	16	1
20200101	湖南	3	2069	72	15	0
20200101	福建	3	3914	58	6	0
20200101	贵州	5	1506	121	39	1
20200101	辽宁	1	19	2	0	0
20200101	重庆	2	130872	976	179	12
20200101	黑龙江	4	800	18	15	1
20200102		23	1855	4	0	0
20200102	上海	5	14991	583	37	8
20200102	云南	5	4852	373	28	0
20200102	北京	1	1008	11	0	0
20200102	吉林	3	2467	10	5	2
20200102	四川	8	6842	293	53	0
20200102	宁夏	1	515	39	2	0
20200102	安徽	4	1290	15	10	0
20200102	山东	10	36391	2954	125	19
20200102	山西	1	346	10	1	0
20200102	广东	5	3090	38	29	2
20200102	广西	2	578	13	5	0
20200102	新疆	1	22	1	0	0
20200102	江苏	7	1380	45	6	0
20200102	江西	5	16167	503	28	2
20200102	河北	7	4428	118	10	0
20200102	河南	10	7491	249	24	0
20200102	浙江	4	73040	514	57	2
20200102	海南	2	1010	13	1	0
20200102	湖北	3	3341	194	36	0
20200102	湖南	4	5468	67	143	1
20200102	甘肃	2	14	1	0	0
20200102	贵州	4	3369	272	56	1
20200102	辽宁	5	446	2	0	0
20200102	重庆	5	3330	223	12	0
20200102	陕西	2	2885	62	19	0
20200102	黑龙江	3	334	24	2	0
20200103		4	578	2	0	0
20200103	Mie-ken	1	368	13	0	0
20200103	上海	1	779	14	2	0
20200103	云南	5	1452	28	9	0
20200103	吉林	2	922	9	1	0
20200103	四川	7	5916	305	50	0
20200103	安徽	2	30758	422	89	1
20200103	山东	2	394	25	1	0
20200103	山西	2	1007	11	7	0
20200103	广东	13	8665	196	42	2
20200103	广西	7	272	12	1	0
20200103	江苏	9	6853	211	76	1
20200103	江西	8	22049	3266	124	4
20200103	河北	7	2598	34	3	1
20200103	河南	8	4301	134	7	0
20200103	浙江	3	2294	51	19	0
20200103	海南	2	6929	72	46	0
20200103	湖北	4	140	1	1	0
20200103	湖南	5	2553	26	4	0
20200103	甘肃	1	6	0	0	0
20200103	福建	2	1849	62	0	0
20200103	贵州	9	5148	198	65	2
20200103	辽宁	5	2887	47	17	0
20200103	重庆	4	5664	188	32	0
20200103	陕西	3	1203	13	9	1
20200103	黑龙江	5	602	11	1	0
20200104		1	60	0	0	0
20200104	上海	1	37	4	0	0
20200104	云南	7	5600	66	40	0
20200104	北京	2	1625	13	3	0
20200104	吉林	5	1995	48	36	0
20200104	四川	3	837	94	9	0
20200104	安徽	4	27215	478	68	2
20200104	山东	11	3305	220	13	1
20200104	广东	16	14509	550	68	0
20200104	广西	1	575	2	0	0
20200104	新疆	1	10	1	0	0
20200104	江苏	6	1332	95	17	1
20200104	江西	2	2596	50	10	0
20200104	河北	9	6958	230	48	0
20200104	河南	13	9964	157	45	0
20200104	浙江	5	6277	254	68	0
20200104	海南	1	58	2	5	0
20200104	湖北	3	1472	118	24	1
20200104	湖南	4	17627	775	292	2
20200104	甘肃	2	549	9	10	0
20200104	福建	5	962	33	24	1
20200104	贵州	7	77949	1482	428	4
20200104	辽宁	3	1323	42	4	0
20200104	重庆	2	6594	72	24	3
20200104	陕西	4	9593	469	37	0
20200104	黑龙江	2	4736	9	0	0
20200105	上海	7	5738	310	69	0
20200105	云南	5	5173	366	59	0
20200105	内蒙古	4	1333	5	0	0
20200105	北京	3	554	5	0	0
20200105	吉林	3	58524	1221	110	1
20200105	四川	2	1556	78	4	0
20200105	天津	1	376	17	2	0
20200105	安徽	7	6776	261	21	0
20200105	山东	15	15237	213	719	4
20200105	山西	6	14396	379	36	5
20200105	广东	13	7801	851	106	2
20200105	广西	3	918	28	7	0
20200105	新疆	1	202	15	6	0
20200105	江苏	10	9573	293	122	1
20200105	江西	3	1915	56	30	0
20200105	河北	9	3794	40	41	0
20200105	河南	9	4370	108	29	1
20200105	浙江	6	2217	33	5	1
20200105	湖北	2	671	7	14	0
20200105	湖南	3	1518	102	74	0
20200105	甘肃	1	2578	16	17	0
20200105	福建	3	2662	128	25	0
20200105	贵州	7	14132	619	284	2
20200105	辽宁	2	377	21	4	0
20200105	重庆	4	7315	84	19	2
20200105	陕西	2	1139	11	36	0
20200105	青海	4	380	12	1	0
20200105	黑龙江	6	23406	135	21	0
20200106		40	0	0	0	0
20200106	上海	1	49	0	0	0
20200106	中米沙鄢	1	49	1	0	0
20200106	云南	5	1792	31	19	1
20200106	内蒙古	3	68	0	0	0
20200106	北京	4	5185	69	23	0
20200106	吉林	3	74931	2276	56	5
20200106	四川	8	1374	187	7	2
20200106	天津	2	213	7	0	0
20200106	安徽	8	7008	247	42	0
20200106	山东	8	2090	48	18	0
20200106	山西	7	4360	131	47	2
20200106	广东	8	79034	2236	73	119
20200106	广西	2	699	7	10	0
20200106	新疆	1	920	18	14	0
20200106	江苏	16	20664	553	105	2
20200106	江西	3	810	19	11	0
20200106	河北	7	4022	406	43	2
20200106	河南	9	8885	349	80	2
20200106	浙江	6	432	32	3	0
20200106	海南	3	690	52	7	0
20200106	湖北	5	813	43	17	0
20200106	湖南	3	1313	79	14	3
20200106	福建	7	2884	107	31	0
20200106	贵州	4	1707	39	7	0
20200106	辽宁	2	275	6	4	0
20200106	重庆	2	39478	1403	345	3
20200106	陕西	4	3433	27	8	0
20200106	黑龙江	2	133	7	0	0
20200107		27	7543	34	2	0
20200107	上海	2	318	42	4	0
20200107	云南	9	11199	196	52	1
20200107	内蒙古	1	61	3	0	0
20200107	北京	3	2246	22	65	2
20200107	吉林	1	48	2	0	0
20200107	四川	7	909	13	2	2
20200107	天津	3	7857	127	54	0
20200107	宁夏	1	984	23	2	0
20200107	安徽	9	91856	1613	152	52
20200107	山东	13	8693	272	42	1
20200107	山西	4	2132	222	107	2
20200107	广东	14	59980	751	88	2
20200107	广西	1	719	13	2	0
20200107	江苏	8	27114	803	154	0
20200107	江西	2	68	2	0	0
20200107	河北	6	24125	1872	49	0
20200107	河南	13	6996	133	30	6
20200107	浙江	6	36774	5069	127	0
20200107	海南	1	268	16	7	0
20200107	湖北	7	11489	478	113	1
20200107	湖南	4	1936	96	15	0
20200107	福建	6	501	46	6	0
20200107	贵州	3	3146	86	10	0
20200107	辽宁	4	729	5	2	0
20200107	重庆	3	18744	99	36	1
20200107	陕西	5	1420	105	27	3
20200107	黑龙江	4	494	19	5	2
20200108		12	705	4	0	0
20200108	上海	3	271	4	2	1
20200108	云南	5	2464	20	3	0
20200108	内蒙古	3	303200	2012	14	21
20200108	吉林	1	7497	139	52	0
20200108	四川	9	9064	362	32	2
20200108	天津	2	1718	63	36	2
20200108	宁夏	1	993	9	5	0
20200108	安徽	6	3994	43	17	0
20200108	山东	8	8020	318	47	13
20200108	山西	4	12679	273	33	7
20200108	广东	11	15417	81	29	0
20200108	广西	2	5201	231	19	1
20200108	江苏	13	290671	8987	1435	21
20200108	江西	3	808	21	2	0
20200108	河北	13	15664	271	149	1
20200108	河南	20	11861	245	51	1
20200108	浙江	7	11182	84	664	6
20200108	海南	2	428	39	8	0
20200108	湖北	6	19179	1516	138	3
20200108	湖南	5	5281	137	22	1
20200108	甘肃	2	661	19	10	0
20200108	福建	5	1814	28	18	3
20200108	贵州	5	7432	198	720	3
20200108	辽宁	5	267	4	1	1
20200108	重庆	5	12257	572	34	0
20200108	陕西	2	1324	55	12	0
20200108	香港	1	261	10	0	0
20200108	黑龙江	1	783	3	2	0
20200109		5	675	7	0	0
20200109	云南	1	624	2	3	1
20200109	内蒙古	1	0	0	0	0
20200109	北京	2	68	1	1	0
20200109	吉林	10	9183	345	85	1
20200109	四川	4	543	5	0	0
20200109	天津	3	570	26	1	0
20200109	安徽	9	5086	222	44	0
20200109	山东	8	11015	162	192	1
20200109	山西	1	555	2	1	1
20200109	广东	12	38945	2307	157	39
20200109	广西	7	4153	33	9	1
20200109	新疆	1	3	0	0	0
20200109	曼德勒	2	1832	91	66	1
20200109	江苏	5	1723	41	7	0
20200109	江西	7	5877	99	29	0
20200109	河北	10	6550	278	101	0
20200109	河南	10	7403	415	55	1
20200109	浙江	5	3323	138	13	0
20200109	湖北	4	15006	102	37	0
20200109	湖南	6	10751	822	123	1
20200109	甘肃	1	0	0	0	0
20200109	福建	1	3	0	0	0
20200109	贵州	8	2765	71	7	1
20200109	辽宁	6	1297	45	8	0
20200109	重庆	2	357	3	1	0
20200109	陕西	5	2069	30	3	1
20200109	香港	1	36	1	0	0
20200109	黑龙江	4	266	8	2	0
20200110		12	1845	15	0	0
20200110	上海	2	676	26	4	0
20200110	云南	8	4819	132	17	0
20200110	内蒙古	1	0	0	0	0
20200110	北京	4	2198	51	34	0
20200110	吉林	6	43878	503	35	2
20200110	四川	10	19186	877	295	2
20200110	天津	3	2203	58	11	0
20200110	安徽	4	2824	42	1	0
20200110	山东	13	4443	172	70	3
20200110	广东	16	1340355	33907	779	137
20200110	广西	5	2908	17	24	2
20200110	江苏	7	6811	329	30	0
20200110	江西	3	12994	626	217	2
20200110	河北	9	2759	97	14	0
20200110	河南	9	2918	119	39	2
20200110	浙江	5	1247	64	25	0
20200110	湖北	3	1302	20	4	0
20200110	湖南	3	2776	481	40	4
20200110	甘肃	1	488	94	24	0
20200110	福建	3	10977	166	22	0
20200110	贵州	5	10145	201	25	0
20200110	辽宁	7	2488	40	25	0
20200110	重庆	1	18	1	2	0
20200110	陕西	7	10310	161	728	0
20200110	黑龙江	7	129297	1644	262	5
20200111	上海	5	1268	110	14	0
20200111	云南	5	467	24	7	0
20200111	内蒙古	2	177	5	0	0
20200111	北京	1	13	0	0	0
20200111	吉林	2	1275	56	16	0
20200111	四川	5	6443	185	38	0
20200111	天津	1	161	17	1	0
20200111	安徽	3	309	7	6	0
20200111	山东	10	6738	318	64	1
20200111	山西	4	2777	40	22	0
20200111	广东	13	9544	465	58	0
20200111	广西	2	1732	31	12	1
20200111	新疆	1	258	18	0	0
20200111	江苏	8	7588	306	54	2
20200111	江西	2	1718	96	15	0
20200111	河北	12	1635	34	8	0
20200111	河南	12	37712	2930	214	3
20200111	浙江	6	921	44	4	0
20200111	湖北	5	41159	766	180	16
20200111	湖南	8	4060	122	31	0
20200111	甘肃	4	2822	59	18	0
20200111	福建	4	2226	60	2	0
20200111	西藏	1	307	35	4	0
20200111	贵州	5	6380	294	32	2
20200111	辽宁	7	389	13	2	0
20200111	重庆	2	1000	21	4	1
20200111	陕西	2	792	16	5	0
20200111	首尔特别市	1	48214	984	91	65
20200111	黑龙江	2	11764	30	5	2
20200112	上海	5	2520	200	26	1
20200112	云南	7	927	47	4	1
20200112	四川	4	15421	2268	264	22
20200112	天津	2	706	1	0	0
20200112	安徽	5	5368	122	37	0
20200112	山东	8	7750	437	52	0
20200112	山西	3	1063	19	2	0
20200112	广东	10	21396	193	33	1
20200112	广西	2	687	63	5	0
20200112	新疆	1	6	1	0	0
20200112	江苏	16	59060	629	172	11
20200112	河北	7	1976	10	1	0
20200112	河南	11	168896	1549	600	4
20200112	浙江	5	11393	959	298	1
20200112	海南	1	26	0	0	0
20200112	湖北	5	2018	111	17	1
20200112	湖南	5	4753	127	15	0
20200112	甘肃	1	369	9	0	0
20200112	福建	2	64029	702	45	45
20200112	贵州	6	1419	91	15	4
20200112	辽宁	6	2253	298	37	1
20200112	重庆	3	961	62	9	0
20200112	陕西	3	709	41	11	0
20200112	首尔特别市	1	51	1	2	0
20200112	黑龙江	1	0	0	0	0
20200113		16	10031	43	1	0
20200113	上海	4	72	4	1	0
20200113	云南	2	870	47	16	0
20200113	北京	8	1684	3	10	0
20200113	吉林	5	21456	243	46	0
20200113	四川	2	23713	529	77	0
20200113	天津	1	61	0	0	0
20200113	安徽	5	1486	39	5	0
20200113	山东	9	16864	354	283	0
20200113	山西	5	623	21	3	0
20200113	广东	10	8706	153	18	4
20200113	广西	5	1138	17	7	0
20200113	江苏	15	6632	246	58	2
20200113	江西	3	711	23	0	0
20200113	河北	8	2095	124	24	0
20200113	河南	8	6221	300	43	0
20200113	浙江	4	780	45	12	1
20200113	海南	2	78	8	3	0
20200113	湖北	4	3952	188	26	0
20200113	湖南	1	81	0	0	0
20200113	甘肃	1	1039	68	2	1
20200113	福建	2	6739	412	12	2
20200113	纽约州	1	572	2	1	0
20200113	西藏	1	7534	121	13	0
20200113	贵州	4	5136	129	35	2
20200113	辽宁	6	6278	781	20	0
20200113	重庆	6	3596	57	28	0
20200113	陕西	6	3092	264	50	0
20200113	黑龙江	2	4	0	0	0
20200114		17	5000	27	1	0
20200114	Khouèng Bokèo	1	266	8	5	0
20200114	上海	3	4694	38	4	0
20200114	云南	3	1016	13	13	0
20200114	内蒙古	1	30	4	2	0
20200114	北京	4	3347	216	31	0
20200114	四川	2	12007	96	34	2
20200114	宁夏	4	208	11	1	1
20200114	安徽	6	5379	122	37	0
20200114	山东	8	1001	77	24	1
20200114	山西	3	15925	181	5	4
20200114	广东	22	12439	413	121	8
20200114	广西	7	61555	1843	201	26
20200114	江苏	10	10611	192	23	0
20200114	江西	7	2558	44	43	0
20200114	河北	5	167	2	0	0
20200114	河南	16	5898	168	36	0
20200114	浙江	5	4183	412	34	0
20200114	湖北	7	12910	255	67	0
20200114	湖南	4	1661	21	4	1
20200114	福建	6	2300	26	19	0
20200114	贵州	3	1064	67	6	0
20200114	辽宁	2	556	40	8	0
20200114	重庆	2	9689	153	27	0
20200114	陕西	4	433	30	2	0
20200114	黑龙江	7	3849	106	17	0
20200115		36	1348	2	0	0
20200115	上海	1	265	11	7	0
20200115	云南	6	839	48	23	0
20200115	内蒙古	2	89940	3444	111	23
20200115	北京	1	684	48	8	0
20200115	吉林	4	753	3	3	0
20200115	四川	9	3578	214	23	0
20200115	宁夏	1	1	0	0	0
20200115	安徽	3	1881	70	13	0
20200115	山东	12	6750	251	53	0
20200115	山西	2	18761	612	66	1
20200115	广东	11	6468	438	81	0
20200115	广西	2	8	1	0	0
20200115	新疆	3	1988	15	8	0
20200115	江苏	16	7539	296	57	1
20200115	江西	3	7293	486	228	0
20200115	河北	4	94897	2656	937	46
20200115	河南	10	7587	601	32	1
20200115	浙江	6	2171	139	24	2
20200115	海南	3	22942	160	33	133
20200115	湖北	6	7164	250	81	3
20200115	湖南	3	2971	57	6	0
20200115	甘肃	2	2162	34	4	0
20200115	福建	4	7019	270	34	1
20200115	贵州	7	1758	132	13	0
20200115	辽宁	2	369	14	10	0
20200115	重庆	2	207	8	2	0
20200115	陕西	6	1811	42	6	1
20200115	青海	1	31895	84	15	1
20200115	黑龙江	6	4182	43	2	10
20200116		34	4019	0	1	0
20200116	上海	2	3365	141	52	2
20200116	云南	8	5312	235	47	2
20200116	北京	1	116	3	1	0
20200116	四川	3	6587	297	57	1
20200116	天津	1	8340	1014	205	0
20200116	宁夏	2	1426	93	17	0
20200116	安徽	10	5147	213	66	0
20200116	山东	6	13460	866	82	1
20200116	山西	5	3506	91	17	0
20200116	广东	17	8217521	82886	7808	908
20200116	广西	1	0	0	0	0
20200116	江苏	10	34581	1807	243	4
20200116	江西	6	3089	53	18	0
20200116	河北	4	14424	260	80	3
20200116	河南	17	51294	549	79	8
20200116	浙江	3	3209	846	295	0
20200116	海南	1	11064	50	13	0
20200116	湖北	8	1882	52	19	0
20200116	湖南	3	14136	188	33	0
20200116	甘肃	2	208	2	2	0
20200116	福建	2	127924	638	167	23
20200116	贵州	1	131	7	1	0
20200116	辽宁	4	795	9	4	0
20200116	重庆	2	259	2	5	0
20200116	陕西	10	92466	4737	1066	6
20200116	黑龙江	6	3339	92	31	0
20200117		31	2163	20	4	0
20200117	上海	2	751	49	16	0
20200117	云南	4	31826	342	218	0
20200117	内蒙古	5	2045	26	6	3
20200117	北京	3	31959	239	37	0
20200117	吉林	2	45	3	0	0
20200117	四川	9	3197056	12215	2419	149
20200117	天津	2	2822	121	34	3
20200117	安徽	8	4435	338	30	7
20200117	山东	9	3934	94	26	0
20200117	山西	2	1018	124	12	0
20200117	广东	13	45764	193	112	46
20200117	广西	5	23843	1487	104	2
20200117	新疆	2	1873	11	0	1
20200117	江苏	8	2513	65	40	0
20200117	江西	2	233	7	1	0
20200117	河北	12	160502	12695	948	17
20200117	河南	9	21363563	290838	10090	1283
20200117	浙江	4	746	5	4	0
20200117	湖北	4	147930	565	235	10
20200117	湖南	5	1903	111	32	1
20200117	甘肃	1	72	0	2	0
20200117	福建	5	862	66	37	0
20200117	贵州	2	27	1	1	0
20200117	辽宁	4	7194	384	47	0
20200117	重庆	3	1511	34	9	0
20200117	陕西	1	662	11	4	0
20200117	黑龙江	5	906	12	4	0
20200118		13	148058	1594	50	9
20200118	上海	2	347	20	4	0
20200118	云南	7	20183	732	196	1
20200118	北京	2	1239	23	2	0
20200118	吉林	1	62	3	0	0
20200118	四川	8	711	29	18	0
20200118	天津	1	38374	778	6	0
20200118	宁夏	1	45	0	0	0
20200118	安徽	8	591792	64823	1859	73
20200118	山东	4	699	19	24	0
20200118	山西	5	534	22	2	0
20200118	广东	9	30559	862	45	0
20200118	广西	3	340028	12447	729	98
20200118	江苏	8	14471	1524	69	5
20200118	江西	3	1868	18	5	0
20200118	河北	6	2760	49	7	0
20200118	河南	14	13311	252	50	1
20200118	浙江	2	792	27	5	0
20200118	海南	1	168	3	1	0
20200118	湖北	6	6739	74	39	0
20200118	湖南	12	5998	370	72	1
20200118	甘肃	1	824	7	2	0
20200118	福建	3	1348	40	6	0
20200118	贵州	6	432	10	7	0
20200118	辽宁	2	121	7	1	1
20200118	重庆	3	2629	47	7	0
20200118	陕西	2	2864	57	6	0
20200118	黑龙江	3	89	6	0	0
20200119		11	594	3	1	0
20200119	National Capital Region	1	244	16	10	0
20200119	Toyama-ken	1	80	2	0	0
20200119	上海	4	15281	343	45	0
20200119	云南	12	126117	17910	1029	77
20200119	内蒙古	3	4141	98	20	0
20200119	北京	4	4578	52	6	0
20200119	吉林	5	2916	197	13	1
20200119	四川	6	3500	325	58	0
20200119	天津	1	3270	614	74	0
20200119	安徽	7	5390	202	92	1
20200119	山东	9	3996	175	33	2
20200119	山西	3	4749	108	34	1
20200119	广东	22	289897	7158	845	52
20200119	广西	1	21	0	0	0
20200119	新疆	2	454	15	2	0
20200119	江苏	11	3790	95	33	0
20200119	江西	2	1385	41	6	0
20200119	河北	8	7995	186	46	0
20200119	河南	13	20829	596	77	1
20200119	浙江	5	13179	652	97	1
20200119	海南	2	106395	289	51	6
20200119	湖北	9	4506	119	27	0
20200119	湖南	4	764	13	2	0
20200119	甘肃	1	110	3	0	0
20200119	福建	4	2453	375	87	2
20200119	贵州	3	258	21	0	0
20200119	辽宁	2	15959	131	14	0
20200119	重庆	4	604	17	6	0
20200119	陕西	4	904	13	1	0
20200119	香港	1	3728	51	7	0
20200119	黑龙江	6	2465	383	119	0
20200120		19	6673	48	2	0
20200120	上海	1	46	5	0	0
20200120	云南	2	155	2	2	0
20200120	内蒙古	1	312	17	0	0
20200120	北京	1	4	0	0	0
20200120	吉林	4	3324	48	12	0
20200120	四川	9	732364	16269	1582	365
20200120	天津	6	506	15	0	0
20200120	安徽	6	28073	554	112	0
20200120	山东	8	25042	1814	64	1
20200120	山西	3	1348	39	5	0
20200120	广东	12	52739	1655	1011	4
20200120	广西	3	1331	17	0	0
20200120	新疆	1	1064	56	5	0
20200120	江苏	15	14579	502	90	0
20200120	江西	3	1028	30	6	0
20200120	河北	8	953	22	4	0
20200120	河南	7	1828	41	18	0
20200120	浙江	6	8091	527	412	99
20200120	海南	1	3	0	0	0
20200120	湖北	4	418	31	7	0
20200120	湖南	1	767	50	5	0
20200120	福建	4	2651	181	46	0
20200120	辽宁	4	3165	11	3	0
20200120	重庆	2	313	10	4	0
20200120	陕西	2	734	41	1	0
20200120	黑龙江	2	5786	506	26	2
20200121		10	206	1	0	0
20200121	上海	2	267	10	2	0
20200121	云南	2	880	83	51	0
20200121	内蒙古	1	362268	17857	596	29
20200121	北京	3	299	11	1	0
20200121	吉林	3	1304	48	4	1
20200121	四川	7	36001	101	21	0
20200121	天津	2	1298	63	11	2
20200121	宁夏	1	1108	8	0	0
20200121	安徽	7	34011	1092	158	10
20200121	山东	15	162626	8415	432	13
20200121	山西	2	2864	114	28	0
20200121	广东	5	1512	63	13	0
20200121	广西	8	2371	43	17	0
20200121	江苏	10	4205	79	23	1
20200121	江西	5	273	12	1	0
20200121	河北	4	40621	5473	720	16
20200121	河南	11	2494	83	22	1
20200121	浙江	4	232	26	7	0
20200121	海南	2	1026	5	9	0
20200121	湖北	3	1937	64	11	0
20200121	湖南	4	6101	46	7	0
20200121	福建	3	8194	115	7	67
20200121	西藏	1	2314	25	19	0
20200121	贵州	4	47157	758	124	4
20200121	辽宁	3	86	4	1	0
20200121	重庆	3	257	6	0	0
20200121	陕西	4	2196	22	9	0
20200121	黑龙江	1	1	0	0	0
20200122	云南	3	222	42	2	0
20200122	吉林	8	22184	206	14	2
20200122	四川	8	12494	1266	632	5
20200122	天津	2	534	58	8	0
20200122	安徽	12	8732	400	88	0
20200122	山东	4	1073	45	16	1
20200122	山西	3	1932	95	29	2
20200122	广东	9	18492	230	52	0
20200122	广西	4	2117	45	51	0
20200122	新疆	2	433	21	71	0
20200122	柔佛州	1	248	21	7	0
20200122	江苏	9	5248	146	46	0
20200122	江西	5	3032	86	3	0
20200122	河北	9	20568	288	157	1
20200122	河南	16	14743	334	59	2
20200122	浙江	6	10866	1027	302	4
20200122	海南	2	450	8	3	0
20200122	湖北	9	2035	110	22	0
20200122	湖南	7	2203	95	25	1
20200122	班迭棉吉省	1	204	6	3	0
20200122	甘肃	1	226	1	0	0
20200122	福建	2	1015	23	5	0
20200122	贵州	3	23054	359	560	1
20200122	辽宁	7	1544255	7737	184	535
20200122	重庆	1	3533	49	31	0
20200122	陕西	5	280	9	3	0
20200122	黑龙江	2	458	9	2	0
20200123	Trashigang Dzongkhag	1	8840	360	6	0
20200123	上海	1	5	0	0	0
20200123	云南	3	1296	54	5	0
20200123	内蒙古	1	131	4	0	0
20200123	北京	2	2122	90	31	0
20200123	吉林	2	509	17	2	0
20200123	四川	2	1370	10	4	0
20200123	宁夏	1	543	4	2	0
20200123	安徽	5	4868	440	206	0
20200123	山东	6	988	60	21	0
20200123	山西	3	4134	54	9	0
20200123	广东	19	150581	3248	1971	5
20200123	广西	2	2273	51	13	0
20200123	新疆	2	149	3	2	0
20200123	江苏	7	3133	105	17	1
20200123	江西	6	3311	93	21	0
20200123	河北	12	4720	105	16	1
20200123	河南	20	20593	339	119	1
20200123	浙江	4	762	13	5	1
20200123	湖北	50	215253	2694	423	20
20200123	湖南	2	893	43	0	0
20200123	班迭棉吉省	1	52	1	4	1
20200123	甘肃	1	266	40	2	0
20200123	福建	6	2116	73	15	0
20200123	贵州	7	5241	160	41	1
20200123	辽宁	2	5838	124	20	0
20200123	重庆	5	15947	67	5	0
20200123	陕西	2	1206	44	7	0
20200123	黑龙江	2	487	12	2	0
20200124	National Capital Region	1	399	17	3	1
20200124	Okayama-ken	1	4	1	0	0
20200124	上海	2	635	14	3	1
20200124	云南	7	1129	87	12	0
20200124	内蒙古	1	519	4	1	0
20200124	北京	7	981	47	2	0
20200124	吉林	3	7812	1764	7	0
20200124	四川	7	16174	309	26	2
20200124	天津	4	2149	86	4	0
20200124	安徽	11	20045	288	26	1
20200124	山东	14	5395	108	27	3
20200124	山西	5	1086	24	12	0
20200124	广东	17	33148	1188	158	3
20200124	广西	2	11348	208	124	4
20200124	江苏	15	1155444	40972	4935	109
20200124	江西	6	2209	159	23	0
20200124	河北	19	11797	171	308	0
20200124	河南	23	40072	762	50	1
20200124	浙江	15	178365	2306	157	26
20200124	海南	3	8747	787	66	1
20200124	湖北	101	234238	5147	615	40
20200124	湖南	13	14691	363	95	0
20200124	甘肃	4	1728	40	7	0
20200124	福建	5	3159	33	11	0
20200124	西藏	1	8857	170	15	0
20200124	贵州	4	3634	91	21	0
20200124	辽宁	9	1153	114	19	0
20200124	重庆	4	420	22	2	1
20200124	陕西	10	6594	305	39	0
20200124	黑龙江	8	1214	35	10	0
20200125	Changwat Songkhla	2	9529	427	21	0
20200125	National Capital Region	2	1359	31	5	0
20200125	上海	4	565	16	1	0
20200125	云南	3	760	27	8	0
20200125	内蒙古	2	18053	2099	72	2
20200125	北京	2	184	15	0	0
20200125	吉林	5	2635	34	0	0
20200125	四川	22	59089	440	106	1
20200125	天津	1	186	10	0	1
20200125	宁夏	1	2075	46	6	0
20200125	安徽	18	27090	710	91	1
20200125	山东	19	19953	1088	127	21
20200125	山西	9	7468	213	31	0
20200125	广东	24	66955	1181	171	17
20200125	广西	5	18640	52	13	0
20200125	新疆	1	26	3	1	1
20200125	江苏	13	6621	213	46	1
20200125	江西	16	56358	425	60	8
20200125	河北	7	934	25	12	0
20200125	河南	42	57159	856	95	11
20200125	浙江	9	9971	386	30	0
20200125	海南	1	283	16	1	0
20200125	湖北	239	620571	10132	1846	99
20200125	湖南	12	3957	506	56	0
20200125	甘肃	3	514	21	0	1
20200125	福建	7	8139	211	14	1
20200125	西藏	2	5509	199	33	0
20200125	贵州	12	7218	142	21	0
20200125	辽宁	5	792	42	11	0
20200125	重庆	7	3546	157	26	3
20200125	陕西	16	8210	484	52	2
20200125	黑龙江	1	289	22	15	0
20200126		1	254	3	0	0
20200126	Selangor	1	7	0	0	0
20200126	上海	4	1484	49	6	1
20200126	云南	14	84013	704	175	2
20200126	内蒙古	4	12494	111	20	0
20200126	北京	4	1797	159	35	1
20200126	吉林	5	401	33	14	0
20200126	四川	24	42046	857	141	8
20200126	天津	2	21182	294	59	0
20200126	宁夏	1	227	1	5	0
20200126	安徽	45	62088	1093	145	3
20200126	山东	92	211986	3410	675	12
20200126	山西	30	99319	956	239	0
20200126	广东	55	103776	1947	344	15
20200126	广西	17	50401	409	99	8
20200126	新疆	1	215	22	26	0
20200126	江苏	47	58259	920	197	18
20200126	江西	32	43671	553	62	1
20200126	河北	81	100978	2025	514	14
20200126	河南	293	613513	12522	3082	78
20200126	浙江	23	248341	7701	1913	20
20200126	湖北	481	1450138	23594	5114	273
20200126	湖南	24	30713	610	145	4
20200126	甘肃	10	8715	152	22	0
20200126	福建	12	34173	913	110	6
20200126	贵州	14	6121	564	67	2
20200126	辽宁	5	17527	42	26	5
20200126	重庆	15	26855	578	136	0
20200126	陕西	64	138818	2250	718	12
20200126	黑龙江	11	46410	776	72	1
20200127	Abū Z̧aby	1	1	2	0	0
20200127	National Capital Region	1	68051	487	45	74
20200127	Phuket Province	1	794	15	0	0
20200127	Selangor	1	55	1	6	0
20200127	上海	9	525143	2282	899	45
20200127	云南	14	31598	1327	410	1
20200127	内蒙古	6	2336	17	6	0
20200127	北京	7	5578	17	4	0
20200127	吉林	11	12201	517	35	2
20200127	四川	40	86115	1226	212	14
20200127	天津	8	21882	616	49	7
20200127	安徽	55	146391	1949	285	2
20200127	山东	102	163718	3266	606	9
20200127	山西	64	81212	2350	450	8
20200127	广东	54	41910	1128	208	10
20200127	广西	26	17216	204	52	0
20200127	新疆	10	18808	320	176	2
20200127	江苏	71	126360	3241	616	33
20200127	江西	57	55449	2027	272	12
20200127	河北	95	75961	1330	295	7
20200127	河南	453	1516640	18944	3390	127
20200127	浙江	33	48725	638	174	17
20200127	海南	4	1438	60	18	1
20200127	湖北	483	1052592	24978	5534	201
20200127	湖南	47	53011	2681	259	11
20200127	甘肃	19	14070	325	90	3
20200127	福建	18	49950	571	201	82
20200127	贵州	27	117678	3891	650	14
20200127	辽宁	14	19457	303	61	0
20200127	重庆	21	13052	542	122	2
20200127	陕西	165	340268	4416	958	46
20200127	青海	1	1872	21	1	0
20200127	黑龙江	13	3348	256	43	4
20200128	Phuket Province	1	1055	9	4	0
20200128	上海	6	1749	120	23	0
20200128	云南	26	12833	551	121	0
20200128	内蒙古	11	3830	96	14	0
20200128	北京	9	4462	152	25	1
20200128	吉林	21	13466	435	75	2
20200128	四川	31	26849	1001	202	2
20200128	天津	11	16136	605	109	1
20200128	宁夏	3	1909	33	7	0
20200128	安徽	86	380205	4454	593	17
20200128	山东	150	764969	5258	688	82
20200128	山西	64	1780820	13038	3151	32
20200128	广东	45	115272	1893	189	83
20200128	广西	26	17343	411	130	9
20200128	新疆	7	5882	82	22	0
20200128	曼德勒	1	221	0	0	0
20200128	江苏	95	241897	2322	477	18
20200128	江西	86	185897	2642	956	28
20200128	河北	90	100456	2463	384	19
20200128	河南	397	915841	14436	2157	139
20200128	浙江	40	56689	864	162	7
20200128	海南	5	1991	50	13	0
20200128	湖北	571	1565147	27117	5847	216
20200128	湖南	49	110232	8902	414	42
20200128	甘肃	15	12899	686	60	4
20200128	福建	13	5710	77	21	3
20200128	贵州	31	96977	2120	371	8
20200128	辽宁	13	27249	236	49	2
20200128	重庆	16	4211	247	20	2
20200128	陕西	80	96208	2483	586	8
20200128	黑龙江	25	13344	306	58	1
20200129	上海	4	13102	245	13	3
20200129	云南	32	43477	905	330	4
20200129	内蒙古	20	12339	312	73	4
20200129	北京	6	5076	33	5	2
20200129	吉林	19	153627	2690	384	486
20200129	四川	58	68818	2825	667	12
20200129	天津	8	12208	281	45	1
20200129	宁夏	5	1134	27	9	0
20200129	安徽	100	217630	4063	970	17
20200129	山东	168	7071750	43223	3306	905
20200129	山西	91	122372	3447	738	10
20200129	广东	55	73631	1445	394	28
20200129	广西	31	39196	850	172	8
20200129	新疆	8	86391	1256	330	4
20200129	江苏	123	415347	6521	1370	60
20200129	江西	66	58505	1350	278	14
20200129	河北	130	162459	4446	877	17
20200129	河南	491	522280	14744	2575	55
20200129	浙江	42	586166	3158	474	7
20200129	海南	5	1493	49	11	1
20200129	湖北	616	1008876	37496	8262	272
20200129	湖南	65	33096	1005	221	6
20200129	甘肃	14	8487	186	33	1
20200129	福建	11	8313	212	90	4
20200129	贵州	38	95327	2590	637	9
20200129	辽宁	24	46683	297	77	8
20200129	重庆	23	21725	1473	173	4
20200129	陕西	77	90248	2808	558	27
20200129	青海	2	453	16	3	0
20200129	香港	1	281	12	1	0
20200129	黑龙江	24	7288	261	64	0
20200130	Selangor	1	354	10	5	0
20200130	上海	9	5535	94	21	2
20200130	云南	31	65863	1829	194	27
20200130	内蒙古	10	9053	221	76	0
20200130	北京	10	83641	2478	82	1
20200130	吉林	20	11441	200	22	1
20200130	四川	83	3348601	356022	16128	1007
20200130	天津	15	13357	254	56	5
20200130	姆茨赫塔-姆季阿涅季州	1	470	24	6	0
20200130	宁夏	2	411	11	7	1
20200130	安大略	3	364	4	0	0
20200130	安徽	116	254224	5172	899	37
20200130	山东	217	217713	5544	1110	58
20200130	山西	87	132431	3360	755	24
20200130	广东	87	94541	2349	574	16
20200130	广西	27	20234	590	131	2
20200130	托斯卡纳	1	526	70	32	0
20200130	新疆	12	20350	707	176	1
20200130	江苏	137	166089	7949	965	46
20200130	江西	64	59448	2003	393	11
20200130	河北	128	109192	2749	466	13
20200130	河南	505	749212	17666	3088	157
20200130	浙江	69	155515	8001	1059	33
20200130	海南	7	25179	201	63	2
20200130	湖北	606	1054350	22448	5079	149
20200130	湖南	56	173177	1977	356	21
20200130	甘肃	15	5441	364	38	1
20200130	福建	19	17938	359	146	1
20200130	贵州	37	95985	2235	392	23
20200130	辽宁	39	16335	258	71	7
20200130	重庆	19	26089	903	200	2
20200130	陕西	67	115076	3476	579	12
20200130	青海	5	2515	126	19	0
20200130	黑龙江	34	52206	1294	164	174
20200131		2	7	0	0	0
20200131	Jeollabuk-do	1	1461	254	24	0
20200131	Tỉnh Bắc Ninh	1	63	1	0	0
20200131	Yangon Region	1	16375	55	248	0
20200131	上海	12	4508	138	81	0
20200131	云南	37	350042	6754	874	118
20200131	内蒙古	15	38091	1093	114	6
20200131	北京	12	3671	59	39	0
20200131	吉林	20	35157	1158	132	15
20200131	四川	79	206202	3909	966	23
20200131	天津	8	3683	84	20	1
20200131	宁夏	3	1353	39	13	0
20200131	安徽	110	103071	2748	442	3
20200131	山东	165	200500	5379	782	137
20200131	山西	69	38463	1435	347	2
20200131	广东	88	147381	5437	973	38
20200131	广西	26	44837	958	143	6
20200131	新疆	12	31668	816	347	8
20200131	江苏	124	295912	4969	683	26
20200131	江西	70	142442	1624	276	14
20200131	河北	108	104028	3586	456	14
20200131	河南	446	497447	11903	2121	57
20200131	浙江	53	28806	1252	213	13
20200131	海南	5	6983	137	69	1
20200131	湖北	480	799834	19594	4227	213
20200131	湖南	76	75071	1979	496	16
20200131	甘肃	9	2246	92	7	1
20200131	福建	14	11472	176	37	0
20200131	米纳斯吉拉斯州	1	43474	2620	264	6
20200131	贵州	41	28831	1729	295	3
20200131	辽宁	38	78217	2076	269	11
20200131	重庆	30	137380	2030	513	17
20200131	陕西	58	47200	1328	404	6
20200131	黑龙江	27	36021	1253	361	1
20200201		58	4915	76	12	0
20200201	Central Singapore Community Development Council	1	91	3	1	0
20200201	Kuala Lumpur	1	4	1	0	0
20200201	上海	11	94507	4395	389	107
20200201	云南	32	69062	1463	346	5
20200201	京畿道	1	12	0	0	0
20200201	内蒙古	12	6545	329	66	1
20200201	北京	15	20805	286	75	1
20200201	吉林	17	5752	161	31	5
20200201	四川	66	185869	4077	762	48
20200201	天津	9	14319	355	29	3
20200201	宁夏	2	1963	18	1	0
20200201	安徽	112	345679	17826	2931	40
20200201	山东	131	100479	3009	588	6
20200201	山西	67	52286	1396	354	3
20200201	广东	74	121106	2784	614	54
20200201	广西	37	18823	357	103	3
20200201	新疆	10	5336	242	43	3
20200201	曼德勒	1	27	1	1	0
20200201	江苏	133	179374	5053	1151	31
20200201	江西	85	197730	2534	469	35
20200201	河北	101	113819	4357	1425	37
20200201	河南	427	948798	21381	3299	143
20200201	浙江	56	86979	1592	308	6
20200201	海南	6	770	40	10	0
20200201	湖北	597	1437182	22925	4433	296
20200201	湖南	81	109232	3546	627	13
20200201	甘肃	8	3824	90	17	0
20200201	福建	27	69608	2916	464	19
20200201	西藏	1	84	13	1	0
20200201	贵州	53	46781	3407	377	7
20200201	辽宁	28	11746	550	147	7
20200201	重庆	28	20867	882	181	4
20200201	陕西	65	90156	2645	465	3
20200201	香港	1	6	0	0	0
20200201	黑龙江	22	50297	2342	377	6
20200202		7	199	9	0	0
20200202	Friuli Venezia Giulia	1	694	15	10	0
20200202	Tỉnh Bà Rịa-Vũng Tàu	1	1226	48	18	0
20200202	上海	7	7297	143	33	0
20200202	不列颠哥伦比亚	1	540	8	2	0
20200202	中苏拉威西省	1	13459	28	5	1
20200202	云南	41	385363	5387	227	40
20200202	内蒙古	9	2978	99	38	1
20200202	北京	11	2241	251	45	3
20200202	吉林	20	29140	1049	80	3
20200202	四川	80	62714	2874	768	3
20200202	天津	16	4120	240	32	0
20200202	宁夏	1	10	0	0	0
20200202	安徽	109	2008219	23574	4095	867
20200202	山东	125	96195	2344	566	18
20200202	山西	49	105799	2756	554	18
20200202	广东	86	170050	5488	499	33
20200202	广西	34	140226	1465	206	10
20200202	新疆	11	12415	321	44	4
20200202	江苏	140	411806	9949	2141	312
20200202	江西	60	616636	7301	663	23
20200202	河北	90	66461	1542	225	5
20200202	河南	429	414816	13492	2258	40
20200202	浙江	50	294364	16541	1129	93
20200202	海南	3	5425	102	22	2
20200202	湖北	556	1519670	29099	5407	103
20200202	湖南	76	145335	3794	567	21
20200202	甘肃	13	20555	476	215	5
20200202	福建	29	39671	670	126	13
20200202	西藏	4	5161	148	35	1
20200202	贵州	47	1751167	26469	1629	833
20200202	辽宁	17	16254	1101	98	5
20200202	重庆	42	35868	1037	126	4
20200202	陕西	46	123196	1761	308	7
20200202	青海	1	341	10	0	0
20200202	香港	1	73	2	0	0
20200202	黑龙江	31	15189	446	137	6
20200203		24	105	3	0	0
20200203	上海	11	1664	55	7	0
20200203	云南	67	65841	1412	304	6
20200203	内蒙古	22	21840	225	64	2
20200203	北京	11	35400	2381	3098	7
20200203	吉林	25	8602	148	31	0
20200203	四川	97	129253	3248	701	40
20200203	天津	7	2603	96	19	0
20200203	宁夏	8	1303	61	14	0
20200203	安徽	146	2174094	15237	1981	227
20200203	山东	151	227782	6046	1026	15
20200203	山西	73	93627	2300	775	28
20200203	广东	100	131077	2330	590	47
20200203	广西	40	94847	1355	278	5
20200203	新疆	23	21212	740	141	2
20200203	江苏	178	261285	6583	1488	40
20200203	江西	87	97179	2034	399	8
20200203	河北	115	65747	1661	357	7
20200203	河南	445	586117	15112	2668	61
20200203	浙江	74	110794	2969	616	13
20200203	海南	4	1617	31	4	0
20200203	湖北	556	1588028	22610	5635	113
20200203	湖南	103	472600	2583	379	23
20200203	甘肃	19	13418	379	134	5
20200203	福建	25	32933	258	63	9
20200203	西藏	4	470	19	1	0
20200203	贵州	63	588043	20263	2620	271
20200203	辽宁	26	8496	147	51	0
20200203	重庆	47	56143	906	189	3
20200203	陕西	66	112873	3076	2069	33
20200203	黑龙江	36	7575	166	31	1
20200204		1	0	0	0	0
20200204	Bangkok	2	1322	16	2	0
20200204	Zabaykal’skiy Kray	1	1453	366	57	0
20200204	上海	14	3722	139	64	0
20200204	云南	59	51858	2149	411	10
20200204	内蒙古	26	5161	135	49	2
20200204	北京	20	6367	371	50	0
20200204	吉林	29	31940	3932	165	5
20200204	四川	103	703299	8788	1555	243
20200204	天津	18	5130	367	48	1
20200204	宁夏	6	1217	90	27	0
20200204	安徽	181	174759	5033	1085	30
20200204	山东	207	107860	3212	643	18
20200204	山西	68	47568	1638	359	5
20200204	广东	141	250036	3471	845	21
20200204	广西	64	35241	843	154	6
20200204	弗吉尼亚州	1	2708	128	8	2
20200204	新疆	34	25286	1041	105	11
20200204	江苏	186	269035	10280	1671	124
20200204	江西	121	230724	3183	551	22
20200204	河北	106	46850	1767	289	13
20200204	河南	529	1052025	19562	3165	107
20200204	浙江	103	183587	1463	340	40
20200204	海南	12	7097	218	49	0
20200204	湖北	707	1379769	31095	6104	403
20200204	湖南	243	556222	8627	1681	80
20200204	甘肃	19	7858	238	194	0
20200204	福建	55	18600	411	78	7
20200204	西藏	5	3479	222	32	0
20200204	贵州	91	77753	4135	696	7
20200204	辽宁	65	97204	805	132	35
20200204	重庆	49	112932	2519	589	7
20200204	陕西	98	352070	6807	1013	128
20200204	青海	1	40327	261	19	14
20200204	香港	1	14	0	0	0
20200204	黑龙江	56	29074	565	103	53
20200205		6	25492	220	4	0
20200205	Thành Phố Hà Nội	2	503	4	2	0
20200205	上海	14	3394	122	30	2
20200205	云南	34	27598	1251	169	2
20200205	内蒙古	27	1685027	51314	6720	11590
20200205	北京	19	8331	801	130	5
20200205	华盛顿州	1	938	7	0	0
20200205	吉林	14	4838	115	37	0
20200205	四川	78	87497	3118	671	15
20200205	天津	19	23153	834	161	5
20200205	宁夏	3	1675	70	8	0
20200205	安徽	177	494295	8976	1425	102
20200205	山东	147	387167	4617	681	16
20200205	山西	76	106707	3993	696	5
20200205	广东	150	355318	5436	1421	130
20200205	广西	64	70822	1129	271	9
20200205	新疆	25	33395	1212	206	3
20200205	江苏	158	446319	7308	1000	85
20200205	江西	147	298349	5233	1212	49
20200205	河北	119	82494	2125	473	7
20200205	河南	457	926817	18107	2785	85
20200205	浙江	127	147837	4096	485	10
20200205	海南	14	20317	459	18	1
20200205	湖北	655	1657730	31578	5755	294
20200205	湖南	180	1149913	12656	1878	96
20200205	甘肃	16	5079	399	77	2
20200205	福建	47	483817	9548	2404	1478
20200205	西藏	4	1393	50	13	0
20200205	贵州	92	92322	4785	710	16
20200205	辽宁	48	27378	678	146	4
20200205	重庆	51	608545	7199	1416	94
20200205	陕西	66	840184	15982	1940	106
20200205	青海	2	2380	40	4	2
20200205	香港	1	5	0	0	0
20200205	黑龙江	54	28579	548	142	0
20200206		2	7364	79	4	0
20200206	Bangkok	1	1346	15	10	2
20200206	Central Singapore Community Development Council	1	3	0	0	0
20200206	Québec	1	3524	565	70	0
20200206	Ōsaka-fu	1	315	19	8	0
20200206	上海	22	384546	2740	932	576
20200206	云南	55	78209	2220	546	101
20200206	京畿道	1	119	4	5	0
20200206	内蒙古	35	33620	725	214	10
20200206	北京	22	10334	527	122	3
20200206	吉林	27	7732	288	110	3
20200206	四川	109	278994	5777	940	11
20200206	天津	14	6308	159	46	0
20200206	宁夏	5	2878	68	9	0
20200206	安徽	189	354901	6117	1275	84
20200206	山东	183	382968	16622	3576	124
20200206	山西	66	141285	2418	495	24
20200206	广东	153	392931	5799	937	181
20200206	广西	75	142210	3844	715	37
20200206	新疆	27	39078	533	127	9
20200206	江苏	208	232585	8275	1330	52
20200206	江西	132	340548	33064	2346	507
20200206	河北	111	77213	2431	386	9
20200206	河南	473	492028	17155	3693	35
20200206	浙江	134	606122	10258	2031	306
20200206	海南	8	33186	432	220	0
20200206	湖北	604	5659895	112931	14272	2323
20200206	湖南	156	376700	10811	2135	50
20200206	甘肃	27	60546	1175	540	14
20200206	福建	38	73766	1531	243	7
20200206	西藏	2	1541	32	3	0
20200206	贵州	116	142187	4990	673	24
20200206	辽宁	46	40937	1198	174	4
20200206	重庆	57	172313	3438	642	30
20200206	陕西	75	153678	2305	702	81
20200206	青海	2	850	55	39	0
20200206	首尔特别市	1	33	0	2	0
20200206	黑龙江	56	41909	1160	215	6
20200207		2	4869	55	9	0
20200207	Bangkok	1	10233	308	102	2
20200207	Kuala Lumpur	1	94	3	0	0
20200207	上海	19	26800	990	140	17
20200207	云南	57	86048	1410	332	5
20200207	内蒙古	37	64586	1149	250	95
20200207	北京	11	9793	560	70	6
20200207	吉林	39	36034	2140	141	25
20200207	四川	86	89930	2863	467	25
20200207	天津	16	5615	122	41	0
20200207	宁夏	8	56922	740	194	5
20200207	安徽	163	243372	11495	1255	35
20200207	山东	160	223018	9446	2613	48
20200207	山西	59	59920	1578	354	12
20200207	广东	143	295760	7082	1053	54
20200207	广西	52	199906	2956	453	56
20200207	新疆	20	19933	542	102	1
20200207	江苏	185	3059365	131162	16776	283
20200207	江西	147	528090	10985	1957	652
20200207	河北	111	145253	4416	776	25
20200207	河南	442	760542	32405	3188	236
20200207	浙江	107	160822	3787	685	37
20200207	海南	14	5186	421	56	2
20200207	湖北	571	938540	24885	4245	195
20200207	湖南	131	166014	4730	724	25
20200207	甘肃	14	2811	131	22	4
20200207	福建	49	30104	830	149	9
20200207	纽约州	1	65	1	0	0
20200207	西藏	2	135	12	10	0
20200207	贵州	110	269907	6452	1448	67
20200207	辽宁	34	45920	719	131	59
20200207	重庆	41	75139	1795	299	11
20200207	陕西	84	94469	1951	374	9
20200207	青海	3	755	21	8	1
20200207	香港	2	769	40	7	0
20200207	黑龙江	58	18684	1281	154	8
20200208	National Capital Region	1	958	11	12	1
20200208	上海	12	4346	253	62	0
20200208	云南	62	51801	1263	272	2
20200208	内蒙古	38	85204	1437	177	40
20200208	北京	18	21305	212	22	5
20200208	台湾	1	0	0	0	0
20200208	吉林	34	32464	612	145	5
20200208	四川	97	151822	4046	810	22
20200208	天津	13	73510	823	208	45
20200208	宁夏	12	24085	1023	273	19
20200208	安徽	168	961682	11181	1618	673
20200208	山东	140	156968	4320	869	24
20200208	山西	51	53620	1681	422	3
20200208	广东	125	221916	4333	982	68
20200208	广西	58	70126	1206	314	11
20200208	新疆	18	74289	690	152	30
20200208	江苏	150	458286	11112	1877	121
20200208	江西	127	353457	6142	791	318
20200208	河北	126	672787	6184	1208	85
20200208	河南	475	551850	13611	2470	55
20200208	浙江	124	22661170	790907	38779	3595
20200208	海南	7	15486	32	15	3
20200208	湖北	561	2590401	77676	13675	3940
20200208	湖南	110	155333	3534	653	59
20200208	甘肃	12	7407	415	28	2
20200208	福建	69	19958845	469219	26675	4292
20200208	西藏	1	158	5	10	0
20200208	贵州	90	126831	5847	792	9
20200208	辽宁	41	11506	481	90	3
20200208	重庆	56	421041	7673	3202	70
20200208	陕西	67	71280	2723	991	11
20200208	香港	1	2	0	0	0
20200208	黑龙江	70	16328	525	165	4
20200209		3	702	20	2	0
20200209	Selangor	1	11	0	0	0
20200209	上海	16	8126	533	72	3
20200209	云南	58	68581	2341	486	4
20200209	俄亥俄州	1	4	0	0	0
20200209	内蒙古	25	63826	435	85	53
20200209	北京	8	1466	35	12	1
20200209	吉林	34	23435	448	120	3
20200209	四川	105	159321	4705	661	30
20200209	天津	9	2773	85	9	3
20200209	宁夏	3	2044	19	2	0
20200209	安徽	193	5679309	278542	9858	2585
20200209	山东	127	100035	2413	470	17
20200209	山西	68	164676	3037	856	22
20200209	岐阜县	1	812	30	5	0
20200209	广东	190	296615	5388	1249	178
20200209	广西	62	62606	1593	280	38
20200209	德克萨斯州	1	9554	413	22	0
20200209	新疆	17	75885	760	124	22
20200209	江苏	186	269686	7573	1729	127
20200209	江西	124	122496	2630	524	21
20200209	河北	132	272548	4058	749	25
20200209	河南	475	1194072	22565	3271	132
20200209	浙江	146	326717	5172	1990	93
20200209	海南	9	27635	413	95	7
20200209	湖北	624	2040902	28698	5785	377
20200209	湖南	110	775664	8010	1558	333
20200209	滋贺县	1	26	0	0	0
20200209	澳门	1	1172	19	1	0
20200209	甘肃	11	6757	909	179	13
20200209	福建	53	100983	2102	350	71
20200209	西藏	1	50	3	1	0
20200209	贵州	102	74630	3602	493	8
20200209	辽宁	38	27756	712	856	21
20200209	重庆	45	30067	961	212	9
20200209	陕西	157	781617	12474	2354	74
20200209	青海	2	809	43	5	0
20200209	香港	1	1291	24	10	0
20200209	黑龙江	57	1427177	32271	4492	397
20200210		2	547	38	0	0
20200210	Kuala Lumpur	1	18	1	0	1
20200210	Phnom Penh	2	123	6	0	0
20200210	Saitama-ken	2	15341	300	32	12
20200210	上海	16	24852	468	120	1
20200210	云南	80	76576	2255	495	6
20200210	内蒙古	28	15209	296	54	2
20200210	北京	17	14213	526	167	0
20200210	吉林	38	26321	581	77	8
20200210	四川	116	177704	3882	1363	22
20200210	天津	18	67281	938	95	13
20200210	宁夏	10	2222	86	12	5
20200210	安徽	188	285742	6635	1108	32
20200210	山东	157	752174	16650	3790	1877
20200210	山西	54	210070	2665	860	104
20200210	广东	154	181541	3083	786	31
20200210	广西	66	412760	3609	1311	101
20200210	新疆	19	6465	312	82	1
20200210	曼德勒	1	18	0	0	0
20200210	江苏	297	722298	14673	2442	605
20200210	江西	146	192542	4841	826	20
20200210	河北	105	103504	2018	416	16
20200210	河南	511	1326324	25061	5080	114
20200210	浙江	170	567564	21816	1922	452
20200210	海南	12	2829	86	27	1
20200210	湖北	629	1110675	25367	5575	224
20200210	湖南	90	148367	3456	605	13
20200210	澳门	1	1777	17	0	0
20200210	甘肃	16	24624	419	139	0
20200210	福建	42	75934	2113	234	15
20200210	贵州	102	178718	5579	1742	50
20200210	辽宁	46	47213	1863	349	44
20200210	重庆	42	32806	1724	264	3
20200210	陕西	198	2598660	50317	6884	358
20200210	青海	9	7524	607	223	2
20200210	黑龙江	100	296076	1517	729	18
20200211		1	0	0	0	0
20200211	National Capital Region	2	246	20	1	0
20200211	Phnom Penh	1	3	0	0	0
20200211	上海	24	41241	938	243	5
20200211	云南	75	46357	2398	386	7
20200211	内蒙古	41	57221	949	218	12
20200211	北京	11	11282	371	86	4
20200211	吉林	44	14837	512	102	2
20200211	四川	112	216113	5374	888	20
20200211	天津	17	30514	317	72	2
20200211	宁夏	12	56528	1482	504	20
20200211	安徽	240	873604	13738	2677	290
20200211	山东	155	134414	3449	762	32
20200211	山西	68	53938	2514	698	114
20200211	广东	184	324041	4009	981	379
20200211	广西	93	285963	2614	859	81
20200211	新疆	25	75582	2021	257	6
20200211	江苏	255	720322	22102	3249	168
20200211	江西	178	630015	12292	2219	69
20200211	河北	138	2139738	18164	2740	212
20200211	河南	625	829251	21067	4461	65
20200211	浙江	232	454358	8296	1988	99
20200211	海南	15	197713	2304	480	9
20200211	湖北	746	1738507	25873	5160	283
20200211	湖南	94	125424	2972	593	11
20200211	甘肃	18	32434	353	56	5
20200211	福建	54	341073	1736	207	13
20200211	西藏	2	604	40	3	0
20200211	贵州	116	131248	3719	1131	14
20200211	辽宁	51	102961	2838	353	27
20200211	重庆	38	51918	858	215	8
20200211	陕西	148	654795	8584	1725	51
20200211	青海	3	702	120	67	0
20200211	黑龙江	66	118590	779	191	104
20200212		12	15960	33	14	0
20200212	Auckland	1	691	18	4	0
20200212	East	1	775	23	10	0
20200212	Provincie Gelderland	2	1360	44	31	1
20200212	上海	31	44735	1450	263	8
20200212	云南	73	133359	3509	375	38
20200212	内蒙古	55	36973	584	148	41
20200212	北京	25	855098	25362	601	39
20200212	吉林	30	10802	251	67	3
20200212	四川	141	856741	16224	2863	109
20200212	天津	16	7181	160	34	1
20200212	宁夏	11	3823	493	111	1
20200212	安徽	279	1127071	15723	2514	89
20200212	山东	183	562221	8334	1307	47
20200212	山西	72	171203	2794	562	18
20200212	广东	175	178268	4190	838	28
20200212	广西	93	101386	1754	398	18
20200212	新疆	24	1082549	5209	641	1808
20200212	江苏	325	760641	11978	2708	300
20200212	江西	290	1215294	13520	2752	299
20200212	河北	151	577304	6798	1163	44
20200212	河南	634	869559	24571	4795	148
20200212	浙江	336	2027304	38471	3368	292
20200212	海南	7	54185	413	62	36
20200212	湖北	863	1440848	31419	8052	246
20200212	湖南	121	156860	7914	967	56
20200212	澳门	1	566	5	4	0
20200212	甘肃	38	20104	765	172	2
20200212	福建	60	104161	2757	509	19
20200212	西藏	1	25	5	0	0
20200212	贵州	139	114963	4444	870	13
20200212	辽宁	44	69401	1232	229	4
20200212	重庆	63	103620	3999	607	6
20200212	陕西	151	399520	8683	1735	36
20200212	青海	9	2317	82	2	1
20200212	首尔特别市	1	81	0	0	0
20200212	黑龙江	93	340826	3897	536	48
20200213	Kagoshima-ken	1	188	6	7	0
20200213	Phuket Province	1	274926	1688	263	25
20200213	Tỉnh Ninh Bình	1	379	10	8	0
20200213	Yuen Long District	2	18	2	0	0
20200213	上海	44	30302	600	186	6
20200213	乔治亚	1	503	3	0	1
20200213	云南	55	1452173	12451	1108	243
20200213	内蒙古	31	56151	650	110	2
20200213	北京	22	10040	477	185	2
20200213	吉林	36	28426	591	95	4
20200213	四川	143	179957	5723	1165	35
20200213	天津	10	17887	672	121	3
20200213	宁夏	6	16489	80	15	4
20200213	安徽	277	653776	11814	2213	68
20200213	山东	160	189102	4528	1242	26
20200213	山西	64	128802	2373	565	17
20200213	广东	176	2497122	189139	4936	553
20200213	广西	81	74441	782	306	8
20200213	新疆	32	103769	2360	655	21
20200213	江苏	264	989791	18056	2369	113
20200213	江西	447	3978833	45808	6486	496
20200213	河北	142	1811588	6482	834	44
20200213	河南	585	7882190	319720	23879	3550
20200213	浙江	362	1532361	25015	3642	351
20200213	海南	14	22325	251	42	3
20200213	湖北	772	1909944	33253	6758	238
20200213	湖南	114	78973	2957	580	12
20200213	甘肃	24	36437	3402	524	10
20200213	福建	109	320378	5182	920	83
20200213	西藏	1	622	5	0	0
20200213	贵州	191	284464	11079	1971	22
20200213	辽宁	34	47534	1199	161	27
20200213	重庆	57	51056	1822	463	8
20200213	陕西	136	157086	5520	1110	39
20200213	青海	6	6731	179	38	1
20200213	香港	1	841	2	0	1
20200213	黑龙江	83	146646	2115	338	227
20200214		2	0	0	0	0
20200214	Attica	1	9	1	0	0
20200214	Budapest	1	9	1	0	0
20200214	Changwat Chon Buri	1	378	7	0	0
20200214	Chiang Mai Province	1	1100	27	25	0
20200214	Keski-Suomi	1	51	11	0	0
20200214	上海	46	633052	11797	2012	54
20200214	云南	65	211701	3592	968	34
20200214	京畿道	1	89	4	0	0
20200214	俄亥俄州	1	15	0	0	0
20200214	内蒙古	47	37978	972	216	5
20200214	北京	16	5720	194	29	3
20200214	吉林	32	34183	895	108	23
20200214	四川	130	407901	7584	1543	38
20200214	天津	12	1103	42	5	0
20200214	宁夏	15	41479	471	242	68
20200214	安徽	265	447654	10507	2069	64
20200214	山东	123	176281	2631	586	38
20200214	山西	67	148838	3299	600	7
20200214	广东	188	1610548	38951	2499	260
20200214	广西	70	421148	2717	522	21
20200214	新疆	33	789738	7803	1860	161
20200214	柔佛州	1	2	0	0	0
20200214	江苏	350	1576852	15885	3980	296
20200214	江西	587	3315316	29762	5693	328
20200214	河北	131	770050	32598	2144	35
20200214	河南	478	1700468	17161	3034	191
20200214	浙江	517	4449948	42619	7318	965
20200214	海南	12	96494	636	195	31
20200214	湖北	765	1381538	30609	9479	263
20200214	湖南	99	438792	9748	1277	207
20200214	甘肃	26	65127	902	226	0
20200214	福建	86	20720631	199921	10577	2693
20200214	西哈努克市	1	370	10	0	0
20200214	贵州	164	239506	9147	1491	38
20200214	辽宁	44	131746	892	140	42
20200214	重庆	40	77727	1086	241	7
20200214	陕西	110	1073685	10740	1503	58
20200214	青海	5	1654	71	10	0
20200214	香港	1	347	6	6	0
20200214	黑龙江	82	41146	759	84	5
20200215		4	999	12	2	0
20200215	East	1	187	15	4	0
20200215	Selangor	1	14	0	0	0
20200215	Tỉnh Hải Dương	1	163	24	0	0
20200215	Vientiane Prefecture	1	367	3	0	0
20200215	上海	29	19505	913	167	4
20200215	中米沙鄢	1	50	1	1	0
20200215	云南	68	296507	4541	719	45
20200215	内蒙古	51	37373	910	201	9
20200215	北京	13	1272732	76837	8017	163
20200215	吉林	32	29904	584	200	20
20200215	四川	152	834753	13264	2049	66
20200215	天津	11	6057	201	57	3
20200215	宁夏	10	4357	152	45	0
20200215	安大略	1	33641	694	287	6
20200215	安徽	330	899205	20338	2585	111
20200215	山东	207	244369	5887	1194	46
20200215	山西	105	1118895	13022	2370	106
20200215	广东	210	1053232	6810	2369	175
20200215	广西	98	110239	2926	475	21
20200215	新疆	34	26279	723	155	3
20200215	江苏	481	2603728	67716	7994	807
20200215	江西	365	5391818	113085	5698	794
20200215	河北	256	574604	8550	1331	113
20200215	河南	581	25617099	612504	26371	13741
20200215	浙江	528	3539122	28163	4077	235
20200215	海南	25	64205	1001	133	20
20200215	湖北	1158	2780344	49117	8803	437
20200215	湖南	99	322451	5932	754	34
20200215	甘肃	21	46799	3196	535	1
20200215	福建	99	150597	3866	713	23
20200215	纽约州	1	1554	18	0	2
20200215	西藏	2	1144	36	4	0
20200215	贵州	484	8137419	70042	6693	984
20200215	辽宁	39	44598	601	153	6
20200215	重庆	68	38053	1801	444	7
20200215	陕西	189	655055	11334	2165	80
20200215	青海	8	2544	74	16	2
20200215	香港	1	17138	180	54	2
20200215	黑龙江	98	43860	964	226	12
20200216		7	53	2	0	0
20200216	Khouèng Bokèo	1	214	9	2	0
20200216	Kuala Lumpur	1	80	2	4	0
20200216	Vientiane Province	1	55	0	0	0
20200216	上海	50	245855	3698	758	23
20200216	云南	125	248168	7741	1203	30
20200216	内蒙古	62	44361	1009	174	4
20200216	北京	21	74871	4683	355	7
20200216	吉林	47	44348	773	86	6
20200216	四川	329	1044693	19303	4306	103
20200216	天津	22	34819	493	102	3
20200216	宁夏	16	11282	373	112	5
20200216	安徽	489	1560043	32694	6577	305
20200216	山东	253	209702	7724	1345	44
20200216	山西	138	431413	7983	1427	45
20200216	广东	271	1148944	14191	3062	525
20200216	广西	119	463907	4734	792	23
20200216	新疆	52	103087	3749	694	5
20200216	江苏	509	1371859	31789	5348	303
20200216	江西	581	2239281	31079	5548	330
20200216	河北	391	1332677	19050	3089	384
20200216	河南	855	2422868	44036	6870	442
20200216	浙江	817	1578442	28966	7087	343
20200216	海南	17	36651	695	186	5
20200216	湖北	1162	2404658	53578	11630	395
20200216	湖南	133	436694	9296	1966	148
20200216	甘肃	49	322183	3372	1521	11
20200216	福建	232	784360	10585	1892	311
20200216	西藏	4	3788	30	3	0
20200216	贵州	5955	22484784	537549	84661	2687
20200216	辽宁	58	122394	3419	535	60
20200216	重庆	171	393545	14868	3349	19
20200216	陕西	253	831081	20242	4011	40
20200216	青海	8	8351	154	25	1
20200216	香港	2	320	16	7	0
20200216	黑龙江	147	82882	2842	546	16
20200217		6	714	20	9	0
20200217	Bangkok	1	34	1	0	0
20200217	Incheon	1	867	2	5	0
20200217	Phnom Penh	1	251	45	17	0
20200217	Phuket Province	1	288	8	0	0
20200217	Yangon Region	1	573	2	2	0
20200217	上海	39	152020	1817	380	42
20200217	中央吕宋	1	74	0	0	0
20200217	云南	109	203498	7969	2067	15
20200217	京畿道	1	156	9	2	0
20200217	内蒙古	52	23844	950	226	2
20200217	北京	40	55983	2162	368	2
20200217	吉林	65	257482	2065	308	40
20200217	四川	595	4936512	50571	8643	423
20200217	天津	22	12880	383	82	0
20200217	宁夏	11	8341	553	50	1
20200217	安徽	554	1979861	37903	6526	228
20200217	宾夕法尼亚州	1	1092	29	7	0
20200217	山东	318	360995	7136	1574	69
20200217	山西	217	1855101	15823	2864	144
20200217	广东	356	3231166	30207	6813	508
20200217	广西	148	680315	7856	924	241
20200217	新疆	52	312195	3182	992	237
20200217	江苏	564	6695871	51747	6213	1637
20200217	江西	1679	7835720	98068	15401	773
20200217	河北	450	2461636	33469	3423	398
20200217	河南	1012	4783193	67436	13047	1248
20200217	浙江	891	3171567	52198	9302	783
20200217	海南	19	45178	1283	302	3
20200217	湖北	1518	6947934	133698	41040	1527
20200217	湖南	319	947385	13558	2729	233
20200217	澳门	1	2	1	0	0
20200217	甘肃	55	107575	2117	389	6
20200217	福建	984	4014892	60415	10094	891
20200217	西藏	15	7183	284	29	4
20200217	贵州	2896	22220608	532385	79528	7539
20200217	辽宁	76	58166	2355	310	106
20200217	重庆	154	201133	8990	1659	13
20200217	陕西	310	1233092	22192	4485	77
20200217	青海	6	2096	168	28	0
20200217	香港	1	661	10	4	0
20200217	黑龙江	214	109231	3574	599	35
20200218		4	34440	283	14	5
20200218	Changwat Chon Buri	1	12	0	0	0
20200218	Kuala Lumpur	2	1557	5	0	0
20200218	National Capital Region	1	69	2	0	0
20200218	North East	1	94	4	0	0
20200218	Phnom Penh	1	41	10	0	0
20200218	Thành Phố Hà Nội	1	4	0	0	0
20200218	Vientiane Prefecture	1	536	12	6	1
20200218	上海	50	43648	2804	534	11
20200218	中央吕宋	1	67	3	4	2
20200218	云南	133	427545	11962	2310	46
20200218	佛罗里达州	1	56	2	0	0
20200218	内蒙古	68	85325	2665	326	17
20200218	加利西亚	1	718	15	5	0
20200218	北京	37	599860	5652	285	20
20200218	台湾	1	898	42	6	0
20200218	吉林	96	79464	1655	296	12
20200218	四川	896	2598338	62691	10956	384
20200218	天津	37	30347	717	304	5
20200218	宁夏	14	8315	255	101	2
20200218	安大略	1	2635	216	197	0
20200218	安徽	693	1788822	35726	7155	239
20200218	山东	485	1372252	15856	3078	221
20200218	山西	376	2065068	35361	5685	263
20200218	广东	616	2422333	36500	7574	631
20200218	广西	171	476085	7498	1678	78
20200218	新疆	69	71806	3100	439	20
20200218	江苏	843	7944114	144779	19962	798
20200218	江西	2736	9550604	150994	28863	1978
20200218	河北	936	4281904	73370	8841	600
20200218	河南	1394	4380768	63312	11768	370
20200218	浙江	1176	2583134	53870	10263	585
20200218	海南	47	317963	4726	1122	245
20200218	湖北	1762	11518934	262955	45567	9175
20200218	湖南	270	2673132	66850	6851	355
20200218	澳门	2	1460	27	14	0
20200218	甘肃	66	235156	7378	1262	14
20200218	福建	799	2072207	38866	6495	362
20200218	西藏	11	4348	156	35	0
20200218	贵州	1581	11357743	259108	39081	2120
20200218	路易斯安那州	1	1597	30	4	1
20200218	辽宁	84	86122	2046	524	1
20200218	重庆	177	863383	15270	2300	97
20200218	阿布鲁佐	1	100	14	0	0
20200218	陕西	281	1612649	21084	4188	141
20200218	青海	15	53056	804	156	1
20200218	首尔特别市	1	164	4	2	0
20200218	黑龙江	257	137988	4503	746	20
20200219		16	16751	327	139	5
20200219	Catalunya	1	7	0	0	0
20200219	Central Singapore Community Development Council	1	443	11	4	0
20200219	Changwat Phra Nakhon Si Ayutthaya	2	256301	1505	256	122
20200219	Chiang Mai Province	1	1523	80	25	0
20200219	Dubai	1	382	1	0	0
20200219	Kyoto Prefecture	2	2620	56	11	0
20200219	Lualaba	1	4	0	0	0
20200219	Luanda Province	1	124	4	1	0
20200219	National Capital Region	3	481	14	4	0
20200219	Port Louis District	1	311	18	11	0
20200219	上海	103	86944	3115	631	5
20200219	云南	465	1063509	31016	5356	190
20200219	京畿道	3	50	1	0	2
20200219	佛罗里达州	1	4064	217	75	4
20200219	俄亥俄州	1	1092	73	14	0
20200219	内蒙古	84	62353	1410	268	5
20200219	加利福尼亚州	1	945	1	1	0
20200219	北京	57	48913	1632	348	12
20200219	吉林	307	568023	12858	1982	84
20200219	四川	1985	11090407	171929	30097	2079
20200219	天津	55	41420	1007	215	4
20200219	宁夏	16	30491	460	71	5
20200219	安徽	960	4948130	121254	18031	1021
20200219	山东	737	9953806	282582	34374	1562
20200219	山西	415	4552825	59596	8252	410
20200219	岐阜县	1	678	51	16	0
20200219	广东	977	3823069	47186	10016	1250
20200219	广西	266	963891	10483	2948	1830
20200219	新疆	73	587225	6463	1205	53
20200219	江苏	2078	9187162	129559	27203	3774
20200219	江西	1742	18174724	355584	40315	3525
20200219	河北	1280	2597823	56145	9447	441
20200219	河南	2408	8985108	131615	24204	945
20200219	浙江	3156	9056776	133657	22535	3312
20200219	海南	80	128965	3570	487	42
20200219	湖北	2118	6466775	99155	22172	591
20200219	湖南	406	1200667	37845	6554	178
20200219	澳门	2	168	7	0	0
20200219	甘肃	125	125430	5211	976	5
20200219	福建	698	2600338	47963	7401	724
20200219	西藏	9	4874	216	47	0
20200219	贵州	1238	13179379	232295	19033	1415
20200219	辽宁	126	130260	3393	652	26
20200219	重庆	347	8478429	79639	14045	1607
20200219	陕西	391	1232233	25318	4064	125
20200219	青海	29	26817	760	288	13
20200219	首尔特别市	1	3	0	0	2
20200219	香港	5	837628	75013	2981	35
20200219	黑龙江	316	1284190	17564	1698	228
20200220		27	13466	441	44	1
20200220	Aragon	1	45066	2119	333	3
20200220	Balochistan	1	2647	141	18	0
20200220	Chiang Mai Province	1	628	14	0	0
20200220	Kratie	1	796	56	13	0
20200220	Lombardia	1	9	1	1	0
20200220	Muḩāfaz̧at al Iskandarīyah	2	4	0	0	0
20200220	National Capital Region	2	82	9	3	1
20200220	Phuket Province	1	319	7	0	0
20200220	San José	1	1061	114	25	0
20200220	Thành Phố Đà Nẵng	1	16	0	0	0
20200220	Tỉnh Hải Dương	1	134	15	2	0
20200220	Île-de-France	4	387	11	1	0
20200220	上海	245	3094941	26019	3842	104
20200220	中央吕宋	1	125	6	3	0
20200220	中苏拉威西省	1	1190	138	6	0
20200220	云南	584	2645919	83321	12079	470
20200220	京畿道	1	1051	20	0	0
20200220	俄亥俄州	2	4420	417	89	2
20200220	内蒙古	157	220247	6778	753	42
20200220	北京	95	232013	9072	1229	61
20200220	卡纳塔克邦	1	2322	64	18	0
20200220	台湾	2	680	19	4	0
20200220	吉林	953	937648	21000	3669	207
20200220	四川	2326	14636592	262652	40822	3251
20200220	天津	79	171107	4770	732	92
20200220	宁夏	17	31839	1742	365	11
20200220	安徽	5264	32572342	479627	67365	8887
20200220	山东	1435	4449521	96670	14020	1414
20200220	山西	599	1997070	38844	6633	190
20200220	广东	1668	13986631	211159	25191	3439
20200220	广西	673	2975131	34362	7709	1082
20200220	新疆	196	340693	8514	2035	60
20200220	江苏	9679	28577058	550855	98493	4724
20200220	江西	2550	11071893	226253	30410	1647
20200220	河北	1177	6200159	71700	10086	2063
20200220	河南	7701	27411111	450430	79468	4902
20200220	浙江	4723	25407624	312486	45818	7125
20200220	海南	292	803153	15238	3252	122
20200220	湖北	3167	11650047	226962	45968	2650
20200220	湖南	706	2543395	77525	8190	1919
20200220	澳门	6	298	8	8	0
20200220	甘肃	158	355845	13296	1751	29
20200220	福建	1218	3620103	76775	14569	540
20200220	西藏	5	1149	42	4	0
20200220	贵州	754	1676896	57526	9225	176
20200220	辽宁	670	1123241	20619	3342	156
20200220	重庆	1520	19177129	308109	43145	4732
20200220	陕西	755	4651088	80755	12058	886
20200220	青海	37	55000	809	193	3
20200220	香港	4	4708	427	62	1
20200220	马里兰州	1	1	0	0	0
20200220	黑龙江	541	1076751	22152	3810	229
20200221		47	22625	1307	219	7
20200221	Central Singapore Community Development Council	3	2821	22	3	0
20200221	Chiba-ken	1	1668	351	227	0
20200221	Dar es Salaam Region	1	1	0	0	0
20200221	Dubai	1	537	8	5	1
20200221	Jeju-do	1	948	66	7	0
20200221	Kampong Cham	1	193	12	0	0
20200221	Lualaba	1	97	9	0	0
20200221	Muḩāfaz̧at al Iskandarīyah	3	174	12	5	2
20200221	Pulau Pinang	1	472	12	8	0
20200221	Shan State	1	1621	58	2	1
20200221	State of New South Wales	1	45	3	0	0
20200221	Svay Rieng	1	319	20	2	0
20200221	São Paulo	1	1769	59	8	0
20200221	Tỉnh Quảng Ninh	1	539	40	8	0
20200221	Yangon Region	2	150	9	1	0
20200221	上海	282	287716	11306	2327	62
20200221	云南	1363	3168276	107641	15693	456
20200221	京畿道	1	1	0	0	0
20200221	内蒙古	248	238369	6861	1386	39
20200221	勃固	2	920	29	4	0
20200221	北京	156	198939	7020	1266	14
20200221	吉林	1164	1146808	24369	3786	150
20200221	四川	4048	15815202	368962	62405	3012
20200221	天津	150	204883	5086	961	10
20200221	宁夏	44	38829	1591	223	2
20200221	安大略	1	648	63	10	0
20200221	安徽	9471	31471785	776371	111920	3951
20200221	山东	2659	10401200	156652	28625	1723
20200221	山西	772	2086292	46273	8769	230
20200221	广东	2343	18137460	200107	26704	3290
20200221	广西	2213	4584445	78798	19872	896
20200221	新疆	339	695543	24778	4351	123
20200221	江苏	9591	28807930	628830	112755	3842
20200221	江西	2326	6077301	120337	21820	586
20200221	河北	1497	2533207	52437	11232	379
20200221	河南	26119	77215917	1662199	261572	9195
20200221	浙江	2701	8671585	178820	31224	1632
20200221	海南	407	1690000	24845	4270	1516
20200221	湖北	3241	9445109	193434	42094	1269
20200221	湖南	749	4027220	87000	13028	368
20200221	澳门	6	785	10	1	1
20200221	甘肃	652	2895161	48752	7815	346
20200221	福建	1035	11354982	231966	23954	2133
20200221	纽约州	1	104	7	2	0
20200221	西藏	5	4354	264	35	2
20200221	贵州	672	1512948	51630	7380	140
20200221	辽宁	1483	1277706	37850	7396	445
20200221	重庆	2785	17897529	354170	51361	1790
20200221	陕西	3777	33401171	501248	59840	19790
20200221	青海	67	90063	2293	506	10
20200221	首尔特别市	2	3396	53	36	0
20200221	香港	4	3755	263	81	1
20200221	黑龙江	941	907363	22519	3543	137
20200222		46	680454	6745	312	1604
20200222	Al Karak	1	495	11	7	0
20200222	Central Singapore Community Development Council	2	323	19	0	0
20200222	Chiba-ken	1	1723	71	40	2
20200222	Daerah Khusus Ibukota Jakarta	1	1225	49	10	0
20200222	Dubai	1	473	14	0	0
20200222	Gouvernorat de Tunis	1	180	14	4	0
20200222	Irkutskaya Oblast’	1	1689	11	4	0
20200222	Kampala District	1	231	37	1	0
20200222	Kampong Cham	1	198	6	0	0
20200222	Kampong Speu	1	568	53	7	0
20200222	Luanda Province	1	568	23	6	0
20200222	Muḩāfaz̧at al Aḩmadī	1	109	3	4	2
20200222	National Capital Region	1	110	3	0	0
20200222	Provinsi Sumatera Barat	1	2	0	0	0
20200222	State of New South Wales	1	1231	29	20	0
20200222	Tỉnh Hải Dương	1	491	32	20	1
20200222	West	1	131	28	4	0
20200222	上海	362	558505	20617	3817	94
20200222	云南	2290	6911445	173280	24883	1373
20200222	内蒙古	747	1563701	20347	3658	232
20200222	加利福尼亚州	1	1176	231	20	0
20200222	北京	206	649946	26216	3153	91
20200222	华盛顿州	1	6144	358	12	0
20200222	台湾	2	263	38	4	0
20200222	吉林	677	810236	55806	3745	184
20200222	四川	4394	24895651	436829	67332	5705
20200222	天津	138	194471	5150	1147	29
20200222	宁夏	112	177883	4607	798	27
20200222	安徽	11836	35195157	846300	136799	10344
20200222	山东	2529	6684370	120220	24522	937
20200222	山西	1565	5951611	110863	19428	663
20200222	岛根县	1	5	1	0	0
20200222	广东	2718	7253646	151163	25584	2695
20200222	广西	2707	11063630	141777	27427	1864
20200222	新疆	592	1680983	34548	8565	984
20200222	柔佛州	1	241	14	4	0
20200222	江苏	8910	31134856	672396	116423	3883
20200222	江西	2460	23735764	230762	34796	2554
20200222	河北	1861	4648830	72051	14625	815
20200222	河南	25269	81890153	1799611	291278	12281
20200222	浙江	2152	8741778	194154	28603	3616
20200222	海南	533	650409	18090	3484	131
20200222	湖北	4015	17728735	287027	58526	2503
20200222	湖南	1078	7495867	134651	16730	1460
20200222	澳门	1	10400	225	63	2
20200222	甘肃	1921	7242987	118358	20986	1363
20200222	福建	859	1781698	54561	8039	316
20200222	西哈努克市	2	21	0	0	1
20200222	西藏	9	6737	777	107	0
20200222	贵州	728	1895450	68897	9205	319
20200222	辽宁	1565	1380535	40655	7803	356
20200222	重庆	4601	18377976	440667	69633	3924
20200222	陕西	6746	19463535	522182	84675	4387
20200222	青海	82	373809	5622	967	29
20200222	香港	4	53497	3094	290	33
20200222	黑龙江	991	1484943	21356	4194	194
20200223		29	72108	1400	149	4
20200223	Arima	1	2	0	0	0
20200223	Attica	1	14	1	0	0
20200223	Central Singapore Community Development Council	1	1861	15	7	0
20200223	Changwat Rayong	1	1068	33	15	0
20200223	National Capital Region	3	983	88	8	0
20200223	North	1	7130	114	27	0
20200223	Novosibirskaya Oblast’	1	1285	250	17	0
20200223	Phnom Penh	2	80	8	0	0
20200223	Thành Phố Hải Phòng	1	3945	26	16	4
20200223	Tokyo Prefecture	1	478	0	0	0
20200223	Tỉnh Hà Giang	1	134	7	4	0
20200223	Tỉnh Hà Nam	1	928	164	27	0
20200223	Vientiane Prefecture	1	12	3	0	0
20200223	West	2	31	5	1	0
20200223	Western Cape	2	11841	508	81	1
20200223	Wilaya de Mascara	1	6	1	0	0
20200223	上海	355	1077208	22952	3788	148
20200223	中央吕宋	1	53	7	1	0
20200223	云南	1678	7276852	195557	27390	1182
20200223	俄亥俄州	2	174	15	2	0
20200223	内蒙古	901	958704	25961	4733	131
20200223	北京	221	413389	11234	1811	120
20200223	吉林	509	564519	12944	2071	70
20200223	四川	6306	19620100	558023	93261	3095
20200223	天津	229	531685	9845	2093	79
20200223	宁夏	101	177244	5025	1089	21
20200223	安徽	11505	34054339	812820	132117	7072
20200223	山东	1998	5350784	106850	20462	1176
20200223	山西	1590	6627741	140903	19439	1145
20200223	广东	2199	7847781	131169	22534	1556
20200223	广西	2111	5160107	87501	20037	1083
20200223	新疆	592	2420712	42231	8703	1239
20200223	江苏	5426	13767063	342406	61708	3018
20200223	江西	1890	7159010	123079	22422	1285
20200223	河北	3120	11547297	185968	34648	4528
20200223	河南	15241	53652697	1124926	173881	18354
20200223	浙江	1523	20130913	268324	36080	3919
20200223	海南	541	1176263	29594	4881	318
20200223	湖北	4574	23799285	366551	81756	4162
20200223	湖南	1105	2657735	67245	11496	431
20200223	澳门	1	6001	177	3	3
20200223	甘肃	1627	6055169	160537	20140	2100
20200223	福建	768	3162198	48531	8708	491
20200223	西藏	4	131499	1008	241	6
20200223	贵州	669	1522341	52724	7378	241
20200223	辽宁	1541	2318471	53469	10229	414
20200223	重庆	3712	12214627	368796	59792	1628
20200223	金夏沙	1	4450	300	73	0
20200223	陕西	5419	17588135	522430	71983	6474
20200223	青海	111	982971	25245	3036	1540
20200223	首尔特别市	1	4	0	0	0
20200223	香港	6	5491	535	51	4
20200223	黑龙江	1280	1820466	30398	5897	1353
20200224		55	57491	683	81	9
20200224	Aichi-ken	1	238	47	5	0
20200224	Central District	1	255	7	0	0
20200224	Gia Lai	1	661	75	6	0
20200224	Kuala Lumpur	1	2	0	0	0
20200224	Madhyamanchal	1	581	48	15	1
20200224	Managua	1	830	152	28	0
20200224	National Capital Region	1	96	9	2	0
20200224	Phnom Penh	1	4	0	0	0
20200224	Takeo	1	165	24	1	0
20200224	Wilaya de Mascara	1	79	4	0	0
20200224	上海	257	442579	13607	2121	126
20200224	不列颠哥伦比亚	1	34	3	0	0
20200224	云南	1096	3186213	87331	13269	335
20200224	内蒙古	708	8484396	32127	4129	441
20200224	北京	144	1671028	37334	2574	78
20200224	华盛顿州	1	7817	92	33	0
20200224	吉林	390	1254766	20431	1886	48
20200224	四川	4982	16154919	406598	63459	2112
20200224	天津	164	189409	8000	1712	50
20200224	宁夏	97	179607	4122	1091	32
20200224	安徽	9285	31444869	633750	109348	3582
20200224	山东	1778	12380494	143012	18990	1489
20200224	山西	1141	5578966	87435	15398	1406
20200224	巴伐利亚	1	1646	46	9	0
20200224	广东	1441	19494741	415025	28365	4963
20200224	广西	1355	2694067	54480	12715	732
20200224	新疆	553	1916251	32273	7646	577
20200224	江苏	3246	7751961	200013	40314	1354
20200224	江西	1274	15794448	245027	20327	1524
20200224	河北	1594	9673387	176757	23645	1519
20200224	河南	8228	30445138	617298	97928	2743
20200224	浙江	1105	4000490	71537	11438	468
20200224	海南	398	484955	15441	3415	85
20200224	湖北	4486	15551138	356414	71735	1601
20200224	湖南	861	4943258	85886	11860	523
20200224	澳门	2	190	10	0	0
20200224	甘肃	1042	2887942	76880	10746	912
20200224	砂拉越	1	76	2	0	1
20200224	福建	425	1152917	22077	4887	155
20200224	胡志明市	1	4719	38	15	0
20200224	西藏	5	1515	94	16	0
20200224	贵州	757	1975107	69363	11507	283
20200224	辽宁	1115	1078941	32656	5641	290
20200224	重庆	1894	9143844	200853	27365	1421
20200224	金夏沙	1	4062	368	50	0
20200224	陕西	4747	15260228	385084	57801	18084
20200224	青海	174	262085	5850	1122	36
20200224	香港	4	1292	46	7	0
20200224	黑龙江	1827	2944015	48549	7143	699
20200225		18	28488	544	74	0
20200225	Bangkok	1	28	2	0	0
20200225	Central Singapore Community Development Council	1	92	2	0	1
20200225	Shizuoka	1	601	29	26	0
20200225	Ōsaka-fu	2	876	35	6	0
20200225	上海	200	323805	13276	2242	38
20200225	云南	820	1796422	47721	7350	339
20200225	内蒙古	659	1025481	24776	3321	89
20200225	加利福尼亚州	1	2	0	0	0
20200225	北京	131	509234	15109	2510	139
20200225	北方邦	1	31	7	0	0
20200225	台湾	1	88	3	0	0
20200225	吉林	267	282894	8988	1672	161
20200225	四川	2986	12239754	269500	45227	1439
20200225	塔毛利帕斯州	1	15427	632	87	0
20200225	天津	123	197130	5277	1046	45
20200225	宁夏	231	318880	8955	2023	40
20200225	安大略	1	502	3	0	0
20200225	安徽	5409	22396606	426621	71169	3044
20200225	山东	1427	3406916	74376	13274	1410
20200225	山西	873	1617839	44302	8636	187
20200225	广东	1082	2412659	46228	10680	361
20200225	广西	935	1863877	38585	8756	229
20200225	新疆	510	2698733	41816	9533	1036
20200225	江苏	2193	5493230	154487	30504	798
20200225	江西	1022	2631349	66075	12609	349
20200225	河北	1289	2645070	61202	13546	303
20200225	河南	6322	26264273	469170	77666	7212
20200225	浙江	815	1774879	43496	8738	257
20200225	海南	288	545668	14394	2815	110
20200225	湖北	4839	24930119	391886	115428	1748
20200225	湖南	607	2527172	70936	9193	759
20200225	澳门	1	138	2	1	0
20200225	甘肃	637	1517981	43463	6910	542
20200225	福建	308	969073	20275	2978	114
20200225	西藏	5	4959	83	21	1
20200225	贵州	688	1491347	63946	8691	208
20200225	辽宁	670	1538432	50211	8201	368
20200225	重庆	1233	4905878	111766	18799	410
20200225	陕西	4617	19593529	415090	61317	4638
20200225	青海	86	85539	2860	617	7
20200225	香港	3	21	1	0	0
20200225	黑龙江	1511	14959877	200140	24750	3092
20200226		15	61840	599	41	20
20200226	Auckland	1	510	2	0	0
20200226	Bangkok	2	1139	170	38	0
20200226	Kanagawa	1	297	26	3	0
20200226	Punjab Province	1	1618	186	62	0
20200226	Selangor	1	345	6	2	0
20200226	Tokyo Prefecture	2	1524	20	1	0
20200226	Yangon Region	1	1713	40	30	0
20200226	上海	150	160562	7435	1385	18
20200226	云南	716	1342254	44542	7490	146
20200226	内蒙古	438	550961	12782	2659	69
20200226	北京	105	346556	3937	764	40
20200226	华盛顿州	2	310	37	9	0
20200226	吉林	221	254055	4458	961	69
20200226	四川	1769	7201186	214604	32347	737
20200226	天津	126	107887	4236	1053	26
20200226	宁夏	182	331329	9713	1744	26
20200226	安徽	3643	15038081	333689	52848	1004
20200226	山东	1235	2894248	60013	11542	537
20200226	山西	608	2006987	48108	9816	359
20200226	广东	1080	2234348	76651	10907	541
20200226	广西	787	1147375	26140	6078	194
20200226	新疆	806	6652858	137074	19324	1550
20200226	柔佛州	1	265	3	3	0
20200226	江苏	1881	9125198	231226	29630	1213
20200226	江西	797	14053208	185481	56790	1934
20200226	河北	1108	2610640	43259	10775	271
20200226	河南	4217	42975005	663120	74204	9363
20200226	浙江	581	1708738	47444	6909	262
20200226	海南	194	644743	13521	3529	275
20200226	湖北	4432	21458539	358179	97932	3530
20200226	湖南	475	5015321	39648	8341	2514
20200226	甘肃	353	2155404	49653	4753	262
20200226	福建	312	1663018	30402	4552	218
20200226	西藏	3	1521	56	12	0
20200226	贵州	644	1131051	50534	8516	165
20200226	辽宁	415	378503	10991	2178	48
20200226	重庆	823	2248813	69888	13638	696
20200226	陕西	3434	10111438	252817	41749	1076
20200226	青海	77	120954	3373	505	18
20200226	香港	3	3066	32	18	3
20200226	黑龙江	1402	2836887	32228	5037	717
20200227		59	7062	223	9	0
20200227	Catalunya	1	6	0	0	0
20200227	Chiba-ken	1	365	65	6	0
20200227	Distrito de Leiria	1	270	8	0	0
20200227	Khabarovskiy Kray	1	898	27	6	0
20200227	National Capital Region	2	38	2	0	0
20200227	Punjab Province	2	75688	5941	724	11
20200227	State of New South Wales	2	7	0	0	0
20200227	State of Victoria	1	666	128	3	16
20200227	West	1	628	14	10	0
20200227	上海	140	1061786	22509	6197	397
20200227	云南	414	1260501	48726	6167	231
20200227	京畿道	1	748	27	0	0
20200227	内蒙古	318	302256	9873	2228	67
20200227	北京	104	13216477	141969	17665	4620
20200227	吉林	173	68394	2873	487	25
20200227	四川	1252	2728023	103623	17552	326
20200227	夏威夷州	1	12194	277	25	2
20200227	天津	75	200636	3627	701	8
20200227	宁夏	120	208092	4143	1105	112
20200227	安徽	2293	9314350	213273	34281	1266
20200227	小波兰省	1	195	2	0	1
20200227	山东	992	63594569	664296	109476	21098
20200227	山西	446	2059872	36068	6620	622
20200227	广东	985	16923220	165886	21706	4527
20200227	广西	794	2376978	31514	7239	491
20200227	新疆	640	3687950	65762	14771	1871
20200227	柔佛州	1	18	6	0	0
20200227	江苏	1546	3630190	86882	16877	536
20200227	江西	726	3027998	71522	9699	685
20200227	河北	990	1763658	38602	8356	250
20200227	河南	3034	17683477	443445	56233	6431
20200227	浙江	798	7137367	94583	21033	1132
20200227	海南	120	980340	11127	1724	413
20200227	湖北	4390	26521391	367719	83324	6353
20200227	湖南	395	1550733	25065	5402	414
20200227	澳门	3	25898	605	191	6
20200227	甘肃	201	362763	11146	2054	20
20200227	福建	314	631317	14607	2947	198
20200227	西藏	3	391	3	10	0
20200227	贵州	648	1901077	56248	9582	145
20200227	辽宁	325	313957	7537	1753	71
20200227	重庆	603	1846755	45021	7508	191
20200227	陕西	1873	28211742	403905	60332	45650
20200227	青海	46	26556	1282	331	5
20200227	香港	4	18284	343	128	2
20200227	黑龙江	1278	571249	17299	3076	109
20200228		13	14189	212	22	1
20200228	Changwat Chiang Rai	1	203	5	2	0
20200228	Jeju-do	1	26	1	0	0
20200228	Kampong Speu	1	93	15	6	0
20200228	National Capital Region	1	670	4	2	0
20200228	North	1	2182	176	33	0
20200228	Sulawesi Tenggara	2	2840	36	7	0
20200228	Tomskaya Oblast’	1	296	25	12	0
20200228	上海	127	228159	7142	1629	76
20200228	云南	335	1242168	40142	3917	195
20200228	内蒙古	225	1054570	6833	1194	150
20200228	加利福尼亚州	1	5	2	0	0
20200228	北京	87	107026	2516	386	7
20200228	南苏门答腊省	1	112	9	4	1
20200228	台湾	1	709	68	15	0
20200228	吉林	134	91541	3073	687	21
20200228	四川	1088	71944432	1280594	157532	167329
20200228	天津	90	207635	4304	965	95
20200228	宁夏	101	181581	3688	831	35
20200228	安徽	1575	5688048	168854	23954	678
20200228	山东	880	1914500	38706	8445	267
20200228	山西	333	1195343	21431	3724	122
20200228	广东	771	1502236	36424	6895	508
20200228	广西	571	1828045	21950	5131	959
20200228	新疆	587	1715484	39729	9553	403
20200228	柔佛州	1	220	1	0	1
20200228	江苏	1037	2766137	70231	15851	720
20200228	江西	633	1761786	28822	5617	188
20200228	河北	765	2879166	43738	9046	968
20200228	河南	2826	7857338	215199	31529	777
20200228	浙江	555	2290162	63137	8979	398
20200228	海南	138	426371	7499	1139	33
20200228	湖北	4946	16900505	283452	78546	3124
20200228	湖南	290	810184	30987	3552	169
20200228	澳门	4	13096	155	19	0
20200228	甘肃	193	351208	8495	1946	34
20200228	福建	180	238545	7909	1456	24
20200228	莫斯科州	1	88	2	3	0
20200228	西哈努克市	1	888	40	18	0
20200228	西藏	3	5490	252	157	0
20200228	贵州	375	965161	30444	4333	109
20200228	辽宁	196	436464	10576	1698	63
20200228	重庆	519	906738	34642	4949	194
20200228	陕西	1709	6418446	127272	20546	913
20200228	青海	32	34430	1250	225	2
20200228	香港	2	66468	703	687	0
20200228	马尔凯	1	38	1	0	0
20200228	黑龙江	1209	1320377	40574	3112	140
20200229		15	8268	160	13	0
20200229	Calabarzon	1	615	33	20	0
20200229	Eastern Cape	3	14	0	0	0
20200229	National Capital Region	2	294	30	1	0
20200229	Tỉnh Đồng Nai	1	682	63	18	2
20200229	上海	160	801958	10999	1941	53
20200229	云南	283	973632	22127	3761	201
20200229	内蒙古	191	166031	7049	936	44
20200229	北京	86	107151	5122	1291	17
20200229	吉林	113	274766	11924	851	44
20200229	四川	951	2679740	79407	12545	589
20200229	塔那那利佛	1	236	11	4	0
20200229	天津	78	84580	2519	596	110
20200229	宁夏	58	98139	2314	362	2
20200229	安徽	1614	5089404	124148	20900	600
20200229	山东	1015	4472283	64253	10899	5715
20200229	山西	418	1304295	25237	4609	320
20200229	广东	781	1198827	29781	6527	361
20200229	广西	519	1675339	40409	7001	324
20200229	新疆	698	2450774	44944	10992	1475
20200229	東加里曼丹省	1	45	0	0	0
20200229	江苏	1104	3786937	139390	18893	819
20200229	江西	566	1097297	27819	5207	374
20200229	河北	663	1003179	26448	5524	194
20200229	河南	3084	8916378	217191	35356	1215
20200229	浙江	495	2719525	39113	5163	146
20200229	海南	127	176065	7729	2288	32
20200229	湖北	6353	15357346	332975	78201	5414
20200229	湖南	272	425839	18853	3886	74
20200229	澳门	3	165	6	1	1
20200229	甘肃	166	3693537	181883	7103	178
20200229	福建	180	223383	8808	1354	68
20200229	西藏	1	595	11	5	0
20200229	贵州	364	1259588	30232	5070	328
20200229	辽宁	185	171968	3514	722	24
20200229	重庆	459	779253	29060	5233	97
20200229	陕西	1711	4629982	122637	20509	632
20200229	青海	32	67080	2307	508	2
20200229	黑龙江	1284	1138047	18830	3473	593
20200301		16	18219	981	60	3
20200301	Khabarovskiy Kray	1	246	10	1	0
20200301	Khouèng Bokèo	1	1	0	0	0
20200301	Kuala Lumpur	1	24	2	1	0
20200301	Phnom Penh	1	235	12	1	0
20200301	Sabah	1	22	1	0	0
20200301	Sulawesi Tenggara	1	238	65	22	0
20200301	Yangon Region	1	804	36	2	0
20200301	上海	143	191079	10579	2025	21
20200301	云南	279	909792	19200	3829	48
20200301	内蒙古	144	141178	3677	879	15
20200301	北京	99	322953	7894	1455	63
20200301	吉林	130	87526	1866	333	9
20200301	四川	756	2235205	60983	12854	430
20200301	天津	74	68031	2638	351	11
20200301	宁夏	48	77066	3212	430	6
20200301	安徽	1562	3596996	103713	19304	380
20200301	山东	1159	2516699	52923	9270	338
20200301	山西	600	1300640	37656	7832	105
20200301	广东	827	1396333	28820	6973	182
20200301	广西	406	1102594	27496	7950	236
20200301	新疆	704	2374058	36963	10619	1074
20200301	江苏	974	3211125	74736	14105	1105
20200301	江西	525	2208146	34734	7140	1039
20200301	河北	833	1496846	31117	6026	83
20200301	河南	3368	73850743	2604034	196980	44399
20200301	浙江	441	1244783	27459	3953	233
20200301	海南	107	347248	5297	1215	51
20200301	湖北	6529	29222130	532165	108303	4516
20200301	湖南	264	515772	18286	2734	66
20200301	澳门	4	185	8	2	0
20200301	甘肃	156	458606	9515	1449	120
20200301	福建	139	244957	8544	2107	55
20200301	英格兰	1	649	9	0	0
20200301	西藏	10	1489	64	23	0
20200301	豪登省	1	3	0	0	0
20200301	贵州	265	447180	14964	2502	76
20200301	辽宁	165	233130	4868	1615	92
20200301	重庆	420	1791432	39961	6305	577
20200301	陕西	1502	7646661	136098	23706	733
20200301	青海	27	57600	1430	364	6
20200301	香港	2	12003	194	91	2
20200301	黑龙江	1363	733162	24899	4132	218
20200302		12	44870	701	94	6
20200302	Chiba-ken	1	688	98	3	0
20200302	East	1	2000	40	24	0
20200302	Gyeongsangbuk-do	1	859	47	6	0
20200302	Kayin State	1	462	15	4	0
20200302	Nairobi	1	132	2	2	0
20200302	Panamá	1	1116	60	41	1
20200302	上海	118	145633	7275	1041	63
20200302	云南	208	2885769	34360	4346	111
20200302	内蒙古	136	127293	2309	669	32
20200302	北京	89	200392	4563	674	7
20200302	台湾	1	50	7	2	0
20200302	吉林	98	307603	5304	1746	42
20200302	四川	525	1009305	34566	7014	209
20200302	天津	82	175441	11319	551	26
20200302	宁夏	36	77720	2131	537	4
20200302	安徽	1172	2950144	76232	14068	390
20200302	山东	1202	2239625	62357	10508	265
20200302	山西	324	753024	18975	3735	73
20200302	广东	597	3326627	43435	8188	376
20200302	广西	331	757025	15519	3757	127
20200302	新疆	703	2798429	38083	9720	1373
20200302	江苏	983	2004712	44433	9571	228
20200302	江西	484	2824998	68444	9655	373
20200302	河北	656	958938	22431	4137	88
20200302	河南	2662	8564307	171412	27770	2357
20200302	浙江	413	699597	18058	4320	167
20200302	海南	73	162956	4220	823	19
20200302	湖北	5869	33601147	418295	84968	3114
20200302	湖南	212	1677575	50681	9191	434
20200302	澳门	3	2636	55	25	3
20200302	甘肃	99	116988	5469	722	23
20200302	福建	116	151694	4828	866	26
20200302	纽约州	1	4	0	0	0
20200302	西藏	3	323	13	4	0
20200302	贵州	222	342892	14809	2498	35
20200302	辽宁	126	160304	3474	625	16
20200302	重庆	311	1598548	24392	4117	544
20200302	陕西	938	2510678	63737	11680	358
20200302	青海	21	10346	610	82	1
20200302	香港	5	3208	84	77	1
20200302	黑龙江	1450	865540	20605	3949	115
20200303		75	6347	299	88	6
20200303	Lagos State	1	1089	37	3	0
20200303	Phnom Penh	1	151	11	0	0
20200303	上海	118	83502	3059	623	7
20200303	云南	205	176325	6579	1147	28
20200303	内蒙古	100	71110	3019	430	9
20200303	北京	94	81639	6282	533	22
20200303	台湾	1	3	1	0	0
20200303	吉林	96	70956	1683	272	9
20200303	四川	470	2277081	38456	6325	123
20200303	天津	76	701444	4978	842	69
20200303	宁夏	37	18890	1024	166	9
20200303	安徽	1041	1866441	59770	9697	257
20200303	山东	1275	4292593	66913	12284	2468
20200303	山西	337	1328963	25413	4374	155
20200303	广东	562	1884406	32917	7586	306
20200303	广西	229	269804	5874	1617	57
20200303	新疆	632	1810059	28925	6630	650
20200303	柔佛州	1	9	1	0	0
20200303	江苏	962	3733142	59729	12133	634
20200303	江西	336	502961	17304	3735	100
20200303	河北	654	1017640	17807	3784	100
20200303	河南	2436	11780850	212636	29016	1493
20200303	浙江	412	2524477	65403	6746	317
20200303	海南	71	141483	11837	8892	16
20200303	湖北	6714	26065924	381698	100617	5538
20200303	湖南	146	266057	7556	1235	27
20200303	澳门	1	13	0	0	0
20200303	甘肃	105	172262	6046	863	23
20200303	福建	96	164982	3407	723	17
20200303	西藏	3	24424	613	218	2
20200303	贵州	188	267787	11811	2023	29
20200303	辽宁	135	102259	4261	490	10
20200303	重庆	308	636335	25654	3365	871
20200303	陕西	879	3526721	70567	12954	549
20200303	青海	14	94146	1110	243	1
20200303	首尔特别市	1	0	0	0	0
20200303	香港	1	7	2	0	0
20200303	黑龙江	1775	2763924	38682	7470	3125
20200304		77	28898	650	40	2
20200304	Almaty	1	925	26	2	1
20200304	Bangkok	1	39	1	0	0
20200304	Phnom Penh	1	57	1	1	0
20200304	Tỉnh Bắc Giang	1	15	1	2	0
20200304	上海	117	291089	8017	1473	15
20200304	云南	148	335139	8338	1146	42
20200304	内蒙古	98	66887	1722	478	9
20200304	北京	103	889853	20851	4128	614
20200304	台湾	4	303	2	0	1
20200304	吉林	91	34423	1253	237	8
20200304	四川	574	2110121	42680	8112	352
20200304	天津	62	34153	998	301	2
20200304	宁夏	36	22823	594	130	3
20200304	安徽	1028	2078075	61799	11144	294
20200304	山东	1173	2239289	56447	9211	992
20200304	山西	379	786991	20693	4437	93
20200304	巴厘岛	1	54	3	0	0
20200304	广东	538	3638242	39743	7381	1013
20200304	广西	173	369874	5237	1591	63
20200304	新疆	3779	20026645	272609	66802	13778
20200304	江苏	955	10164735	104823	13217	669
20200304	江西	406	3316990	26388	5124	451
20200304	河北	670	2113517	32043	6344	560
20200304	河南	2353	7371910	169083	26004	1333
20200304	浙江	331	1480749	25296	4512	836
20200304	海南	69	379678	4625	898	51
20200304	湖北	9439	42137141	574122	139670	5517
20200304	湖南	195	399314	10505	2342	51
20200304	澳门	3	945	16	0	0
20200304	甘肃	125	139436	3499	803	14
20200304	福建	99	483818	20843	2059	598
20200304	纽约州	1	8	0	0	0
20200304	贵州	175	419742	10407	1697	48
20200304	辽宁	93	147568	2437	442	17
20200304	重庆	397	1094185	29791	5109	116
20200304	陕西	873	2242892	65791	11355	181
20200304	青海	24	35747	593	149	8
20200304	香港	1	308	14	10	1
20200304	黑龙江	1875	1509606	32064	5720	306
20200305		128	65418	389	189	2
20200305	Aichi-ken	1	214	5	0	0
20200305	Almaty	3	886	59	1	0
20200305	Bangkok	1	6	1	0	0
20200305	Comunidad de Madrid	1	102	1	0	0
20200305	Dubai	1	437	58	15	0
20200305	Mashonaland West Province	1	1030	8	5	0
20200305	Mbeya Region	1	929	49	6	0
20200305	Northern Ireland	1	24737	302	32	0
20200305	Phnom Penh	2	776	24	4	0
20200305	Yangon Region	1	56	5	0	0
20200305	上海	131	186203	4648	768	13
20200305	云南	137	501174	14374	2530	76
20200305	内蒙古	123	121888	3236	581	15
20200305	北京	93	102105	2976	785	16
20200305	印第安纳州	1	22	1	2	0
20200305	吉林	98	161629	2316	436	18
20200305	四川	721	1460304	47023	7811	247
20200305	天津	85	71772	2836	456	20
20200305	宁夏	45	59590	2129	415	1
20200305	安大略	1	539	16	6	0
20200305	安徽	1102	1864921	61303	12898	385
20200305	山东	1102	2128362	65239	15903	503
20200305	山西	370	3225174	52691	6513	761
20200305	广东	579	902932	27130	5293	161
20200305	广西	210	422681	6763	1577	76
20200305	新疆	5367	16057062	359419	64630	7970
20200305	江苏	1063	2258413	53510	10494	326
20200305	江西	470	2167100	98227	8302	113
20200305	河北	716	1686243	31605	6528	269
20200305	河南	2451	6884506	129227	22434	654
20200305	浙江	348	484926	13766	3031	63
20200305	海南	56	411583	5174	952	67
20200305	湖北	15365	67999353	1063430	254412	15166
20200305	湖南	252	2105241	18090	3146	152
20200305	澳门	3	2026	39	18	0
20200305	甘肃	110	217684	4745	1047	31
20200305	福建	96	659393	19498	1105	52
20200305	西哈努克市	1	1815	51	5	0
20200305	西藏	2	287	25	10	0
20200305	贵州	155	692372	12114	2212	136
20200305	辽宁	120	75577	2466	532	18
20200305	重庆	330	644822	16271	3281	52
20200305	陕西	645	1485551	43623	6568	101
20200305	青海	26	16341	1269	191	3
20200305	香港	1	3	0	0	0
20200305	黑龙江	2089	1708632	46622	7657	383
20200306		82	4472	170	17	1
20200306	Dubai	1	24	4	0	0
20200306	Khouèng Phôngsali	1	1556	87	6	0
20200306	Luanda Province	1	404	21	6	0
20200306	Muḩāfaz̧at al Iskandarīyah	1	15	0	0	0
20200306	Phnom Penh	1	513	11	5	0
20200306	State of New South Wales	1	5	0	0	0
20200306	上海	114	478134	3548	710	14
20200306	云南	108	316375	5657	1246	19
20200306	俄亥俄州	1	65	2	0	0
20200306	内蒙古	123	58895	1752	301	7
20200306	北京	111	54794	2611	490	13
20200306	吉林	89	22613	1048	216	11
20200306	四川	608	1089655	39582	6571	126
20200306	天津	75	55190	1673	344	10
20200306	宁夏	45	53140	1673	371	8
20200306	安徽	1549	4111647	97118	18738	849
20200306	山东	1008	2261908	54558	10350	379
20200306	山西	350	1524511	24669	4529	167
20200306	广东	627	1812616	26797	6397	691
20200306	广西	228	339260	6866	1706	44
20200306	新疆	2643	5866949	136637	25063	1569
20200306	江苏	991	2020848	51937	10219	399
20200306	江西	323	638139	13030	2969	55
20200306	河北	706	1688344	30644	6593	214
20200306	河南	2389	6318384	135935	23717	960
20200306	浙江	343	789277	18569	3267	145
20200306	海南	53	46192	1553	381	7
20200306	湖北	15921	58554936	1034458	237905	18468
20200306	湖南	221	183635	8357	1806	28
20200306	澳门	1	216	3	0	0
20200306	甘肃	61	187856	4413	963	20
20200306	福建	133	141596	4570	861	18
20200306	西藏	6	3688	141	25	0
20200306	贵州	171	3084103	59288	3170	3400
20200306	辽宁	83	131278	2715	676	12
20200306	重庆	369	639675	20928	5385	119
20200306	釜山广域市	2	26537	238	26	0
20200306	陕西	535	5463516	140691	7942	694
20200306	青海	23	13070	784	108	12
20200306	首尔特别市	1	30	1	0	0
20200306	香港	2	15	0	0	0
20200306	黑龙江	2005	5615247	119671	13499	239
20200307		36	222213	6628	116	427
20200307	Bangkok	1	425	27	5	0
20200307	Cairo Governorate	1	580	1	0	0
20200307	Dubai	1	241	34	21	0
20200307	Islamabad	1	713	33	3	1
20200307	Phnom Penh	2	47	2	2	0
20200307	上海	136	81371	3537	862	31
20200307	中米沙鄢	1	51	0	0	0
20200307	云南	81	130918	4541	848	29
20200307	内蒙古	147	129955	2583	569	20
20200307	北京	150	87380	2587	616	12
20200307	台湾	1	1134	29	8	0
20200307	吉林	142	3567963	124048	19846	1068
20200307	四川	538	1125607	37380	5966	251
20200307	天津	76	72758	2423	652	9
20200307	宁夏	38	30959	1079	211	3
20200307	安大略	1	329	5	0	0
20200307	安徽	2595	5607046	144552	23989	748
20200307	山东	1053	1681595	45180	10317	153
20200307	山西	342	1749449	32872	4911	477
20200307	广东	608	2902171	34211	6134	306
20200307	广西	228	391810	7411	2089	49
20200307	新疆	1980	13000314	389042	71940	5144
20200307	江苏	1096	2421518	57486	11023	326
20200307	江西	504	1102865	22623	4943	142
20200307	河北	999	1320001	36619	6807	151
20200307	河南	3233	9007542	199065	36402	1973
20200307	浙江	376	1156442	36245	5024	127
20200307	海南	57	112318	2550	1245	10
20200307	湖北	22066	67945922	1288392	277187	17281
20200307	湖南	221	388109	9834	1410	88
20200307	澳门	2	543	7	2	1
20200307	甘肃	61	85608	2700	608	11
20200307	福建	138	303868	8449	1722	36
20200307	西藏	1	878	20	2	0
20200307	贵州	153	376521	11759	2110	64
20200307	辽宁	84	63204	2297	364	4
20200307	重庆	539	1681475	39108	7549	312
20200307	陕西	505	679330	26305	4539	69
20200307	青海	16	41829	894	176	1
20200307	香港	1	410	105	16	0
20200307	黑龙江	2179	3088273	43457	7590	803
20200308		7	808	31	22	0
20200308	Calabarzon	1	60	5	4	0
20200308	Colorado	1	81	8	5	0
20200308	Khouèng Bokèo	1	45	0	0	0
20200308	上海	113	999133	10738	2110	241
20200308	云南	85	138438	3482	759	10
20200308	京畿道	1	692	24	7	0
20200308	内蒙古	81	56577	1273	254	8
20200308	北京	95	67759	2418	505	9
20200308	吉林	127	99435	2796	460	14
20200308	四川	372	667209	22297	4344	85
20200308	天津	88	124410	9758	649	33
20200308	宁夏	30	14092	1246	373	3
20200308	安徽	1739	4214521	109400	18836	518
20200308	山东	794	1734606	39638	5813	210
20200308	山西	218	1008134	18443	4703	2182
20200308	广东	625	991882	20932	4537	149
20200308	广西	204	300985	5077	949	23
20200308	弗吉尼亚州	1	131	9	0	1
20200308	新疆	1959	3811654	110847	18122	1266
20200308	江苏	869	2066721	36359	6875	576
20200308	江西	467	2452584	25589	5892	363
20200308	河北	760	1332736	28773	5787	223
20200308	河南	2587	7655606	129351	23187	1300
20200308	浙江	342	405846	12639	3007	41
20200308	海南	51	221689	4861	1356	461
20200308	湖北	17256	55374295	1073319	235482	14039
20200308	湖南	227	966547	25080	3683	190
20200308	澳门	2	467	12	0	0
20200308	甘肃	39	98601	2379	686	11
20200308	福建	107	144869	4242	718	7
20200308	西藏	4	7606	270	21	1
20200308	贵州	118	128481	6625	1816	15
20200308	辽宁	101	126453	5450	784	48
20200308	重庆	569	1243064	34733	6092	195
20200308	陕西	287	469713	22255	3585	77
20200308	青海	8	6102	250	51	0
20200308	首尔特别市	1	7	0	0	0
20200308	香港	2	1721	61	27	2
20200308	黑龙江	1852	2177479	29932	6439	2066
20200309		14	56484	2003	129	22
20200309	Cairo Governorate	1	43	5	0	0
20200309	Kuala Lumpur	1	563	0	0	0
20200309	Lombardia	1	4	0	0	0
20200309	Muḩāfaz̧at al Iskandarīyah	1	8	0	0	0
20200309	Wilaya d’ Alger	1	44	6	1	0
20200309	上海	151	283358	7217	1275	35
20200309	云南	78	108704	3412	576	22
20200309	俄亥俄州	1	1816	33	2	0
20200309	内蒙古	105	45503	1579	403	8
20200309	北京	131	13555456	113733	11006	8365
20200309	北方邦	1	52	1	0	0
20200309	台湾	2	812	38	4	0
20200309	吉林	122	68560	1316	402	11
20200309	四川	343	579761	21584	3673	82
20200309	天津	89	72732	2011	469	8
20200309	宁夏	38	88198	1537	325	4
20200309	安徽	1067	2784367	62983	10921	423
20200309	山东	671	6254729	76955	9536	8277
20200309	山西	210	1026647	11571	2468	684
20200309	广东	691	4209330	51738	9303	987
20200309	广西	225	441746	10412	1810	102
20200309	新疆	1316	2668171	69965	12428	746
20200309	江苏	1165	37372634	621294	36800	46486
20200309	江西	603	2376288	47402	8190	429
20200309	河北	652	1096846	26436	5313	253
20200309	河南	2363	7325197	133563	25300	1025
20200309	浙江	313	770593	23137	2796	252
20200309	海南	65	97981	2799	586	45
20200309	湖北	22282	90531775	1651948	320269	24563
20200309	湖南	215	241517	9249	1870	27
20200309	甘肃	49	121824	3885	653	11
20200309	福建	133	114406	4463	763	15
20200309	西藏	3	202	3	0	0
20200309	贵州	129	187740	7787	1553	72
20200309	辽宁	92	59960	2493	511	13
20200309	重庆	575	1473411	43970	6352	252
20200309	陕西	377	808419	30878	5790	98
20200309	青海	12	4951	264	59	1
20200309	马里兰州	1	427	21	7	0
20200309	黑龙江	2427	3076372	48920	10235	722
20200310		12	27878	670	63	10
20200310	Chiba-ken	1	15	0	0	0
20200310	Lombardia	1	2	0	0	0
20200310	Tokyo Prefecture	1	1751	41	40	0
20200310	上海	201	11978398	231153	28099	4570
20200310	不列颠哥伦比亚	1	107	21	0	1
20200310	云南	107	164466	4977	1158	20
20200310	京畿道	1	2636	124	45	0
20200310	内蒙古	91	215498	3259	663	24
20200310	北京	137	316212	6981	1305	99
20200310	吉林	473	527378	15016	2050	177
20200310	四川	519	20980417	108047	30092	997
20200310	天津	118	2708858	18937	3628	60
20200310	宁夏	52	42815	1611	266	5
20200310	安徽	1327	2833970	82021	14838	292
20200310	山东	947	1046421	31898	6245	180
20200310	山西	254	1749264	47650	4455	498
20200310	广东	829	4812479	147373	15287	826
20200310	广西	281	593625	17381	3176	218
20200310	托斯卡纳	1	10	0	0	0
20200310	新疆	1148	5113804	136530	47170	6474
20200310	江苏	1603	2940903	86642	16257	582
20200310	江西	814	16894280	458916	21045	16727
20200310	河北	788	853182	27638	4897	111
20200310	河南	5878	13760441	341952	58650	3842
20200310	浙江	450	658386	29071	4545	241
20200310	海南	79	155524	5181	753	17
20200310	湖北	36362	86995876	1996961	445900	21906
20200310	湖南	342	906446	21576	5171	114
20200310	澳门	1	90	0	0	0
20200310	甘肃	57	33983	2102	356	2
20200310	福建	147	249337	5332	1015	39
20200310	西哈努克市	2	19	0	0	1
20200310	西藏	10	52872	1899	176	16
20200310	贵州	157	278236	10165	1524	26
20200310	辽宁	118	44583	1965	575	9
20200310	重庆	838	1571773	51948	9165	363
20200310	陕西	480	1751056	50093	9546	186
20200310	青海	15	2433	139	24	3
20200310	香港	5	565	8	1	1
20200310	马里兰州	1	165	11	6	0
20200310	黑龙江	3157	2111162	58365	11182	537
20200311		12	8782	776	54	0
20200311	Amurskaya Oblast’	1	0	0	0	0
20200311	Central Singapore Community Development Council	1	307	86	27	0
20200311	Comunitat Valenciana	1	9502	439	15	0
20200311	Grouville	1	6212476	194918	2718	158
20200311	Kuala Lumpur	1	23	4	0	0
20200311	North	2	388	35	17	2
20200311	Phnom Penh	1	179	0	0	0
20200311	West	1	403	36	12	0
20200311	Wien	1	121	4	0	0
20200311	上海	257	238333	11488	2336	37
20200311	不列颠哥伦比亚	1	3188	117	36	0
20200311	中央吕宋	1	12	2	0	1
20200311	中苏拉威西省	1	246	25	32	0
20200311	云南	97	116569	3596	882	31
20200311	内蒙古	135	79459	2770	668	10
20200311	加利福尼亚州	1	24	1	0	0
20200311	北京	183	182303	9498	1233	53
20200311	台湾	4	1260	48	10	1
20200311	吉林	573	559096	13315	2537	201
20200311	四川	485	721120	28186	5487	88
20200311	天津	117	170523	3776	915	75
20200311	宁夏	64	138439	2546	478	10
20200311	安徽	1207	2044069	68873	11007	209
20200311	山东	1409	2036951	61971	11954	769
20200311	山西	285	1931787	17445	2947	267
20200311	广东	811	1048356	26402	5311	180
20200311	广西	359	598712	11330	2777	220
20200311	拉齐奥	1	59	5	0	0
20200311	新疆	784	1389056	41705	7759	311
20200311	江苏	1542	2287133	82084	15564	456
20200311	江西	631	1942121	32048	6067	344
20200311	河北	808	1172303	29523	5339	187
20200311	河南	11468	31025585	734499	128463	12311
20200311	浙江	484	15299699	147340	9797	7103
20200311	海南	69	99794	1507	293	11
20200311	湖北	39577	99135341	2240713	453153	25469
20200311	湖南	313	1339951	16983	2708	187
20200311	澳门	1	332	50	2	0
20200311	甘肃	50	52624	1954	503	5
20200311	福建	140	584049	8909	1364	42
20200311	西藏	9	28580	465	68	2
20200311	贵州	151	211982	13077	1936	32
20200311	辽宁	138	104511	3325	558	6
20200311	重庆	649	874442	39349	6756	175
20200311	陕西	444	1385494	34924	5207	105
20200311	青海	20	3501	261	46	0
20200311	香港	4	3576	79	36	10
20200311	黑龙江	5222	3337505	86740	15914	883
20200312		14	6944	388	35	4
20200312	Aichi-ken	1	329	7	0	0
20200312	Al Asimah Governorate	1	0	0	0	0
20200312	Auckland	1	131	7	0	0
20200312	Dubai	1	122	3	0	0
20200312	Jeju-do	1	0	0	0	0
20200312	National Capital Region	1	10	0	0	0
20200312	North	1	7	2	0	0
20200312	Province du Haut-Katanga	1	96	12	4	0
20200312	State of Victoria	1	1474	19	16	0
20200312	上海	245	358170	13726	2553	77
20200312	云南	87	182617	4125	843	7
20200312	内蒙古	99	88711	3140	677	30
20200312	北京	209	613244	12263	2417	203
20200312	吉林	327	239747	8022	1292	32
20200312	四川	580	868237	34746	5965	183
20200312	天津	124	138653	6591	1165	43
20200312	宁夏	50	79263	1901	351	9
20200312	安徽	973	1467018	50680	9024	188
20200312	山东	1461	1757519	53772	10498	325
20200312	山西	270	626097	13781	2677	101
20200312	岐阜县	1	2391	109	2	0
20200312	广东	810	1185732	36037	11189	260
20200312	广西	275	400915	7045	1857	45
20200312	新疆	591	673054	25412	4752	181
20200312	曼德勒	1	203	4	1	0
20200312	江苏	1339	2655806	71532	14382	4882
20200312	江西	528	866078	22717	4839	181
20200312	河北	632	816373	35121	5046	101
20200312	河南	9725	21500017	535150	94330	4619
20200312	浙江	351	336748	14330	2398	56
20200312	海南	75	44663	2374	501	9
20200312	湖北	35552	88970886	2029130	431964	27487
20200312	湖南	313	1163406	19813	6282	213
20200312	澳门	2	88	2	0	0
20200312	琅勃拉邦	1	234	23	6	0
20200312	甘肃	44	20717	1419	442	1
20200312	福建	118	147118	4460	896	20
20200312	西藏	8	2297	99	35	5
20200312	贵州	115	481956	18998	2714	46
20200312	辽宁	130	79750	2108	560	8
20200312	重庆	769	2374540	52248	12462	3232
20200312	陕西	335	350860	16287	3295	30
20200312	青海	16	4494	292	53	0
20200312	香港	2	708	23	9	0
20200312	马尔凯	1	131	33	4	0
20200312	马里兰州	1	555	12	0	0
20200312	黑龙江	3841	2282686	58281	10191	517
20200313		99	134922	914	129	88
20200313	Bangkok	1	128	6	9	0
20200313	Calabarzon	1	88	6	3	0
20200313	Changwat Chon Buri	1	136	7	2	0
20200313	Cidade de Maputo	1	125	4	0	0
20200313	Höfuðborgarsvæði	1	2119	20	21	6
20200313	Khabarovskiy Kray	2	27	3	0	0
20200313	Khouèng Bokèo	1	290	9	3	0
20200313	State of Victoria	1	639	15	10	0
20200313	上海	190	85508	6012	1213	30
20200313	中米沙鄢	1	0	0	0	0
20200313	云南	138	113600	4094	696	18
20200313	京畿道	1	345	2	0	0
20200313	内蒙古	84	117084	2343	476	26
20200313	加利福尼亚州	1	1086	216	33	0
20200313	北京	123	200078	4298	953	44
20200313	吉林	286	152750	9084	1904	26
20200313	四川	452	837848	35394	4955	114
20200313	天津	86	51201	2196	439	6
20200313	宁夏	85	132702	3129	502	11
20200313	安徽	570	1060169	32477	6308	670
20200313	宾夕法尼亚州	1	35	4	2	2
20200313	山东	1348	2743437	62771	12104	443
20200313	山西	253	708070	12513	2564	96
20200313	广东	773	807959	22787	5514	242
20200313	广西	288	496820	8169	1578	78
20200313	新疆	382	345449	18567	3265	134
20200313	江苏	1056	1559572	46723	10013	321
20200313	江西	677	995527	29183	6572	232
20200313	河北	631	1057519	24848	5195	109
20200313	河南	4488	9165876	265068	48527	2212
20200313	浙江	339	1854868	24497	4956	120
20200313	海南	46	65544	2356	284	12
20200313	湖北	37053	86846322	2010627	412699	31610
20200313	湖南	308	283875	10618	2163	56
20200313	澳门	5	1585	12	3	1
20200313	甘肃	64	56733	2183	444	7
20200313	福建	125	135055	6230	1145	16
20200313	西藏	3	180	28	2	0
20200313	贵州	121	591661	15713	2375	136
20200313	辽宁	136	143213	5452	1280	139
20200313	重庆	545	558566	22751	4962	185
20200313	陕西	290	365102	14927	2643	87
20200313	青海	15	5998	488	129	1
20200313	香港	3	1366	144	44	0
20200313	黑龙江	3156	1516961	45205	8511	478
20200314		19	12135	430	64	6
20200314	Attapu	1	214	15	1	0
20200314	Bangkok	2	15418	472	30	0
20200314	Chiang Mai Province	1	1752	7	11	0
20200314	Dubai	1	28	3	1	1
20200314	East	1	599	17	4	0
20200314	Jeju-do	1	1690	63	8	1
20200314	Kuala Lumpur	3	15	3	0	0
20200314	Minţaqat ar Riyāḑ	1	274	2	3	0
20200314	Provinsi Kepulauan Riau	1	499	10	2	0
20200314	Sabah	1	6	1	0	0
20200314	Thành Phố Đà Nẵng	1	941	18	22	0
20200314	Tokyo Prefecture	3	79	5	8	0
20200314	Yangon Region	1	1235	19	3	0
20200314	上海	308	285551	11302	2286	56
20200314	不列颠哥伦比亚	1	1121	20	4	0
20200314	云南	144	523099	7193	2170	110
20200314	俄亥俄州	1	2402	8	11	4
20200314	内蒙古	142	292378	6856	1203	52
20200314	北京	181	666975	11651	1673	151
20200314	台湾	1	10	2	0	1
20200314	吉林	326	217249	6037	1394	36
20200314	四川	674	1073288	33003	6385	234
20200314	天津	123	139664	4398	1008	19
20200314	宁夏	115	98876	3898	1117	19
20200314	安徽	882	1272030	40507	7240	167
20200314	山东	1298	2043962	50902	10253	440
20200314	山西	302	1388083	30083	6016	231
20200314	广东	1198	2718021	63524	11638	747
20200314	广西	342	521477	10370	2015	70
20200314	新疆	360	330467	13496	2850	119
20200314	江苏	1588	1513144	56915	11600	271
20200314	江西	1132	1449054	46809	8387	298
20200314	河北	708	14321493	508368	35777	7682
20200314	河南	4959	8048374	218810	43647	1965
20200314	浙江	453	437608	18063	5380	99
20200314	海南	76	55299	1867	286	10
20200314	湖北	68662	113583061	2703631	581974	44047
20200314	湖南	368	541319	15851	3329	86
20200314	澳门	1	1093	73	13	0
20200314	甘肃	89	82915	2273	459	14
20200314	福建	138	88073	4596	668	8
20200314	英格兰	1	2	1	0	0
20200314	莫斯科州	1	326	7	6	0
20200314	西哈努克市	2	255	27	3	0
20200314	西藏	5	1150	67	14	0
20200314	贵州	134	594030	18737	2159	458
20200314	辽宁	179	381315	6247	1607	34
20200314	重庆	849	777197	36634	6948	161
20200314	陕西	355	758152	26271	3388	129
20200314	青海	16	3829	228	35	0
20200314	首尔特别市	3	589	37	0	1
20200314	香港	1	1	0	0	0
20200314	黑龙江	3618	8146542	72053	13706	1260
20200315		10	5895	320	64	0
20200315	Central Singapore Community Development Council	3	207	17	3	0
20200315	Changwat Yala	1	31876	954	124	7
20200315	Hlavní město Praha	1	93	6	1	0
20200315	Kuala Lumpur	1	3	0	0	0
20200315	National Capital Region	2	827	54	18	0
20200315	Phnom Penh	1	61	6	0	0
20200315	Selangor	2	40	0	0	0
20200315	Yangon Region	1	123	8	1	0
20200315	上海	347	176223	9018	2278	86
20200315	云南	138	71001	4868	833	13
20200315	内蒙古	121	85534	2359	674	19
20200315	利古里亞	1	52	1	2	0
20200315	北京	228	70038	4299	1253	6
20200315	吉林	243	106115	3313	782	14
20200315	四川	640	596085	26268	6070	104
20200315	天津	132	64279	2486	809	32
20200315	宁夏	133	59093	2169	412	20
20200315	安徽	1032	587723	28577	6586	98
20200315	山东	1207	1398747	30182	7544	576
20200315	山西	431	878843	15928	3479	53
20200315	广东	1320	1290686	40069	10991	634
20200315	广西	272	270547	7181	1683	48
20200315	托斯卡纳	1	24	1	1	0
20200315	新疆	366	167512	10287	1853	37
20200315	江苏	1605	1097964	43753	9817	241
20200315	江西	1126	951901	34515	7456	220
20200315	河北	933	383341	17484	4072	72
20200315	河南	5149	4480995	145645	29757	831
20200315	浙江	544	261885	13563	2478	36
20200315	海南	57	20684	806	170	3
20200315	湖北	60563	65863597	1759872	378152	17943
20200315	湖南	398	498874	14309	2936	594
20200315	澳门	4	235	8	1	0
20200315	琅勃拉邦	1	4038	62	15	0
20200315	甘肃	52	53818	1881	527	5
20200315	福建	204	122303	4975	1259	30
20200315	西哈努克市	1	628	142	27	0
20200315	西藏	7	1216	54	1	3
20200315	贵州	141	141588	8823	1515	138
20200315	辽宁	151	39135	2662	754	9
20200315	重庆	765	537051	25159	5190	98
20200315	陕西	354	1447976	17422	2490	140
20200315	青海	13	4166	681	124	3
20200315	香港	6	860	31	7	0
20200315	黑龙江	2396	769159	23534	5401	201
