20200123	江西	1	271	77	7	1
20200124	中米沙鄢	1	1129	8	3	0
20200124	山东	1	706	34	3	0
20200124	山西	1	215	36	4	0
20200124	辽宁	1	293	7	0	0
20200125	广西	1	5	1	0	0
20200125	江西	1	42	1	0	1
20200125	河北	1	14	1	0	0
20200125	湖北	2	24	2	1	3
20200125	辽宁	2	1273	49	2	0
20200125	重庆	1	948	22	7	0
20200126	北京	1	45	4	0	0
20200126	河北	1	0	0	0	0
20200126	河南	1	22252	240	74	0
20200127	上海	1	282	9	1	0
20200127	云南	1	178	3	0	0
20200127	山东	1	19590	104	18	2
20200127	湖北	1	1716	193	36	2
20200127	陕西	1	663	5	0	0
20200128	北京	1	10960723	98027	4545	9084
20200128	四川	2	85	0	0	0
20200128	广东	2	277	2	0	0
20200128	河南	1	12778322	152325	11432	4626
20200128	贵州	1	2	0	0	0
20200128	辽宁	1	287	9	0	0
20200128	陕西	1	663	8	1	0
20200129	安徽	1	734	8	0	0
20200129	山东	1	1122	16	9	0
20200129	江苏	1	26	1	0	0
20200129	湖南	1	2	0	0	0
20200129	陕西	3	7	2	0	0
20200130	Arizona	1	987	10	2	0
20200130	Minsk Oblast	1	8	1	0	0
20200130	广东	1	2	0	0	0
20200130	河南	2	321675	1367	100	120
20200130	浙江	1	4	0	0	1
20200130	贵州	1	10	0	0	0
20200130	辽宁	1	12	1	5	0
20200130	黑龙江	1	220	5	0	0
20200131	Saitama-ken	2	7707	212	28	2
20200131	京畿道	2	245	2	0	0
20200131	北京	1	111	8	0	0
20200131	吉林	2	571	15	1	2
20200131	安徽	2	1504	31	5	0
20200131	山东	1	630	4	1	0
20200131	山西	1	585	39	4	3
20200131	江苏	1	5	0	0	0
20200201	云南	1	452	26	2	0
20200201	吉林	1	27	0	0	0
20200201	四川	1	96	8	0	0
20200201	山东	1	5	1	0	0
20200201	江苏	3	84	14	2	0
20200201	江西	2	1524	65	4	0
20200201	河北	1	5048	137	22	1
20200201	河南	1	3	0	0	0
20200201	湖南	1	257	6	7	0
20200201	福冈县	3	151	14	2	0
20200201	重庆	1	11	1	0	0
20200202	中米沙鄢	1	0	0	0	0
20200202	内蒙古	1	6	0	0	0
20200202	广东	3	275	6	0	0
20200202	河南	2	1123	33	4	0
20200202	浙江	1	721	9	5	0
20200202	湖北	1	12014	382	48	0
20200202	湖南	1	9	1	0	0
20200203	内蒙古	1	7	0	0	0
20200203	北京	1	7	1	0	0
20200203	四川	2	157	5	0	0
20200203	广东	2	67	5	0	1
20200203	广西	1	282	9	0	0
20200203	江西	1	9	0	0	0
20200203	河北	2	30	3	0	0
20200203	河南	1	193	11	0	0
20200204	Greater Accra Region	1	16	1	0	0
20200204	安徽	1	1444	74	9	0
20200204	广东	3	371	7	0	0
20200204	江西	1	5	0	0	0
20200204	河北	1	224	1	0	0
20200204	湖北	1	0	0	0	0
20200205	北京	1	508	9	0	0
20200205	安徽	1	317	29	5	0
20200205	湖南	1	1063	53	1	0
20200206	吉林	1	2761	645	165	1
20200206	山东	2	12	0	0	0
20200206	山西	1	691	16	3	0
20200206	广西	1	684	15	8	0
20200206	江苏	1	829	20	1	1
20200206	浙江	1	207	1	0	0
20200206	湖北	1	9257	34	1	0
20200206	湖南	4	19	4	0	0
20200206	陕西	1	219	8	1	0
20200207	山东	1	227	10	0	0
20200207	湖北	2	2097	6	0	0
20200207	贵州	1	6	1	0	0
20200208		1	10	1	0	2
20200208	Tỉnh Bình Dương	1	6	0	0	0
20200208	吉林	3	8255	1635	325	7
20200208	四川	2	15	0	0	0
20200208	江苏	2	7884	973	180	2
20200208	江西	2	1001	56	14	1
20200208	河南	2	2018	101	17	0
20200208	湖北	2	962	13	2	0
20200208	福建	1	318	65	5	0
20200208	贵州	1	125	19	0	0
20200209	广东	1	11	1	0	0
20200209	江苏	2	17	1	0	0
20200209	河南	1	61	12	3	0
20200209	青海	1	6039	166	2	1
20200210	安徽	1	464	3	1	0
20200210	福建	1	4	0	0	0
20200211	四川	1	78	8	0	0
20200211	安徽	2	93	8	0	0
20200211	江苏	1	30	5	1	0
20200211	河南	2	57	3	0	0
20200211	湖北	1	1563	3	0	0
20200212	江苏	1	549	10	0	1
20200212	河南	1	440	43	8	0
20200213	North East	1	40633	1881	55	2
20200213	江苏	1	469	108	22	0
20200213	浙江	1	2	0	0	0
20200213	甘肃	1	53	1	0	0
20200213	福建	1	8	1	0	0
20200214	宁夏	1	1060	38	2	0
20200214	安徽	1	3	0	0	0
20200214	江苏	1	6	0	0	0
20200214	河南	1	1	1	0	0
20200214	海南	2	5317	27	7	0
20200214	湖北	1	4	0	0	0
20200214	辽宁	1	8	0	0	0
20200215	天津	1	12	0	0	0
20200215	安徽	1	1011	80	31	0
20200215	福建	1	16	1	0	0
20200216	福建	1	3	0	0	0
20200216	辽宁	1	200	13	2	0
20200217	北京	1	27	1	0	0
20200217	吉林	1	0	0	0	0
20200217	浙江	1	3	0	0	0
20200217	贵州	1	2	0	0	0
20200217	陕西	2	441	12	0	0
20200219	江苏	1	1273	17	2	0
20200219	江西	1	1649	95	8	0
20200219	浙江	1	4309	64	18	0
20200219	陕西	1	1	0	0	0
20200220	上海	1	49	3	0	0
20200220	江苏	2	83	3	0	0
20200221	江苏	1	6	0	0	0
20200221	河北	1	0	0	0	0
20200222	安徽	1	1835	41	9	0
20200222	江苏	1	9	1	0	0
20200222	河南	1	91	20	5	0
20200222	福建	1	5795	29	13	0
20200222	辽宁	1	11	1	0	0
20200223	上海	1	44	1	0	0
20200223	安徽	1	279	25	6	1
20200223	江苏	1	562696	4476	269	598
20200223	浙江	1	485	12	3	0
20200223	湖南	1	0	0	0	0
20200223	澳门	1	200	14	8	1
20200223	西藏	1	13	0	0	0
20200224		1	444541	4861	481	12
20200224	云南	5	2109	112	6	2
20200224	光州广域市	1	6	1	0	0
20200224	四川	2	10	2	0	0
20200224	山东	2	570	9	1	0
20200224	广东	5	2018928	8424	466	1704
20200224	江苏	4	219782	2328	108	69
20200224	河北	1	1444	14	0	0
20200224	河南	2	579	7	0	1
20200224	浙江	1	5	0	0	0
20200224	湖北	1	4	0	0	0
20200224	湖南	2	8	0	0	0
20200224	重庆	1	2359	10	7	1
20200224	陕西	1	101	5	0	0
20200224	黑龙江	1	710	4	0	0
20200225	Daejeon	1	23	1	0	0
20200225	East	1	283	23	8	0
20200225	State of New South Wales	1	257	6	0	0
20200225	上海	3	1219	30	8	0
20200225	北京	1	7	1	0	0
20200225	四川	2	161	7	1	0
20200225	天津	1	6	1	0	0
20200225	山东	2	85697	390	22	34
20200225	山西	1	1081	24	8	0
20200225	广东	5	420650	1755	92	14
20200225	广西	1	76	1	2	0
20200225	江苏	2	24387	174	25	25
20200225	河北	1	115	4	0	0
20200225	河南	2	563	29	8	0
20200225	浙江	2	18	0	0	0
20200225	湖北	2	305	2	1	0
20200225	湖南	2	700	15	0	0
20200225	陕西	3	1487	51	1	1
20200225	黑龙江	4	31	0	0	0
20200226	Dubrovačko-Neretvanska Županija	1	1431	27	37	0
20200226	State of New South Wales	1	350	6	16	0
20200226	Thành Phố Đà Nẵng	1	1883	59	2	0
20200226	上海	1	2	1	0	0
20200226	内蒙古	1	4	0	0	0
20200226	北京	10	48065	1121	64	9
20200226	吉林	2	33816	290	19	62
20200226	四川	2	2597	25	13	0
20200226	安徽	5	1047	34	2	0
20200226	山东	3	17135	147	14	14
20200226	广东	7	505	8	0	2
20200226	广西	1	4	0	0	0
20200226	江苏	9	351692	4217	596	117
20200226	江西	5	64352	412	12	9
20200226	河北	5	1460	40	25	0
20200226	河南	4	311	1	0	0
20200226	浙江	4	123037	646	28	16
20200226	海南	1	3	0	0	0
20200226	湖北	5	923	16	0	2
20200226	湖南	2	2602	125	20	6
20200226	福建	1	395	44	23	0
20200226	贵州	1	2638	16	7	0
20200226	辽宁	6	92092	707	104	95
20200226	重庆	1	21	2	1	0
20200226	陕西	2	16013	107	10	62
20200226	黑龙江	4	12	0	0	0
20200227	上海	2	14	3	2	1
20200227	云南	3	3546	70	23	1
20200227	北京	6	2095750	69281	4299	1152
20200227	吉林	1	2	0	0	0
20200227	四川	4	252	5	0	4
20200227	天津	1	3	0	0	0
20200227	安徽	3	1056	23	0	2
20200227	山东	10	139395	2720	184	73
20200227	山西	4	8	1	0	1
20200227	广东	8	33000	273	9	18
20200227	广西	1	4	0	0	0
20200227	新疆	1	3619	21	6	1
20200227	江苏	6	4811858	20349	830	7557
20200227	江西	3	852	19	1	4
20200227	河北	4	50194	940	371	3
20200227	河南	7	190514	2259	183	91
20200227	浙江	7	10707	264	60	11
20200227	海南	1	82	0	0	0
20200227	湖北	6	188	6	2	0
20200227	湖南	2	10	0	0	1
20200227	甘肃	3	43098	351	9	5
20200227	福建	7	2393	118	5	1
20200227	莫斯科州	1	2	1	0	0
20200227	贵州	5	2639	45	3	0
20200227	辽宁	1	3	1	0	0
20200227	陕西	5	6619	39	9	4
20200228	Flanders	1	11231	525	158	0
20200228	State of Victoria	1	996	3	0	0
20200228	Ulaanbaatar Hot	1	3	0	0	0
20200228	上海	7	212820	2876	176	82
20200228	云南	3	224445	2369	136	77
20200228	内蒙古	5	193809	669	43	19
20200228	北京	12	6990646	83155	3832	2960
20200228	吉林	1	53	3	0	0
20200228	四川	12	293654	2194	232	43
20200228	天津	1	2	0	0	0
20200228	安徽	13	362265	11560	736	295
20200228	山东	29	1961296	6973	693	324
20200228	山西	6	3543	60	2	0
20200228	广东	28	370485	4030	351	155
20200228	广西	6	243343	1323	263	78
20200228	新疆	2	560125	2989	127	80
20200228	曼尼托巴	2	220	8	1	1
20200228	江苏	17	629937	3495	206	1246
20200228	江西	10	136716	1268	59	48
20200228	河北	12	4166777	20139	2498	2032
20200228	河南	27	20626152	378968	18618	13018
20200228	浙江	16	5660128	26772	2548	3080
20200228	湖北	11	329446	2813	185	242
20200228	湖南	5	16552	201	13	28
20200228	甘肃	9	464144	1977	117	57
20200228	福建	12	95652	776	61	19
20200228	西哈努克市	1	17	2	0	0
20200228	贵州	13	1045487	6136	497	128
20200228	辽宁	8	48072570	362298	28107	19441
20200228	重庆	3	668	6	0	0
20200228	陕西	8	1023948	3292	255	119
20200228	黑龙江	7	80550	708	44	47
20200229	Nordrhein-Westfalen	1	312	2	0	1
20200229	Vilniaus apskritis	1	5	0	0	0
20200229	上海	4	7203	68	37	1
20200229	云南	3	440932	1484	65	96
20200229	内蒙古	2	60	7	0	0
20200229	北京	5	139	5	1	0
20200229	吉林	2	47	0	0	0
20200229	四川	3	150	5	0	1
20200229	天津	1	14	0	0	0
20200229	安徽	9	73609	883	119	42
20200229	山东	11	203401	1352	76	49
20200229	山西	2	4	0	0	0
20200229	广东	19	1058654	3829	523	334
20200229	广西	5	11549	268	20	3
20200229	新疆	5	19723	252	35	11
20200229	江苏	11	53460	438	37	86
20200229	江西	7	83754826	2116130	248780	62958
20200229	河北	8	422	8	0	0
20200229	河南	17	1096	102	31	0
20200229	浙江	15	85049	1197	61	26
20200229	海南	1	21	1	0	0
20200229	湖北	6	239	23	10	0
20200229	湖南	4	453795	1859	66	19
20200229	甘肃	2	4709	54	3	0
20200229	福建	2	209869	1076	68	97
20200229	西孟加拉邦	1	12	1	0	0
20200229	贵州	1	2017	54	1	0
20200229	辽宁	13	12578	122	13	2
20200229	重庆	3	49212	466	54	3
20200229	陕西	5	15392	68	85	5
20200229	黑龙江	2	42178	685	2	31
20200301	Incheon	1	765	22	4	0
20200301	State of Victoria	1	3414	73	12	0
20200301	State of Western Australia	1	238	6	1	0
20200301	Île-de-France	1	9	1	0	0
20200301	上海	6	3858	42	7	6
20200301	云南	2	2074	18	0	1
20200301	亚拉巴马州	1	7	0	0	0
20200301	加利福尼亚州	1	678	212	89	0
20200301	北京	6	2018804	12350	1356	226
20200301	四川	3	1522	139	16	1
20200301	安徽	2	130	11	1	0
20200301	山东	11	2017741	6287	192	240
20200301	山西	1	57	3	0	0
20200301	广东	15	878067	29497	1936	120
20200301	广西	1	16	1	0	0
20200301	托斯卡纳	2	7	0	0	0
20200301	新疆	2	1628	19	3	0
20200301	江苏	12	7794	123	9	6
20200301	江西	1	1104	9	2	0
20200301	河北	6	719	10	3	0
20200301	河南	9	584	30	5	0
20200301	浙江	11	2307	53	21	1
20200301	海南	1	145	1	0	0
20200301	湖北	16	48543	1745	48	12
20200301	湖南	2	681	31	2	1
20200301	甘肃	2	116022	566	15	10
20200301	福建	5	11194	1043	232	20
20200301	贵州	2	4	1	0	0
20200301	辽宁	8	1984	58	22	1
20200301	重庆	3	370561	2236	667	84
20200301	陕西	4	30992	183	26	1
20200301	香港	1	48	1	0	0
20200301	黑龙江	1	413	11	0	0
20200302	Genève	1	239	15	1	0
20200302	State of New South Wales	2	1038	114	1	0
20200302	São Paulo	1	569	26	3	0
20200302	Île-de-France	2	2519	356	44	2
20200302	上海	1	1572	94	22	0
20200302	云南	2	24	1	0	0
20200302	内蒙古	3	51388	392	24	4
20200302	加利福尼亚州	1	8010	26	14	3
20200302	北京	9	50547612	563690	68910	15339
20200302	吉林	1	4	0	0	0
20200302	四川	5	18076	256	22	3
20200302	圣胡安	1	180	5	0	0
20200302	天津	1	2306	8	0	0
20200302	安徽	5	15825	532	29	5
20200302	山东	11	96919	743	51	19
20200302	广东	20	608041	11486	721	1216
20200302	广西	1	13	1	0	0
20200302	拉贾斯坦邦	1	2467	43	28	0
20200302	拉齐奥	1	1444	13	6	3
20200302	新疆	2	21673	197	15	8
20200302	江苏	10	758735	6992	371	976
20200302	江西	8	10506011	273592	40826	3887
20200302	河北	5	41	4	0	0
20200302	河南	8	73543	614	48	23
20200302	浙江	3	23	0	0	0
20200302	湖北	4	18	2	1	0
20200302	湖南	1	1	0	0	0
20200302	福建	7	228567	1659	95	89
20200302	英格兰	1	507	28	14	2
20200302	西藏	1	889	38	1	0
20200302	贵州	5	1982584	9024	512	819
20200302	辽宁	2	11438	28	8	0
20200302	重庆	1	248	25	3	0
20200302	陕西	3	8	1	0	0
20200302	黑龙江	8	7206	179	16	3
20200303	Luqa	1	629	8	0	0
20200303	State of New South Wales	1	595	4	2	0
20200303	State of Victoria	1	191	4	0	0
20200303	上海	6	108020	1996	137	77
20200303	云南	2	6365	98	16	0
20200303	内蒙古	3	17963	205	26	9
20200303	加利福尼亚州	1	11889	6	5	0
20200303	北京	4	248471	1309	101	59
20200303	吉林	1	0	0	0	0
20200303	四川	10	7417	245	6	1
20200303	天津	1	1525	36	5	1
20200303	威尼托	1	3384	68	17	2
20200303	安徽	5	26784	2634	81	8
20200303	山东	12	15781	506	15	4
20200303	山西	3	46	4	0	0
20200303	广东	8	6084	326	34	0
20200303	广西	2	30862	245	15	4
20200303	新疆	2	268965	624	326	47
20200303	江苏	13	832876	9764	1064	1271
20200303	江西	7	135537	844	60	76
20200303	河北	3	39680	206	17	0
20200303	河南	6	1455	50	0	0
20200303	浙江	3	1246	7	0	0
20200303	湖北	10	53797	303	111	11
20200303	湖南	6	3638	138	26	4
20200303	甘肃	1	1737	46	1	1
20200303	福建	8	17574	209	10	6
20200303	穆哈拉格省	1	12	0	0	0
20200303	辽宁	5	11601	220	36	3
20200303	里斯本區	1	18	1	0	0
20200303	重庆	1	2	0	0	0
20200303	陕西	4	599	31	0	1
20200303	青海	1	3	0	0	0
20200303	黑龙江	2	31	0	0	0
20200304	Central Singapore Community Development Council	1	97	8	0	0
20200304	Sejong-si	1	7	0	0	0
20200304	State of New South Wales	7	27932	444	32	7
20200304	State of Victoria	2	501	20	9	2
20200304	上海	5	1238	23	0	0
20200304	云南	3	10558	171	51	16
20200304	内蒙古	4	2637	137	18	1
20200304	北京	10	1630403	84741	2066	185
20200304	吉林	6	1099	14	2	0
20200304	四川	7	3665	271	2	0
20200304	安大略	1	22	0	0	0
20200304	安徽	4	2300	59	11	0
20200304	山东	14	2396	96	1	1
20200304	山西	2	818	17	0	0
20200304	广东	26	904601	4504	235	62
20200304	广西	7	5758	170	10	3
20200304	新疆	1	5	1	1	1
20200304	曼尼托巴	1	237	6	1	1
20200304	柏林	1	18	1	0	1
20200304	江苏	9	523218	3860	380	1229
20200304	江西	6	2052997	16203	1610	1773
20200304	河北	6	1682514	5092	464	228
20200304	河南	14	95349	1184	56	10
20200304	浙江	14	1499694	33899	1096	6197
20200304	湖北	14	26898	308	37	5
20200304	湖南	4	1603	37	10	0
20200304	福建	8	219525	1566	70	38
20200304	西藏	1	4	0	0	0
20200304	贵州	4	4033	47	6	0
20200304	辽宁	2	107	3	0	0
20200304	重庆	12	488923	16925	7072	397
20200304	陕西	1	15426	76	2	0
20200304	黑龙江	3	6	1	0	0
20200305	Belgrade	1	950	12	3	0
20200305	Catalunya	1	3	0	0	0
20200305	Eparchía Páfou	1	2046	100	20	0
20200305	Región del Biobío	4	22196	779	104	2
20200305	State of New South Wales	6	15721	336	22	2
20200305	State of Queensland	2	1119	43	21	1
20200305	上海	6	10651	1079	80	2
20200305	乔治亚	2	684	13	1	0
20200305	云南	2	162	6	0	0
20200305	内蒙古	3	43315	737	79	27
20200305	北京	7	31835	169	44	4
20200305	吉林	4	1126	28	13	0
20200305	四川	6	20755	328	3	4
20200305	天津	2	2554	67	29	1
20200305	安徽	3	696	28	5	0
20200305	密苏里州	1	79	0	1	0
20200305	山东	10	1791	22	7	0
20200305	山西	3	1013	64	5	1
20200305	广东	14	22430	404	89	8
20200305	广西	2	9	0	0	0
20200305	拉齐奥	1	8470	152	61	2
20200305	新疆	1	624	16	2	0
20200305	普罗旺斯-阿尔卑斯-蓝色海岸	1	23	1	0	0
20200305	江苏	11	1249698	9450	2381	1719
20200305	江西	1	29982	120	4	3
20200305	河北	2	0	0	0	0
20200305	河南	9	148394	2226	166	159
20200305	浙江	10	6524961	111405	8304	5381
20200305	湖北	6	25554	103	13	2
20200305	湖南	7	156	8	3	0
20200305	福建	3	70	2	0	0
20200305	苏格兰	2	47986	565	192	25
20200305	英格兰	1	35636	887	373	14
20200305	贵州	2	19	3	0	0
20200305	辽宁	3	132	9	8	1
20200305	重庆	7	17438	277	34	7
20200305	陕西	2	12	1	0	0
20200305	青海	2	222	6	0	0
20200306	Bangkok	2	1286	3	8	0
20200306	Chiang Mai Province	1	130	10	2	0
20200306	State of New South Wales	1	10	2	0	0
20200306	Île-de-France	1	8556	314	15	6
20200306	上海	6	26153	167	27	5
20200306	云南	3	1588	19	0	0
20200306	加利福尼亚州	1	2	0	0	0
20200306	北京	6	1582	43	3	2
20200306	吉林	1	0	0	0	0
20200306	四川	7	5398	87	36	3
20200306	天津	2	45	3	0	0
20200306	安徽	5	1569	88	19	0
20200306	山东	7	7256241	29923	1244	2862
20200306	山西	10	37449	460	24	19
20200306	广东	20	610942	1788	176	58
20200306	广西	1	10255	78	1	0
20200306	拉齐奥	1	1316	16	24	0
20200306	新疆	2	28	0	0	0
20200306	普罗旺斯-阿尔卑斯-蓝色海岸	2	2395	12	3	2
20200306	比哈尔邦	1	7658	373	42	1
20200306	江苏	3	253567	1745	234	417
20200306	江西	4	1008101	5581	640	49
20200306	河北	3	2250	197	41	0
20200306	河南	8	9049	161	14	1
20200306	浙江	7	873914	6118	764	165
20200306	海南	1	686	4	4	0
20200306	湖北	11	10460	160	15	3
20200306	湖南	1	795	12	2	0
20200306	福建	6	205	3	1	0
20200306	肯塔基州	2	40693	4955	526	4
20200306	艾伯塔	1	553	4	0	0
20200306	苏格兰	2	10	0	0	0
20200306	英格兰	3	155605	4392	415	47
20200306	贵州	3	1090883	15772	3552	680
20200306	辽宁	9	8100	713	61	2
20200306	重庆	4	74124	370	10	2
20200306	陕西	10	87243	540	19	6
20200306	青海	1	1299	26	2	0
20200306	黑龙江	7	91791	368	17	11
20200307	Incheon	1	80	2	0	0
20200307	State of New South Wales	4	35	1	0	0
20200307	State of Victoria	1	10	1	0	0
20200307	Ōsaka-fu	1	101	3	0	0
20200307	上海	4	1008	98	21	1
20200307	云南	3	752	13	0	1
20200307	内蒙古	2	36019	813	82	8
20200307	北京	3	2226	91	2	3
20200307	台湾	1	15	0	0	0
20200307	四川	6	87811	920	117	22
20200307	宁夏	1	3	0	0	0
20200307	安徽	3	39554	396	32	7
20200307	山东	7	2146249	8453	678	739
20200307	广东	13	208902	1009	45	9
20200307	广西	1	1	0	0	0
20200307	拉齐奥	1	12	2	2	0
20200307	新疆	4	652	39	1	0
20200307	普罗旺斯-阿尔卑斯-蓝色海岸	2	1311	13	3	1
20200307	比哈尔邦	1	1	0	0	0
20200307	江苏	13	1094	29	0	1
20200307	河北	5	267067	616	57	8
20200307	河南	4	1140	10	0	0
20200307	浙江	16	2326172	29020	3482	361
20200307	湖北	6	10857	992	62	2
20200307	湖南	16	29950	271	23	2
20200307	甘肃	1	430	9	3	0
20200307	福建	12	422619	5120	409	166
20200307	英格兰	3	728	13	2	1
20200307	贵州	3	964	41	13	0
20200307	辽宁	3	2231	16	0	1
20200307	重庆	4	22476	206	21	3
20200307	釜山广域市	1	1722	36	0	0
20200307	陕西	3	4336	32	0	0
20200307	黑龙江	7	9746539	52792	2500	3924
20200308		1	0	0	0	0
20200308	Phnom Penh	1	2	1	0	0
20200308	上海	5	195	7	5	0
20200308	云南	2	431	29	10	1
20200308	内蒙古	2	43	4	0	0
20200308	北京	3	246665	896	136	49
20200308	吉林	3	50174	266	35	12
20200308	四川	6	2653	173	66	6
20200308	天津	3	1174	29	1	0
20200308	安徽	12	166920	3165	219	62
20200308	山东	8	16863666	75302	4574	5252
20200308	山西	1	140	13	1	0
20200308	广东	19	185622011	5698226	338136	796533
20200308	新疆	3	2154	30	1	2
20200308	江苏	10	1032192	11586	1978	760
20200308	江西	5	1167070	25878	3436	157
20200308	河北	2	42	5	0	0
20200308	河南	11	521216	3055	223	48
20200308	浙江	9	462189	2327	189	109
20200308	海南	2	16014	125	18	7
20200308	湖北	5	31	0	0	1
20200308	湖南	4	11	0	0	0
20200308	甘肃	2	323	10	4	1
20200308	福建	5	2647214	10209	1181	2512
20200308	贵州	2	3953	59	4	0
20200308	辽宁	2	2211	26	0	0
20200308	重庆	1	8	1	0	0
20200308	陕西	3	95417	1736	115	7
20200308	青海	1	5	0	0	0
20200308	黑龙江	4	1103	50	10	1
20200309		6	36418	1229	44	53
20200309	Auvergne-Rhône-Alpes	1	355544	32696	5170	29
20200309	Bangkok	2	68	2	0	0
20200309	Ciudad de México	1	5	0	0	0
20200309	Hlavní město Praha	1	273	8	3	3
20200309	Lombardia	5	1068107	34347	1628	357
20200309	Madhyamanchal	1	8	1	0	0
20200309	Møre og Romsdal fylke	1	699	3	0	1
20200309	State of Tasmania	1	44270	1420	656	93
20200309	上海	27	2038238	88554	1984	672
20200309	云南	17	43762	541	37	56
20200309	内蒙古	16	188654	991	38	45
20200309	北京	43	14884470	347433	12786	20089
20200309	吉林	11	8401	132	13	9
20200309	四川	44	48960	977	91	43
20200309	天津	4	9	1	0	0
20200309	宁夏	3	59622	292	11	19
20200309	安徽	53	761519	6725	451	1187
20200309	山东	94	10840547	55808	3593	3095
20200309	山西	23	209215	1388	84	226
20200309	广东	129	4728778	25249	1346	3670
20200309	广西	22	180364	4859	178	276
20200309	德克萨斯州	1	209	10	2	0
20200309	新疆	9	249493	4052	493	114
20200309	江苏	62	693631	7474	735	420
20200309	江西	46	83817008	692021	70443	75485
20200309	河北	49	195497	2271	210	359
20200309	河南	86	822180	13177	512	809
20200309	浙江	51	139808	5025	249	316
20200309	海南	8	89926	723	80	16
20200309	湖北	63	8226211	43828	4122	5831
20200309	湖南	34	765706	5899	433	481
20200309	甘肃	12	6525	206	31	4
20200309	福建	30	18091348	82688	9043	23533
20200309	贵州	20	57901	1740	67	118
20200309	辽宁	28	903916	3418	251	190
20200309	重庆	17	116292	2792	145	312
20200309	陕西	41	137010	2560	234	132
20200309	青海	1	435	239	31	4
20200309	黑龙江	27	5205663	35334	1877	2252
20200310		2	238	3	0	0
20200310	Central Singapore Community Development Council	1	36	2	6	0
20200310	Changwat Nakhon Nayok	1	58658	177	149	1
20200310	Euskal Autonomia Erkidegoa	1	1	0	0	1
20200310	Lombardia	1	6	0	0	0
20200310	Melaka	1	11	2	0	0
20200310	National Capital Region	1	3	0	0	0
20200310	Nordrhein-Westfalen	3	2990	11	10	1
20200310	Sankt-Peterburg	1	109	1	1	0
20200310	State of New South Wales	1	976	68	5	1
20200310	Île-de-France	1	32843	664	180	6
20200310	上海	8	1222	26	8	0
20200310	不列颠哥伦比亚	1	0	0	0	0
20200310	云南	5	42849	346	29	14
20200310	京畿道	1	24843	1054	94	7
20200310	内蒙古	11	38778	847	44	13
20200310	加利福尼亚州	2	917	3	2	0
20200310	北京	20	11334567	381708	147075	4130
20200310	吉林	5	23430	347	6	4
20200310	四川	11	121360	1394	142	31
20200310	天津	6	8951	932	144	5
20200310	宁夏	2	29	5	0	0
20200310	安徽	22	5504211	15751	310	722
20200310	山东	31	1920103	10145	1093	483
20200310	山西	7	78435	1596	67	14
20200310	广东	56	357505	2998	196	143
20200310	广西	12	5717	172	54	3
20200310	拉齐奥	1	297	7	17	0
20200310	新疆	7	6125	400	35	25
20200310	江苏	23	1524278	14267	909	1133
20200310	江西	15	49896	579	50	12
20200310	河北	41	644688	5743	556	85
20200310	河南	28	347125	5766	233	225
20200310	浙江	33	186023	5805	365	74
20200310	海南	4	788	39	2	1
20200310	湖北	16	15625	475	20	4
20200310	湖南	16	200634	1416	123	48
20200310	甘肃	4	36682	532	21	15
20200310	福建	15	135101	941	62	17
20200310	英格兰	5	41419	465	219	56
20200310	西藏	1	29	9	0	0
20200310	贵州	7	761	43	3	1
20200310	辽宁	15	8616	148	7	6
20200310	重庆	14	44392	454	48	8
20200310	陕西	15	58296	715	50	27
20200310	青海	1	378	16	0	0
20200310	黑龙江	18	2649871	20157	698	1259
20200311	Auckland	1	913	20	8	0
20200311	Chungcheongbuk-do	2	826	17	2	0
20200311	Comunidad de Madrid	1	8	0	1	1
20200311	Istarska Županija	1	198	8	4	0
20200311	Massachusetts	2	375923	6662	526	34
20200311	National Capital Region	1	29	3	0	1
20200311	Nordrhein-Westfalen	1	6	0	0	0
20200311	Phnom Penh	1	66	0	0	0
20200311	Phuket Province	1	310	6	3	0
20200311	Saipan Municipality	1	34	3	4	0
20200311	State of New South Wales	1	2	0	0	0
20200311	State of South Australia	1	991	18	9	0
20200311	上海	6	6798	85	14	6
20200311	云南	6	4585	148	9	1
20200311	内蒙古	3	5052	83	9	0
20200311	加利福尼亚州	4	1110471	45217	3314	953
20200311	北京	14	1708705	27125	6534	682
20200311	吉林	2	130317	862	46	3
20200311	四川	5	1106	19	3	0
20200311	天津	4	1443	54	7	0
20200311	宁夏	2	321	8	1	0
20200311	安徽	17	389721	5452	1233	591
20200311	山东	20	179621	1692	140	116
20200311	山西	1	59793	699	53	98
20200311	广东	56	3499189	162964	7501	1746
20200311	广西	9	17587	472	43	8
20200311	拉齐奥	1	2	1	0	0
20200311	新泽西州	1	413160	16794	883	381
20200311	新疆	3	40852	2210	23	39
20200311	江苏	20	52666	980	85	18
20200311	江西	5	156114	479	73	1
20200311	河北	16	38867	181	22	9
20200311	河南	19	77219	1032	102	10
20200311	浙江	20	622533	5894	574	47
20200311	海南	1	17	0	0	0
20200311	湖北	15	48395	832	91	8
20200311	湖南	7	33172	340	17	2
20200311	皮埃蒙特	1	9357	21	12	1
20200311	福建	12	710158	1894	65	106
20200311	纽约州	1	392	8	1	0
20200311	苏格兰	1	654	13	2	0
20200311	英格兰	5	5212	78	29	2
20200311	西约塔兰省	1	427	2	2	1
20200311	辽宁	8	2092	78	11	0
20200311	重庆	8	238009	1298	149	22
20200311	陕西	8	23682	252	9	3
20200311	黑龙江	7	8919407	52565	4693	2580
20200312	Auvergne-Rhône-Alpes	1	252	10	2	0
20200312	Changwat Pathum Thani	1	13	0	0	0
20200312	Chungcheongbuk-do	2	826	11	1	0
20200312	Dubai	1	2082	28	7	0
20200312	Emilia-Romagna	1	868	8	10	0
20200312	Friuli Venezia Giulia	1	930	47	16	0
20200312	Kuala Lumpur	1	31179	542	239	3
20200312	Lombardia	1	136	7	3	0
20200312	Phuket Province	1	167	7	0	0
20200312	Saitama-ken	1	52	1	0	0
20200312	State of New South Wales	3	350	3	0	1
20200312	State of Victoria	4	1824	13	10	0
20200312	Ōsaka-fu	1	10676	528	133	0
20200312	上海	9	31720	1727	121	9
20200312	中日德兰大区	1	12325	222	75	4
20200312	云南	11	15607	198	25	26
20200312	伊斯坦布尔	1	89	2	0	0
20200312	俄亥俄州	1	1448	10	0	1
20200312	内蒙古	14	3677683	30142	2340	888
20200312	加利福尼亚州	2	46529	1250	205	70
20200312	北京	28	83343981	1764190	38969	18972
20200312	吉林	5	13208	263	9	4
20200312	四川	20	657847	16859	1025	107
20200312	天津	1	1	1	0	0
20200312	宁夏	3	527	13	5	1
20200312	安大略	1	4001	37	2	3
20200312	安徽	24	324577	1856	131	32
20200312	山东	45	1801205	10112	621	434
20200312	山西	8	121081	924	25	4
20200312	广东	96	4227467	96341	3760	1398
20200312	广西	12	71744	608	95	9
20200312	托斯卡纳	3	14	0	0	0
20200312	新疆	4	23188	310	40	1
20200312	普利亚	1	9	0	0	0
20200312	江苏	38	167813	2042	169	37
20200312	江西	20	279208	3546	305	78
20200312	河北	30	392768	2740	264	39
20200312	河南	42	128099	2068	345	33
20200312	浙江	37	286075	13564	1282	150
20200312	海南	3	182	8	0	0
20200312	湖北	29	688314	5293	343	474
20200312	湖南	15	22649	953	44	2
20200312	甘肃	4	2011816	6208	198	715
20200312	福建	22	864208	8666	362	328
20200312	纽约州	1	81	4	1	0
20200312	艾伯塔	1	39077	253	132	1
20200312	英格兰	16	220	0	0	3
20200312	西哈努克市	1	31043	235	156	1
20200312	西约塔兰省	1	38	1	0	0
20200312	西藏	3	30	4	0	0
20200312	贵州	8	6617	211	13	3
20200312	辽宁	11	13485	126	22	11
20200312	重庆	16	21359464	1714145	43385	4602
20200312	陕西	13	60004	324	22	5
20200312	首尔特别市	1	34	1	0	0
20200312	黑龙江	10	11830581	287224	29480	564
20200313		1	1	0	0	0
20200313	Andalucía	1	1176	90	19	0
20200313	Bangkok	1	83	4	2	0
20200313	Central Singapore Community Development Council	1	3	0	0	0
20200313	Changwat Nakhon Pathom	1	438	11	0	0
20200313	Chungcheongbuk-do	2	1039	13	2	0
20200313	Colorado	1	7354	244	38	0
20200313	Comunidad de Madrid	1	5	1	0	0
20200313	Daerah Khusus Ibukota Jakarta	1	16207	235	61	1
20200313	Harare Province	1	838	33	2	0
20200313	Massachusetts	1	520	3	0	1
20200313	National Capital Region	1	47	0	0	0
20200313	Nordrhein-Westfalen	1	1522	4	10	0
20200313	State of New South Wales	1	524	8	0	1
20200313	State of Victoria	3	35	2	0	0
20200313	Tokyo Prefecture	2	151	3	0	0
20200313	Vientiane Prefecture	1	7	0	0	0
20200313	上海	26	126910	1786	104	46
20200313	不列颠哥伦比亚	1	6	1	1	0
20200313	云南	8	1011	47	4	0
20200313	内蒙古	12	81248	916	60	10
20200313	加利福尼亚州	2	27812	164	17	4
20200313	北京	27	177378875	5675279	139321	64230
20200313	卡拉布里亚	1	6	1	0	0
20200313	台湾	1	357	20	5	1
20200313	吉林	10	12763	267	94	3
20200313	四川	31	766983	23427	1640	687
20200313	天津	6	90610	4574	147	406
20200313	宁夏	1	1	0	0	0
20200313	安大略	1	576	74	13	0
20200313	安徽	32	353836	3553	213	57
20200313	山东	49	2275243	21225	1953	682
20200313	山西	9	16030	37	2	2
20200313	广东	92	2315498	33373	4192	1836
20200313	广西	15	480939	7899	3792	136
20200313	托斯卡纳	2	1432	10	1	1
20200313	新泽西州	1	9	0	0	0
20200313	新疆	15	309891	6580	603	244
20200313	柔佛州	1	440	17	7	0
20200313	江苏	60	7281064	249475	15329	2376
20200313	江西	25	142031	1917	172	16
20200313	河北	46	2171582	52202	4000	233
20200313	河南	46	309613	3986	230	96
20200313	浙江	46	828540	16600	708	135
20200313	海南	3	293	5	0	1
20200313	湖北	22	246831	2799	1626	73
20200313	湖南	30	193839	7695	186	27
20200313	甘肃	11	42687	820	71	9
20200313	福建	45	2752944	35037	1597	512
20200313	艾伯塔	1	393	9	3	1
20200313	英格兰	3	919	32	7	0
20200313	西哈努克市	1	598	44	2	1
20200313	西约塔兰省	2	827	4	0	0
20200313	贵州	9	4902703	177306	6297	3276
20200313	辽宁	23	76969	746	57	26
20200313	重庆	11	56761	1071	70	39
20200313	陕西	25	145949	2900	168	18
20200313	香港	1	0	0	0	0
20200313	黑龙江	13	7206797	65257	8831	1839
20200314		2	12429	160	8	1
20200314	Andalucía	1	10865	118	23	1
20200314	Auckland	1	315	12	2	0
20200314	Auvergne-Rhône-Alpes	1	34088	685	54	4
20200314	Canton du Valais	1	189356	12105	1292	5
20200314	Catalunya	1	7595	77	17	18
20200314	Chungcheongbuk-do	1	165	7	1	0
20200314	Comunidad de Madrid	1	117	0	2	2
20200314	Drâa-Tafilalet	1	394	8	0	1
20200314	Dubai	1	2065	7	2	0
20200314	Lira District	1	0	0	0	0
20200314	Lombardia	1	596	81	23	0
20200314	Massachusetts	1	775	190	12	3
20200314	National Capital Region	1	817	14	0	3
20200314	Québec	2	9570	648	63	6
20200314	Sankt-Peterburg	1	11	0	0	0
20200314	Tokyo Prefecture	2	315	56	4	0
20200314	West	1	6	1	0	0
20200314	Île-de-France	1	75	2	0	0
20200314	上海	22	277965	2045	136	27
20200314	不列颠哥伦比亚	2	68067	2935	671	38
20200314	云南	4	2009	49	1	0
20200314	俄亥俄州	2	32469	502	285	169
20200314	兵库县	1	1186	3	1	0
20200314	内华达州	1	19	1	0	0
20200314	内蒙古	10	197427	1212	75	10
20200314	加利福尼亚州	1	33200	604	78	404
20200314	北京	29	9279458	368685	5598	8462
20200314	北棉兰老	1	22	5	0	0
20200314	南卡罗来纳州	1	317	5	3	1
20200314	吉林	7	12784	75	9	1
20200314	四川	22	689431	8577	6044	148
20200314	天津	7	1304	48	23	3
20200314	宁夏	1	8	0	0	0
20200314	安徽	33	280400	4624	594	70
20200314	宾夕法尼亚州	3	843	12	0	0
20200314	山东	47	3575280	23311	1662	512
20200314	山西	15	364402	2942	143	111
20200314	广东	78	1489656	25177	2591	445
20200314	广西	16	436802	3474	326	76
20200314	拉齐奥	1	621	14	14	0
20200314	新疆	9	592102	6354	134	458
20200314	曼尼托巴	1	1992	75	4	1
20200314	江苏	39	3106555	60913	8101	1830
20200314	江西	18	1136043	10070	496	154
20200314	河北	34	522140	4030	542	93
20200314	河南	49	1167156	10487	856	143
20200314	浙江	43	4233018	58973	2032	1068
20200314	海南	2	620	33	13	2
20200314	湖北	31	680880	9967	2139	126
20200314	湖南	16	67519	1197	55	11
20200314	甘肃	7	4245	74	3	19
20200314	皮埃蒙特	2	14950	1017	24	2
20200314	福建	24	108151	1667	132	8
20200314	纽约州	1	7594	386	32	1
20200314	艾伯塔	4	218713	2100	323	44
20200314	英格兰	1	51	1	0	0
20200314	西约塔兰省	2	3420	83	6	0
20200314	贵州	4	4001	91	13	1
20200314	辽宁	24	92642	10899	578	153
20200314	重庆	5	341	10	6	0
20200314	陕西	28	220745	2974	186	21
20200314	青海	1	98	22	22	0
20200314	黑龙江	15	2328594	20914	2449	695
20200315		1	70	4	1	0
20200315	Central Singapore Community Development Council	1	6	1	0	0
20200315	Changwat Samut Prakan	1	96	6	11	0
20200315	Colorado	1	4	0	0	0
20200315	Comunidad de Madrid	8	20525	273	25	10
20200315	Diego Martin	2	2053	37	19	0
20200315	Dubai	2	38222	245	50	6
20200315	Dushanbe	1	86	0	2	0
20200315	East	1	17	0	0	0
20200315	Estado de Baja California	1	378	3	5	0
20200315	Kanagawa	1	2	0	0	0
20200315	Lima	1	837	12	4	0
20200315	Lombardia	3	1582	50	3	0
20200315	Muḩāfaz̧at Baghdād	3	10	3	0	3
20200315	Nairobi	2	89	5	0	0
20200315	National Capital Region	1	405	0	9	0
20200315	Nebraska	1	1038	12	4	0
20200315	Nordrhein-Westfalen	1	178	8	4	0
20200315	Phuket Province	1	364	7	1	0
20200315	Punjab Province	1	110	0	0	0
20200315	Québec	1	7	0	0	0
20200315	Saint James	1	562	4	8	0
20200315	Saitama-ken	1	26	0	0	0
20200315	Somali Region	1	39	1	0	0
20200315	State of New South Wales	2	108	5	10	0
20200315	State of Victoria	2	748	12	1	0
20200315	Tokyo Prefecture	1	25	2	0	0
20200315	Tỉnh Thanh Hóa	2	12	0	0	0
20200315	Yangon Region	1	8	1	0	1
20200315	Île-de-France	3	48	2	1	0
20200315	上海	28	82609	1063	60	18
20200315	不列颠哥伦比亚	3	1370	33	5	4
20200315	云南	11	46238	1110	146	2
20200315	俄亥俄州	1	2290	23	20	0
20200315	俄勒冈州	1	144	14	0	0
20200315	内蒙古	15	202239	2142	161	64
20200315	加利福尼亚州	4	626869	46428	11674	224
20200315	北京	34	2593611	149062	6632	3640
20200315	吉林	9	1283	43	6	0
20200315	四川	39	42415378	587890	39276	37176
20200315	天津	4	9032	90	12	0
20200315	宁夏	2	582	62	11	1
20200315	安大略	3	1556	21	0	4
20200315	安徽	33	476358	4031	611	119
20200315	密苏里州	1	908	5	3	0
20200315	山东	64	45569361	2424545	785807	17642
20200315	山西	19	354875	2312	174	40
20200315	广东	110	709130	52630	4310	180
20200315	广西	18	2312690	89470	4110	2501
20200315	德克萨斯州	7	41834	525	77	7
20200315	戈公省	1	37622	935	85	0
20200315	新疆	6	2038	141	27	0
20200315	普罗旺斯-阿尔卑斯-蓝色海岸	1	15	0	0	0
20200315	江苏	55	21969445	258866	410626	5569
20200315	江西	21	524089	3908	317	138
20200315	河北	36	1791082	34685	8565	735
20200315	河南	66	2349523	19901	974	1420
20200315	浙江	50	2462667	79264	11956	977
20200315	海南	2	4284	319	7	2
20200315	湖北	40	16736172	542422	29493	24843
20200315	湖南	26	5328136	44117	53963	1295
20200315	澳门	1	5639	85	20	0
20200315	甘肃	12	15911	215	10	5
20200315	皮埃蒙特	3	18	2	1	0
20200315	福建	23	934753	3083	482	325
20200315	艾伯塔	1	202	1	3	0
20200315	英格兰	5	4548	20	3	3
20200315	西约塔兰省	2	982	42	0	1
20200315	西藏	1	113	20	1	0
20200315	豪登省	1	100	4	0	0
20200315	贵州	5	1724	165	18	2
20200315	辽宁	24	1339344	3946	581	573
20200315	重庆	10	24442	595	33	4
20200315	陕西	22	177404	2517	457	9
20200315	青海	1	12	2	0	0
20200315	香港	1	21	4	0	0
20200315	黑龙江	16	3929726	18863	2260	1126
20200316	Atlantique Department	1	44561	272	85	3
20200316	Auvergne-Rhône-Alpes	1	466	5	4	0
20200316	Bangkok	1	5	1	0	1
20200316	Calabarzon	2	156	2	3	0
20200316	Catalunya	2	565	15	3	0
20200316	Ceará	1	639	18	3	0
20200316	Central Singapore Community Development Council	1	3	1	0	0
20200316	Changwat Chon Buri	1	2	0	0	0
20200316	Chiang Mai Province	1	8384	113	19	3
20200316	Cidade de Maputo	1	18	1	0	0
20200316	Distrito do Porto	1	2	0	0	0
20200316	Dubai	1	3017	35	29	0
20200316	Emilia-Romagna	2	291	17	0	0
20200316	Kuala Lumpur	2	1117	146	20	5
20200316	Lombardia	3	248	5	7	0
20200316	Madhyamanchal	1	2660	164	4	2
20200316	Nairobi	1	2	1	0	0
20200316	National Capital Region	1	187	1	0	0
20200316	North	1	235	3	2	0
20200316	Phnom Penh	1	50	3	0	0
20200316	Pulau Pinang	1	12	0	0	0
20200316	Québec	4	43033	498	176	19
20200316	Sankt-Peterburg	1	229	1	1	0
20200316	Selangor	3	5	0	0	0
20200316	Skåne län	1	1962	9	3	3
20200316	State of New South Wales	7	1592	53	29	3
20200316	State of Victoria	2	51	4	0	0
20200316	Tokyo Prefecture	3	31	3	0	0
20200316	Île-de-France	2	38888	435	142	6
20200316	上海	48	901305	20306	1583	2355
20200316	不列颠哥伦比亚	3	84	2	0	0
20200316	云南	21	31653	522	36	17
20200316	俄亥俄州	1	753	19	12	0
20200316	内蒙古	12	52478	540	51	9
20200316	加利福尼亚州	3	60693	1217	104	4
20200316	加姆珀哈	1	538	1	0	0
20200316	北京	74	34672264	992229	74568	5854
20200316	卡斯蒂利亚-莱昂	1	23	1	3	0
20200316	吉林	12	17857	620	76	5
20200316	四川	52	11178360	111757	185048	914
20200316	基辅州	1	1287	52	0	1
20200316	塔拉帕卡大区	1	11	1	3	0
20200316	天津	18	605054	38818	4088	2482
20200316	宁夏	4	24120	1979	147	45
20200316	安大略	2	2983	54	12	0
20200316	安徽	50	13916324	333356	177257	1689
20200316	山东	80	1255855	13709	1362	472
20200316	山西	31	387259	6273	607	120
20200316	广东	164	14790355	82079	6730	6169
20200316	广西	23	231004	3787	413	112
20200316	德克萨斯州	6	9803	541	55	1
20200316	托斯卡纳	1	2	1	1	0
20200316	新泽西州	2	237755	9419	1895	421
20200316	新疆	9	246711	20630	2839	175
20200316	江苏	62	1915359	11925	1697	747
20200316	江西	31	2149467	61606	11669	1009
20200316	河北	65	222493	2849	207	47
20200316	河南	137	407217	4984	445	251
20200316	浙江	58	352426	3751	722	56
20200316	海南	12	52483	995	127	18
20200316	湖北	68	267087	3701	431	35
20200316	湖南	36	366266	2000	168	25
20200316	澳门	1	1	0	0	0
20200316	甘肃	12	279962	1064	69	10
20200316	皮埃蒙特	1	63	0	0	0
20200316	砂拉越	1	1	0	0	0
20200316	福建	47	3690788	28088	2997	365
20200316	纽约州	3	54	5	1	0
20200316	肯塔基州	3	604	168	17	0
20200316	艾伯塔	3	30610	199	56	17
20200316	英格兰	7	158	1	2	0
20200316	西约塔兰省	2	2590	62	8	0
20200316	西西里岛	2	12488	532	42	0
20200316	贵州	22	44347	1772	325	7
20200316	辽宁	36	356416	23877	4571	443
20200316	都柏林	2	230	1	0	0
20200316	重庆	18	125495	3348	636	23
20200316	陕西	25	158255	3123	574	21
20200316	香港	1	2633	133	16	4
20200316	黑龙江	26	98905	1423	68	25
