20200121	广东	2	7058	206	11	9
20200122	广东	2	534461	11758	539	147
20200124	北京	1	12	0	0	0
20200124	山西	2	8	0	0	0
20200124	广东	2	21	2	0	0
20200124	广西	1	196741704	2839383	142921	114775
20200124	江苏	1	16	0	0	1
20200124	河北	1	4	0	0	0
20200124	辽宁	1	886	5	2	1
20200124	重庆	1	12	1	0	0
20200125	四川	2	9	2	0	0
20200125	安徽	1	3	0	0	0
20200125	山西	1	1	0	0	0
20200125	广西	1	6	0	0	0
20200125	江西	2	11	0	0	6
20200125	河南	2	11	2	0	0
20200125	湖北	2	39	0	0	0
20200125	辽宁	1	2	0	0	0
20200125	陕西	2	6	0	0	0
20200125	黑龙江	2	5	0	0	0
20200126	河南	1	9	1	0	0
20200127	广东	2	10	2	0	0
20200127	新疆	1	4	0	0	0
20200129	山西	1	35	0	0	0
20200129	广西	1	2	0	0	0
20200129	河南	1	6	0	0	0
20200130	云南	1	4	1	1	0
20200130	北京	2	56037	809	21	22
20200131	黑龙江	1	1210	7	9	0
20200201	江苏	1	4	1	0	0
20200201	重庆	1	11	1	2	0
20200202	北京	1	29634967	345992	70848	18711
20200202	天津	1	1	0	0	0
20200202	山东	3	79485	630	71	71
20200202	广东	2	3796	27	7	2
20200202	河北	1	1	0	1	0
20200202	湖北	1	4688001	50091	19470	2830
20200202	湖南	1	4	0	0	0
20200203	上海	1	0	0	0	0
20200203	北京	1	1380339	13860	3732	624
20200203	四川	1	8305	74	65	6
20200203	河北	1	5	1	0	1
20200203	河南	2	46112	700	102	11
20200203	湖北	1	1333	20	8	6
20200203	重庆	3	54	0	2	0
20200204	内蒙古	1	70187	871	42	19
20200204	北京	1	1	0	0	0
20200204	四川	1	12	0	2	0
20200204	安徽	1	35	0	0	0
20200204	山东	1	2	0	1	0
20200204	广东	1	11	0	0	0
20200204	江苏	3	13	1	1	0
20200204	河南	4	19780	154	216	52
20200204	福建	2	6230	41	75	6
20200204	重庆	4	63	0	1	0
20200204	陕西	1	4	0	0	0
20200205	北京	1	1528081	17622	6826	854
20200205	山东	1	60607	805	137	35
20200205	广东	2	33	1	0	0
20200205	广西	1	4	0	0	0
20200205	江苏	2	12	1	0	0
20200205	江西	2	2598353	54564	11013	3424
20200205	湖南	1	9	0	0	0
20200205	贵州	1	32	6	0	0
20200205	重庆	2	28	0	0	0
20200205	陕西	2	41	1	0	0
20200206	山东	1	13	1	0	0
20200206	广东	1	2	0	0	0
20200206	河南	3	6	0	0	0
20200206	湖南	1	11039	93	20	0
20200206	重庆	3	40	2	0	0
20200207	上海	1	2774	4	9	1
20200207	北京	1	6	1	0	0
20200207	山东	1	6	0	0	0
20200207	河南	1	388	6	0	0
20200208	北京	2	28	1	1	0
20200208	陕西	1	3234	10	0	0
20200211	广西	1	806	38	3	0
20200212	辽宁	1	4	0	0	0
20200213	重庆	1	72	8	0	0
20200215	安大略	7	21739	108	110	21
20200215	山东	1	2	0	0	0
20200215	河北	1	1256314	9156	2051	359
20200216	四川	1	5	1	0	0
20200216	天津	1	744	33	20	9
20200216	山西	1	21	2	0	0
20200216	广东	2	322035	1815	1436	188
20200216	江西	1	196	2	0	0
20200216	河南	2	40716	314	267	23
20200216	湖南	1	2849200	15782	7288	683
20200216	贵州	1	5	0	0	0
20200216	黑龙江	1	2703	35	2	1
20200217	陕西	1	6	0	0	0
20200218	河南	1	130	3	0	0
20200219	广东	1	4	0	0	0
20200220	安徽	2	4925791	24292	32320	331
20200220	广东	1	11165	59	15	2
20200220	河南	2	1133350	6916	10076	120
20200220	湖北	1	12306	61	42	0
20200221	北京	1	9402	17	0	0
20200221	天津	1	0	0	0	0
20200221	江西	1	30245	91	151	2
20200226	山西	1	257966	1577	1415	235
20200226	江苏	1	32	2	0	0
20200227	山东	1	6501036	29399	22892	542
20200227	河南	1	29	0	0	0
20200301	山东	1	3	0	0	0
20200305	四川	1	1856366	25678	5158	251
20200306	山东	1	1402641	4752	1194	70
20200306	河南	1	30850786	323798	23089	1121
20200306	浙江	1	991	7	8	0
20200307	河南	1	28954	203	17	1
20200309	上海	1	777160	9576	5929	518
20200309	北京	1	3785	61	2	1
20200310	山东	2	1868426	6406	7640	183
20200310	山西	2	9741344	47638	34833	362
20200310	江苏	1	9678868	63395	22479	586
20200310	湖北	1	9	0	0	0
20200310	辽宁	1	18654	857	142	25
20200311	内蒙古	1	1161	175	10	0
20200311	北京	2	283830	6945	1229	382
20200311	山东	1	368399	4186	486	48
20200311	河南	2	15584701	112244	39898	760
20200311	海南	1	25490	309	29	1
20200311	湖北	1	210063	1257	1252	29
20200311	辽宁	1	0	0	0	0
20200312	河南	1	589405	3350	2572	123
20200314	河南	1	6	0	0	0
20200314	湖北	3	4900	403	81	3
