20200102	安徽	1	578	3	1	3
20200102	浙江	1	7	0	0	0
20200117	广东	2	40321	153	4	11
20200118	广东	1	7214	51	0	8
20200119	广东	1	2840	62	0	4
20200122	广东	2	6959	104	1	3
20200122	江西	1	600	11	1	7
20200124	河南	1	578	18	0	0
20200129	河南	1	11	1	0	0
20200130	山东	4	51	2	4	0
20200130	广东	1	1	0	0	0
20200130	江苏	1	5	0	0	0
20200130	河北	1	3	0	0	0
20200130	湖北	1	4	0	0	0
20200130	湖南	2	17	1	1	0
20200130	福建	1	6	1	0	0
20200130	贵州	1	2	0	0	0
20200130	陕西	1	9	0	0	0
20200131	上海	1	2	0	0	0
20200131	北京	2	19	0	0	0
20200131	安徽	2	11	1	0	0
20200131	山东	5	13080	1295	117	3
20200131	山西	1	9	1	0	0
20200131	广东	2	9	1	0	0
20200131	江苏	3	7266	65	15	9
20200131	江西	1	10145	123	3	0
20200131	河北	2	6	0	0	0
20200131	河南	5	29496275	673898	60354	5595
20200131	浙江	1	21	1	0	0
20200131	湖南	2	80	11	1	0
20200131	福建	4	49407238	1174460	119404	22504
20200131	贵州	4	38	0	2	0
20200131	辽宁	1	1053139	11396	1928	329
20200131	重庆	1	0	0	0	0
20200131	陕西	5	20	3	0	0
20200131	黑龙江	1	7	0	0	0
20200201	上海	3	12	1	0	0
20200201	内蒙古	1	12	1	0	0
20200201	北京	6	32361551	1185041	105423	7662
20200201	吉林	2	17809866	737495	61890	5083
20200201	四川	6	518	8	3	0
20200201	天津	1	5	0	0	0
20200201	安徽	23	79446584	1714664	217871	22062
20200201	山东	14	77515910	1713892	221817	11861
20200201	山西	4	68194	1276	128	11
20200201	巴登-符腾堡	2	7	0	0	0
20200201	广东	7	7772181	129952	14674	1669
20200201	广西	1	805	7	0	0
20200201	新疆	2	3663	35	20	3
20200201	江苏	7	90092	2147	106	9
20200201	江西	4	6042345	134190	11660	1440
20200201	河北	4	6442640	107183	14175	1060
20200201	河南	15	1982968	17180	2266	230
20200201	浙江	4	43	5	0	0
20200201	海南	4	24	1	0	0
20200201	湖北	12	1056745	33791	4124	477
20200201	湖南	4	996	42	1	0
20200201	甘肃	4	1027354	18223	4037	833
20200201	福岛县	1	5	1	0	0
20200201	福建	1	1	0	0	0
20200201	英格兰	1	10	0	0	0
20200201	贵州	2	4826600	133039	10723	528
20200201	辽宁	4	11381	328	23	2
20200201	重庆	5	1762	16	2	0
20200201	陕西	5	1652317	31104	7800	584
20200201	青海	1	9	1	0	0
20200201	黑龙江	4	7734	77	5	3
20200202	内蒙古	2	4701	11	1	0
20200202	吉林	2	7	2	0	0
20200202	四川	4	18	1	3	0
20200202	安徽	1	3	1	0	0
20200202	山西	3	11133	157	24	4
20200202	广东	12	31357	2067	117	0
20200202	江苏	10	71013757	2666039	237328	10045
20200202	江西	2	18214	205	5	0
20200202	河北	8	26087	213	13	1
20200202	河南	5	34883	563	30	8
20200202	湖北	7	2036	15	0	1
20200202	湖南	1	213	30	4	0
20200202	福建	1	2	0	0	0
20200202	贵州	2	7349	33	3	2
20200202	辽宁	1	206211	4337	430	58
20200202	重庆	1	0	0	0	0
20200202	陕西	3	63	6	1	0
20200202	青海	1	1	0	0	0
20200202	黑龙江	2	7	0	0	0
20200203	广东	2	6	0	0	0
20200203	广西	1	9	1	0	0
20200203	河南	3	20	0	0	0
20200203	湖北	6	573	23	0	0
20200203	贵州	1	96891612	2272016	254906	14381
20200203	陕西	1	6	0	0	0
20200204	广东	1	1020	49	6	0
20200204	河南	1	7773	111	11	0
20200204	湖北	2	5318	38	2	0
20200204	湖南	2	10	2	0	0
20200204	黑龙江	1	0	0	0	0
20200205	上海	1	14	1	0	0
20200205	四川	1	5	0	0	0
20200205	安徽	1	11	0	0	0
20200205	山东	2	24	0	2	0
20200205	新疆	1	8	0	0	0
20200205	浙江	1	0	0	0	0
20200205	湖北	2	7097	48	3	6
20200206		3	38363	471	284	40
20200206	Changwat Chanthaburi	1	5	0	0	0
20200206	Changwat Chon Buri	1	3	0	0	0
20200206	Kuala Lumpur	1	10	1	2	0
20200206	Saitama-ken	1	4	1	0	0
20200206	South Banat	1	550	31	4	0
20200206	上海	79	265918	10102	3496	346
20200206	云南	63	12480186	384976	74490	4532
20200206	内蒙古	36	35571	950	330	34
20200206	北京	159	14101899	480617	103985	9548
20200206	台湾	1	1	0	0	0
20200206	吉林	43	9909225	311191	44356	5497
20200206	四川	238	36070373	1341088	255538	34054
20200206	天津	43	14114	684	88	4
20200206	宁夏	23	5632	41	10	0
20200206	安徽	285	9887918	245789	59138	5329
20200206	山东	343	7862276	171162	41594	4061
20200206	山西	74	1419436	33877	7677	509
20200206	广东	322	17380210	452480	79038	9586
20200206	广西	68	274320	10050	3039	280
20200206	新疆	34	37776	1135	308	30
20200206	江苏	366	12139448	291281	48571	4295
20200206	江西	114	4287618	78355	13449	1008
20200206	河北	227	32042945	1439185	368130	59429
20200206	河南	353	66626345	2163147	343510	33388
20200206	浙江	243	1822772	42280	8337	1213
20200206	海南	29	23166	1253	195	5
20200206	湖北	369	16550803	472511	86927	9589
20200206	湖南	167	1736467	45425	10873	872
20200206	澳门	1	3	0	0	0
20200206	甘肃	79	1642974	57682	12900	3754
20200206	福建	115	462764	14589	2981	336
20200206	贵州	85	14416912	355123	65240	6418
20200206	辽宁	79	265919	7472	1662	203
20200206	重庆	67	179810	5737	1270	78
20200206	陕西	199	1911119	60941	12925	1399
20200206	青海	11	46579	2558	660	70
20200206	香港	1	3	0	0	0
20200206	黑龙江	54	224882	7061	2064	159
20200207		39	10065590	469543	22953	1587
20200207	Amman Governorate	2	6	0	0	0
20200207	Andalucía	1	10	0	0	0
20200207	Ash Shāriqah	1	9	1	0	0
20200207	Bangkok	3	13	0	0	0
20200207	Bolikhamxai	1	29974	2454	84	0
20200207	Bruxelles-Capitale	2	9	1	0	0
20200207	Canterbury	1	12	1	1	0
20200207	Catalunya	1	19	1	0	0
20200207	Central Singapore Community Development Council	3	35	1	1	0
20200207	Centre Region	2	32	0	1	0
20200207	Changwat Prachuap Khiri Khan	1	4	1	0	0
20200207	Changwat Surat Thani	1	6	0	0	0
20200207	Chiang Mai Province	2	9	0	0	0
20200207	Chiba-ken	1	15	0	0	0
20200207	Comunidad de Madrid	3	22	2	0	0
20200207	Comunitat Valenciana	2	17	0	0	0
20200207	Daejeon	1	27354	522	11	6
20200207	Davao	1	2	0	0	0
20200207	Dhaka Division	1	8	0	0	0
20200207	Distrikt Paramaribo	1	3	0	0	0
20200207	Dubai	4	14	2	1	0
20200207	Flanders	1	4	1	0	0
20200207	Gouvernorat de Nabeul	1	1	0	0	0
20200207	Gyeongsangnam-do	1	6	0	0	0
20200207	Hessen	1	2	0	0	0
20200207	Hlavní město Praha	1	902	14	1	0
20200207	Horad Minsk	2	2985	38	3	0
20200207	Incheon	3	6	0	0	0
20200207	Jeju-do	2	15	0	0	0
20200207	Kharkiv	1	5	1	0	0
20200207	Kratie	1	4	0	0	0
20200207	Kuala Lumpur	3	32	2	0	0
20200207	Kumamoto	1	41838	2331	211	11
20200207	Lagos State	1	6	0	0	0
20200207	Lombardia	1	8	0	0	0
20200207	Madhyamanchal	1	13	1	0	0
20200207	Manawatu-Wanganui	1	30	1	2	1
20200207	Massachusetts	2	6	1	0	0
20200207	Mestna Občina Ljubljana	2	3	0	0	0
20200207	Muḩāfaz̧at as Sulaymānīyah	1	6	1	0	0
20200207	Nairobi	1	2	0	0	0
20200207	National Capital Region	8	714	17	0	0
20200207	Nordrhein-Westfalen	1	4	0	0	0
20200207	North East	3	17	1	1	0
20200207	Phnom Penh	2	1564	25	1	0
20200207	Phuket Province	8	12469	928	112	5
20200207	Provincia de Buenos Aires	1	7	0	0	0
20200207	Provincie Noord-Holland	2	263	72	1	0
20200207	Provincie Zuid-Holland	3	30	1	0	2
20200207	Punjab Province	1	13	1	0	0
20200207	Québec	4	13	0	0	0
20200207	Rangpur	1	3	0	0	0
20200207	Saitama-ken	2	8	2	1	0
20200207	San Pedro de Macorís	1	2	0	0	0
20200207	Sankt-Peterburg	1	854	13	7	0
20200207	Santiago de los Caballeros	1	12	0	0	0
20200207	South Banat	2	1401	34	8	0
20200207	Southern	1	2896	106	7	3
20200207	State of New South Wales	9	107491	4673	630	64
20200207	State of Queensland	2	10	0	1	0
20200207	State of South Australia	1	3	1	0	0
20200207	State of Victoria	2	13	0	0	0
20200207	Stockholm	2	11	0	0	0
20200207	Svay Rieng	1	4	0	0	0
20200207	São Paulo	4	20	3	0	0
20200207	Thành Phố Hà Nội	1	2	0	0	0
20200207	Tokyo Prefecture	6	30	1	0	1
20200207	Tỉnh Khánh Hòa	1	4	0	0	0
20200207	Tỉnh Quảng Ninh	1	10	0	1	0
20200207	Uppsala	1	12	0	0	0
20200207	Waikato	2	21	0	0	0
20200207	Wallonia	1	6	1	0	0
20200207	West	2	16	1	0	0
20200207	Yangon Region	1	13	0	0	0
20200207	Île-de-France	3	30	1	2	0
20200207	Ādīs Ābeba Āstedader	1	1072	42	4	0
20200207	上海	847	6779054	350918	30078	4923
20200207	不列颠哥伦比亚	9	3660	83	11	25
20200207	中央吕宋	1	1	0	0	0
20200207	中米沙鄢	1	9	1	0	0
20200207	云南	731	2554756	72623	5778	986
20200207	京畿道	2	9	0	0	0
20200207	伊利诺伊州	1	10	0	0	0
20200207	俄亥俄州	2	15	0	0	0
20200207	内华达州	1	4	0	0	0
20200207	内蒙古	444	1896224	51537	4940	635
20200207	利古里亞	1	8	0	0	0
20200207	加利福尼亚州	28	2325	149	11	4
20200207	北京	1539	1602157201	52744548	5485358	881428
20200207	北卡罗来纳州	1	7	0	0	0
20200207	北海道	1	5	1	0	0
20200207	南卡罗来纳州	1	0	0	0	0
20200207	印第安纳州	3	290	4	1	1
20200207	台湾	9	106086	5369	561	91
20200207	吉林	636	2611638	78466	10268	1097
20200207	四川	2236	12744354	587115	55085	10770
20200207	天津	423	1441284	189714	6550	558
20200207	奥塔哥大区	1	4	0	0	0
20200207	威尼托	4	4623	456	44	1
20200207	宁夏	160	38263	1424	91	11
20200207	安大略	5	33	2	0	2
20200207	安徽	2627	8064148	294900	23918	5091
20200207	密歇根州	2	19	3	1	0
20200207	密西西比州	1	7	0	0	0
20200207	山东	3651	26708207	651625	64756	12390
20200207	山西	1235	5154224	129535	12304	1511
20200207	巴伐利亚	2	9	1	0	0
20200207	广东	3340	26407173	981243	130721	12374
20200207	广西	747	2539573	87130	10102	1399
20200207	德克萨斯州	2	35836	2398	179	13
20200207	托斯卡纳	2	8	0	0	0
20200207	拉齐奥	1	3	1	0	0
20200207	新斯科舍	1	6	1	0	0
20200207	新泽西州	3	23	1	0	0
20200207	新疆	458	7752662	187982	19410	3696
20200207	曼尼托巴	1	6	0	0	0
20200207	本吉拉省	1	9	0	0	1
20200207	東加里曼丹省	2	9	0	1	0
20200207	楠普拉省	1	2	0	0	0
20200207	比什凯克	1	15	3	0	0
20200207	江苏	3232	53157077	1754809	314932	23172
20200207	江西	1404	8300303	303034	28194	3763
20200207	河北	2157	22847907	369163	36516	5898
20200207	河南	4082	19344837	555587	49670	8956
20200207	浙江	1812	18849949	973960	79830	15316
20200207	海南	336	668246	31017	1945	404
20200207	湖北	3233	17195951	613717	62927	7195
20200207	湖南	1713	16380537	335551	27743	4732
20200207	澳门	2	304	56	4	0
20200207	甘肃	911	4448621	111950	8623	2435
20200207	福冈县	1	5	1	1	0
20200207	福建	1207	5091167	129088	12378	2586
20200207	纽约州	13	60431	3217	891	11
20200207	艾伯塔	2	11	1	1	0
20200207	苏格兰	2	1371	57	1	0
20200207	英格兰	9	68	4	0	0
20200207	西哈努克市	1	988	35	0	0
20200207	西藏	67	18929	1206	149	21
20200207	豪登省	3	11	0	1	0
20200207	贵州	1028	8780708	216207	17093	4307
20200207	辽宁	1304	5858995	133487	15017	2379
20200207	重庆	718	2070839	61673	7867	972
20200207	釜山广域市	1	3	0	0	0
20200207	长野县	1	5	0	0	0
20200207	陕西	2309	7031009	280459	29913	4480
20200207	青海	97	38796	1768	113	22
20200207	首尔特别市	3	1344	6	0	0
20200207	香港	14	3140	66	7	3
20200207	马里兰州	2	15	0	0	0
20200207	黑龙江	854	1465095	50351	4569	769
20200208		24	360719	10900	421	361
20200208	Auckland	1	6	0	0	0
20200208	Bangkok	5	22	5	0	1
20200208	Canton de Berne	1	5	0	0	0
20200208	Central Singapore Community Development Council	2	101	3	0	0
20200208	Chiang Mai Province	1	2	1	0	0
20200208	Comunidad de Madrid	2	7	0	0	0
20200208	Free and Hanseatic City of Hamburg	1	1052	26	10	2
20200208	Hessen	2	6	1	0	0
20200208	National Capital Region	3	4658	127	15	5
20200208	Nordrhein-Westfalen	1	2	1	0	0
20200208	North	1	5	0	0	0
20200208	Phnom Penh	1	3416	157	38	0
20200208	Phuket Province	2	11	1	0	0
20200208	Port Louis District	1	2	1	0	0
20200208	Province du Haut-Katanga	1	5944	71	3	0
20200208	Punjab Province	1	3	0	0	0
20200208	Saitama-ken	1	1	0	0	0
20200208	Sakhalinskaya Oblast’	1	14919	331	74	8
20200208	Sankt-Peterburg	6	57	7	4	0
20200208	Santa Fe Province	1	172	13	1	0
20200208	Selangor	1	5	1	0	0
20200208	Southern Province	1	2	0	0	0
20200208	State of New South Wales	1	125326	1916	42	11
20200208	State of Victoria	1	3	1	1	0
20200208	State of Western Australia	1	5	0	0	1
20200208	Tokyo Prefecture	3	62969	698	31	67
20200208	Trashigang Dzongkhag	1	4	0	0	0
20200208	Tỉnh Thanh Hóa	1	4	0	0	0
20200208	Vientiane Prefecture	1	614	3	0	0
20200208	Waikato	1	7	0	0	0
20200208	Wilaya d’ Alger	1	10	1	1	0
20200208	Île-de-France	1	6	0	0	0
20200208	上海	254	1185206	55686	4029	1905
20200208	不列颠哥伦比亚	3	4357	496	29	0
20200208	中米沙鄢	1	4189	304	67	8
20200208	中苏拉威西省	1	4	0	0	0
20200208	云南	198	328479	16007	941	82
20200208	京畿道	1	15	0	0	0
20200208	内华达州	1	1257	49	5	0
20200208	内蒙古	185	760857	27902	2260	755
20200208	加利福尼亚州	6	6644	294	74	1
20200208	北京	379	148153098	5675453	311789	68723
20200208	北布拉班特省	1	15	1	1	0
20200208	南马托格罗索州	1	726	79	8	0
20200208	台湾	4	31	0	0	0
20200208	吉林	242	472758	24217	3962	2175
20200208	四川	805	3332529	109028	6986	3921
20200208	夏威夷州	1	3	1	0	0
20200208	天津	133	922265	59768	1661	423
20200208	宁夏	43	21138	374	26	6
20200208	安徽	832	2945872	134682	8319	1923
20200208	宾夕法尼亚州	1	3	0	0	0
20200208	山东	1190	5797688	221866	19369	5067
20200208	山西	434	2086305	54315	3430	490
20200208	岐阜县	3	16	0	0	0
20200208	巴厘岛	1	192	4	0	1
20200208	广东	869	3602056	163158	13355	4541
20200208	广西	221	1361552	91188	5552	1279
20200208	新疆	171	476134	26668	1519	1057
20200208	江苏	1180	4157702	151913	12131	3539
20200208	江西	455	1489909	44647	3257	1907
20200208	河北	761	11575638	166268	9074	4105
20200208	河南	1304	11646313	194051	16311	14832
20200208	浙江	572	1945873	101872	7836	2186
20200208	海南	87	332537	14446	683	299
20200208	湖北	1072	3939428	188282	15578	6750
20200208	湖南	575	1814949	96612	5839	5063
20200208	澳门	1	36788	753	13	4
20200208	甘肃	237	395910	27150	1869	236
20200208	福建	391	1889244	70233	5550	1916
20200208	纽约州	1	2	0	0	0
20200208	艾伯塔	2	21045	940	21	83
20200208	西爪哇省	1	5	1	0	0
20200208	西藏	12	134	8	0	0
20200208	贵州	342	1104627	49881	2546	516
20200208	辽宁	499	1159783	45476	4187	1193
20200208	重庆	271	793192	58116	6713	3393
20200208	陕西	803	1541190	70274	4661	1031
20200208	青海	33	76929	6424	450	56
20200208	首尔特别市	2	6	0	0	0
20200208	香港	10	38980	1815	91	29
20200208	马里兰州	3	44	1	0	1
20200208	黑龙江	363	656211	25015	2521	1286
20200209		11	93247	5261	178	23
20200209	Bangkok	2	1119	71	7	0
20200209	Calabarzon	1	3	0	0	0
20200209	Catalunya	2	2211	46	3	0
20200209	Daejeon	1	29999	4052	104	5
20200209	Jeju-do	2	14	0	0	0
20200209	Jeollanam-do	1	12	1	0	0
20200209	Moskva	1	0	0	0	0
20200209	National Capital Region	1	3	1	0	0
20200209	Pahang	1	3	0	1	0
20200209	Perak	1	7	2	1	0
20200209	Phuket Province	1	4	1	0	0
20200209	Saitama-ken	2	11	0	0	0
20200209	Selangor	1	2669	52	30	0
20200209	上海	103	2497704	110478	7111	601
20200209	不列颠哥伦比亚	1	11	1	0	0
20200209	中米沙鄢	1	9	0	0	0
20200209	中苏拉威西省	1	6	0	0	0
20200209	云南	81	122630	9273	514	37
20200209	京畿道	1	0	0	0	0
20200209	俄亥俄州	4	16	0	0	2
20200209	内蒙古	56	42785	3084	223	138
20200209	北京	117	156001	6030	450	993
20200209	华盛顿州	1	75	3	1	0
20200209	台湾	1	8	1	2	2
20200209	吉林	151	633756	4869	192	181
20200209	四川	264	264182	15958	680	87
20200209	天津	62	91387	6176	324	158
20200209	宁夏	15	13713	979	57	3
20200209	安徽	327	330761	15562	862	188
20200209	山东	453	539145	27462	1737	604
20200209	山西	170	289293	8456	1010	161
20200209	广东	323	448505	9590	473	184
20200209	广西	76	111448	1823	114	24
20200209	新疆	63	72296	2775	357	422
20200209	江苏	390	435599	27188	1477	259
20200209	江西	166	265738	9898	378	140
20200209	河北	349	762308	42543	1452	557
20200209	河南	503	776389	38990	2520	464
20200209	浙江	239	462615	28209	1422	407
20200209	海南	49	11478	447	26	1
20200209	湖北	392	629552	35253	3883	560
20200209	湖南	194	749809	10714	452	140
20200209	甘肃	101	343548	25982	2984	396
20200209	福建	112	526142	10559	343	405
20200209	翁布里亚	1	2	0	0	0
20200209	英格兰	1	9	0	0	0
20200209	西哈努克市	1	3	0	0	0
20200209	西藏	8	119	5	0	0
20200209	贵州	146	288174	15202	1095	129
20200209	辽宁	260	339602	20790	1510	228
20200209	重庆	93	113858	5771	257	49
20200209	陕西	261	361072	25624	1464	206
20200209	青海	13	5120	289	21	3
20200209	首尔特别市	1	2	1	0	0
20200209	香港	3	64	2	0	0
20200209	黑龙江	176	106509	4434	289	50
20200210	Central Singapore Community Development Council	1	3	0	0	0
20200210	Dubai	1	3	0	0	0
20200210	Nordrhein-Westfalen	1	6913	1083	227	4
20200210	North East	1	1082	141	12	6
20200210	Primorskiy Kray	1	6	1	0	0
20200210	Selangor	1	4	0	0	0
20200210	State of New South Wales	1	174747	5396	158	379
20200210	Île-de-France	2	172	17	2	0
20200210	上海	29	26383	155	18	9
20200210	不列颠哥伦比亚	1	5	0	0	0
20200210	云南	35	56676	4542	241	55
20200210	内蒙古	33	36518	1562	17	9
20200210	加利福尼亚州	1	9	1	0	0
20200210	北京	61	84412	5694	296	53
20200210	台湾	4	1371	55	5	2
20200210	吉林	75	110476	3409	308	388
20200210	四川	101	240837	6913	306	58
20200210	天津	25	115152	9911	454	23
20200210	宁夏	11	14350	159	20	7
20200210	安徽	160	136477	7334	473	70
20200210	山东	235	282617	19500	621	242
20200210	山西	96	39115	3442	228	17
20200210	广东	138	334258	14628	779	82
20200210	广西	32	35358	1664	104	137
20200210	新泽西州	1	13646	965	100	34
20200210	新疆	25	7566	805	55	12
20200210	柔佛州	1	5	0	0	0
20200210	江苏	165	247066	15511	798	178
20200210	江西	61	77514	6660	336	33
20200210	河北	168	132385	7844	648	88
20200210	河南	245	451190	29572	1406	229
20200210	浙江	76	36173	1131	84	8
20200210	海南	12	1596	37	0	1
20200210	湖北	159	298078	11714	921	197
20200210	湖南	124	179331	5559	281	77
20200210	甘肃	46	407881	35738	3153	479
20200210	福建	43	80162	680	42	10
20200210	纽约州	1	11	0	0	0
20200210	西哈努克市	1	23600	307	30	1
20200210	西藏	3	13	1	0	0
20200210	贵州	77	131336	7415	693	37
20200210	辽宁	213	1165921	69443	5336	1098
20200210	重庆	53	18087	780	43	10
20200210	陕西	135	132297	8125	444	68
20200210	青海	6	68537	6360	1222	179
20200210	香港	3	558	17	0	3
20200210	黑龙江	126	154994	2443	187	47
20200211		2	844	60	2	1
20200211	State of New South Wales	1	2	0	0	0
20200211	上海	16	292584	15808	1073	125
20200211	不列颠哥伦比亚	1	0	0	0	0
20200211	云南	21	15233	766	47	15
20200211	内蒙古	15	4943	154	42	2
20200211	北京	44	301156	18404	1355	1084
20200211	吉林	28	3604	248	15	3
20200211	四川	54	1816587	205655	10431	5693
20200211	天津	11	1216	100	36	1
20200211	宁夏	4	2431	182	10	2
20200211	安徽	66	51282	967	132	14
20200211	山东	89	11148	420	42	21
20200211	山西	22	53078	1495	256	32
20200211	广东	93	108863	5124	305	118
20200211	广西	12	131975	4233	109	41
20200211	新疆	7	39627	154	7	8
20200211	江苏	110	90412	6255	386	75
20200211	江西	61	213806	7047	769	80
20200211	河北	60	35006	512	58	21
20200211	河南	115	348446	17490	1215	332
20200211	浙江	50	187839	11907	830	417
20200211	海南	3	1017	17	1	0
20200211	湖北	84	29906	2282	294	36
20200211	湖南	66	106309	3615	101	37
20200211	甘肃	24	41120	7277	127	15
20200211	福建	29	376866	30775	1566	950
20200211	纽约州	2	7	1	0	0
20200211	西哈努克市	1	1512	27	1	0
20200211	西藏	1	14	0	0	0
20200211	贵州	22	439601	36638	1571	747
20200211	辽宁	99	2666324	168607	8092	12274
20200211	重庆	26	49485	4836	398	80
20200211	陕西	80	119434	7826	683	77
20200211	首尔特别市	1	71	1	1	0
20200211	黑龙江	69	67819	2101	81	45
20200212		5	77827	2023	46	26
20200212	Auckland	1	10	0	0	0
20200212	Daejeon	2	21	1	0	0
20200212	Grad Zagreb	1	21	0	0	1
20200212	Provincie Zuid-Holland	1	2	0	0	0
20200212	State of New South Wales	1	43442	529	35	41
20200212	Tỉnh Bình Dương	2	16	0	0	0
20200212	Ōsaka-fu	1	9	1	0	0
20200212	上海	50	4696198	205900	11361	8417
20200212	不列颠哥伦比亚	1	0	0	0	0
20200212	云南	31	19526	481	31	39
20200212	内蒙古	44	236487	10954	567	475
20200212	加利福尼亚州	1	3	0	0	0
20200212	北京	91	28352089	1484182	54570	60718
20200212	台湾	1	4	0	0	0
20200212	吉林	67	33894	941	38	93
20200212	四川	84	633091	37088	1508	1822
20200212	天津	25	73510	2375	124	360
20200212	宁夏	15	17475	466	28	6
20200212	安徽	132	424368	16773	917	518
20200212	山东	204	3552951	118559	5257	2744
20200212	山西	47	290808	10593	675	435
20200212	岐阜县	1	3	0	0	0
20200212	广东	197	185179	6552	370	177
20200212	广西	33	85164	3184	240	30
20200212	新疆	19	119505	1695	96	54
20200212	江苏	192	697522	30219	1378	1087
20200212	江西	65	416240	14407	744	517
20200212	河北	126	748985	26078	1235	1229
20200212	河南	211	1918330	55481	2823	1425
20200212	浙江	115	577851	25947	1024	628
20200212	海南	15	37392	668	46	62
20200212	湖北	126	93645	4115	206	75
20200212	湖南	78	497260	18757	1144	1037
20200212	甘肃	37	305994	23273	1892	667
20200212	福建	67	339444	8395	439	214
20200212	胡志明市	1	5	1	0	0
20200212	西哈努克市	1	14317	3002	54	23
20200212	西藏	1	4	1	0	0
20200212	贵州	31	438770	16648	693	225
20200212	辽宁	90	30799	2905	195	57
20200212	重庆	25	216	15	2	1
20200212	陕西	109	203944	4167	290	137
20200212	青海	2	27	2	0	0
20200212	香港	1	6	1	0	0
20200212	黑龙江	76	86908	5860	493	264
20200213		1	12	1	0	0
20200213	Changwat Lop Buri	1	7176	315	8	0
20200213	上海	13	105	7	1	1
20200213	云南	10	35807	6235	123	3
20200213	内蒙古	12	1192	21	6	1
20200213	北京	28	11279	1305	34	15
20200213	吉林	21	1260	36	4	1
20200213	四川	37	11056	329	24	4
20200213	天津	11	41953	2294	236	9
20200213	宁夏	2	26	3	0	0
20200213	安徽	33	50329	3431	483	173
20200213	山东	35	527	40	3	1
20200213	山西	21	1252	55	4	0
20200213	广东	51	158158	2818	204	30
20200213	广西	14	79	6	4	1
20200213	新疆	3	153	8	0	0
20200213	江苏	71	74008	5613	343	68
20200213	江西	20	41361	1032	39	142
20200213	河北	44	4833	151	9	7
20200213	河南	71	47263	3345	446	219
20200213	浙江	37	57454	634	56	31
20200213	海南	1	30	0	0	0
20200213	湖北	52	48121	3766	410	48
20200213	湖南	42	63708	2949	42	11
20200213	甘肃	12	885	41	3	1
20200213	福建	15	53035	4562	333	24
20200213	西藏	1	5	0	0	0
20200213	贵州	18	54891	4526	577	71
20200213	辽宁	49	81995	5970	365	150
20200213	重庆	9	4510	115	4	19
20200213	陕西	31	2167	442	77	6
20200213	青海	2	14	1	0	0
20200213	首尔特别市	1	6	0	0	0
20200213	香港	1	50	0	0	0
20200213	黑龙江	49	1752	289	18	3
20200214		1	877	3	0	0
20200214	Port Louis District	1	7	0	0	0
20200214	上海	3	24	3	0	0
20200214	云南	9	5314	141	2	8
20200214	内蒙古	7	11831	748	44	4
20200214	北京	15	1510	79	6	3
20200214	吉林	10	371	26	2	2
20200214	四川	18	18028	858	18	0
20200214	天津	4	18770	771	20	3
20200214	安徽	29	36543	4670	131	18
20200214	山东	50	16208	789	37	6
20200214	山西	15	2244	122	13	0
20200214	广东	51	55176	9728	303	28
20200214	广西	10	103	6	0	0
20200214	德克萨斯州	1	1	0	0	0
20200214	托斯卡纳	1	3	0	0	0
20200214	新疆	1	4	1	0	0
20200214	江苏	42	531652	16226	605	211
20200214	江西	16	1249	50	3	0
20200214	河北	41	12847	578	50	23
20200214	河南	62	4698	223	17	8
20200214	浙江	21	20587	221	30	14
20200214	海南	8	69	4	0	0
20200214	湖北	39	77289	5160	209	11
20200214	湖南	25	2651	109	19	9
20200214	甘肃	1	42	0	0	0
20200214	福建	8	77239	6541	178	10
20200214	艾奥瓦州	1	4	1	0	1
20200214	贵州	10	866	31	2	0
20200214	辽宁	36	7491	396	69	11
20200214	重庆	18	59104	4803	116	18
20200214	陕西	30	5037	417	49	0
20200214	青海	3	28	4	0	0
20200214	香港	2	5	0	0	0
20200214	黑龙江	26	9902	397	10	0
20200215	National Capital Region	1	4	0	0	0
20200215	State of Victoria	2	9	1	0	0
20200215	Tỉnh Khánh Hòa	1	4	0	0	0
20200215	上海	5	72	1	1	0
20200215	云南	7	207	16	0	2
20200215	内蒙古	8	48	4	1	0
20200215	北京	12	3361646	106524	3811	616
20200215	吉林	7	490	6	0	0
20200215	四川	19	34816	5098	377	11
20200215	天津	1	9	0	0	0
20200215	宁夏	1	2	0	0	0
20200215	安徽	36	31258	2738	271	49
20200215	山东	29	35897	971	58	13
20200215	山西	10	14857	1308	106	6
20200215	广东	26	48069	5066	928	132
20200215	广西	1	26	1	0	0
20200215	新疆	5	202	17	2	0
20200215	江苏	38	41038	3765	296	14
20200215	江西	14	12102	1523	61	6
20200215	河北	32	24674	305	7	19
20200215	河南	38	2238	93	4	0
20200215	浙江	14	518	28	8	2
20200215	海南	3	29956	2418	140	12
20200215	湖北	56	316043	16223	290	52
20200215	湖南	19	42484	1704	39	17
20200215	甘肃	7	76	2	0	1
20200215	福建	13	63690	5894	231	19
20200215	贵州	12	115	11	3	0
20200215	辽宁	26	5285	431	36	4
20200215	重庆	4	685	10	0	0
20200215	陕西	20	13049	479	30	5
20200215	黑龙江	14	77	3	1	3
20200216	Capital Governorate	1	5	0	0	0
20200216	Horad Minsk	2	20	1	0	0
20200216	上海	7	186	5	0	1
20200216	云南	7	1134	30	4	0
20200216	内蒙古	4	4	0	0	0
20200216	北京	7	249	5	0	1
20200216	吉林	9	1019	19	7	0
20200216	四川	13	30199	2160	86	7
20200216	天津	4	682725	58166	2827	144
20200216	宁夏	2	583	9	4	0
20200216	安徽	17	8494	997	47	4
20200216	山东	24	213	13	7	0
20200216	山西	33	43901	5858	297	5
20200216	广东	19	28024	302	9	5
20200216	广西	3	41	2	3	0
20200216	新疆	4	1266	43	6	1
20200216	江苏	27	22920	2967	55	10
20200216	江西	10	43217	4896	63	6
20200216	河北	46	118304	3540	94	51
20200216	河南	37	3371	172	10	6
20200216	浙江	11	35482	109	7	4
20200216	海南	2	4	1	0	0
20200216	湖北	26	237475	17388	351	68
20200216	湖南	9	310	31	0	1
20200216	甘肃	3	1103	40	0	1
20200216	福建	4	210	3	0	0
20200216	英格兰	1	0	0	0	0
20200216	贵州	9	73289	9145	754	71
20200216	辽宁	23	2573	112	10	2
20200216	重庆	2	27	2	0	0
20200216	陕西	11	15816	2325	107	16
20200216	黑龙江	20	1167	62	8	0
20200217	Comunitat Valenciana	1	4	0	0	0
20200217	上海	6	17812	52	7	1
20200217	云南	1	4	1	0	0
20200217	内蒙古	7	2	1	0	0
20200217	加利福尼亚州	1	2	0	0	0
20200217	北京	4	40	5	0	0
20200217	吉林	20	2605	80	3	0
20200217	四川	13	1095	149	32	1
20200217	天津	2	0	0	0	0
20200217	宁夏	1	663	10	1	2
20200217	安徽	18	545	18	1	0
20200217	山东	24	2209	118	2	5
20200217	山西	20	62437	4147	169	1
20200217	广东	15	1948	40	4	7
20200217	广西	4	290	14	0	0
20200217	新疆	3	5469	976	36	1
20200217	江苏	16	2925	73	5	0
20200217	江西	8	64418	5020	70	7
20200217	河北	28	35824	461	3	36
20200217	河南	44	24442	480	24	6
20200217	浙江	11	30807	2514	37	4
20200217	海南	3	1271	26	0	0
20200217	湖北	30	104826	4091	247	59
20200217	湖南	5	198	32	1	1
20200217	甘肃	6	14	1	0	0
20200217	福建	3	12	0	0	0
20200217	西藏	1	7	1	0	0
20200217	贵州	2	45	2	0	0
20200217	辽宁	15	125	7	0	2
20200217	重庆	7	1368	17	1	0
20200217	陕西	17	8939	280	21	1
20200217	青海	1	10	3	0	0
20200217	黑龙江	21	75	1	0	0
20200218		2	512663	62307	3932	559
20200218	上海	3	369	94	9	0
20200218	云南	7	1575	55	1	0
20200218	内蒙古	9	782	139	22	1
20200218	北京	12	588	29	3	1
20200218	吉林	17	918	48	0	0
20200218	四川	14	44421	3258	217	38
20200218	天津	3	20019	317	30	0
20200218	宁夏	1	5462	178	23	3
20200218	安徽	28	20020	1323	84	18
20200218	山东	32	8008	396	20	5
20200218	山西	10	4598	342	76	0
20200218	广东	25	30936	1187	69	4
20200218	广西	3	842	21	1	0
20200218	新疆	2	270	9	2	0
20200218	江苏	24	183525	8684	402	180
20200218	江西	3	3646	239	10	1
20200218	河北	49	125714	3633	170	56
20200218	河南	38	61927	1865	63	14
20200218	浙江	7	1739	40	10	0
20200218	海南	1	4	1	1	0
20200218	湖北	26	72176	1065	12	2
20200218	湖南	11	1171	59	7	4
20200218	甘肃	8	7470	332	30	1
20200218	福建	4	24	2	0	0
20200218	贵州	3	8743	50	1	0
20200218	辽宁	13	30	1	0	0
20200218	重庆	7	45059	4707	103	2
20200218	陕西	8	8761	155	12	19
20200218	青海	1	7	0	0	1
20200218	黑龙江	26	35	3	0	0
20200219	上海	10	1912	38	3	1
20200219	云南	6	45	4	0	0
20200219	内蒙古	7	0	0	0	0
20200219	北京	10	495	28	1	0
20200219	吉林	9	2676	127	3	3
20200219	四川	10	5053	348	25	0
20200219	天津	2	0	0	0	0
20200219	安徽	22	23323	1420	40	16
20200219	山东	21	398	23	1	2
20200219	山西	4	297	8	0	0
20200219	广东	17	48125	827	9	46
20200219	新疆	2	15	1	0	2
20200219	江苏	28	1382	34	6	0
20200219	江西	5	28	3	0	3
20200219	河北	49	15925	2521	71	12
20200219	河南	37	1356810	65628	5290	864
20200219	浙江	10	10688	25	4	3
20200219	海南	2	35	2	0	0
20200219	湖北	29	5968	357	25	4
20200219	湖南	16	833	158	9	0
20200219	甘肃	5	10349	221	30	13
20200219	福建	5	132	24	0	0
20200219	贵州	13	53144	3390	162	27
20200219	辽宁	26	136	12	3	1
20200219	重庆	8	527	37	9	0
20200219	陕西	14	1637	127	7	0
20200219	黑龙江	27	42	2	0	1
20200220	上海	6	36	1	0	0
20200220	云南	3	28	3	0	0
20200220	内蒙古	4	2	0	0	0
20200220	北京	10	725	32	5	4
20200220	吉林	9	134	2	0	0
20200220	四川	6	11063	753	81	69
20200220	天津	1	0	0	0	0
20200220	安徽	15	2946	111	17	0
20200220	山东	9	37	0	0	0
20200220	山西	12	3289	151	37	0
20200220	广东	13	44537	514	298	14
20200220	广西	4	0	0	0	0
20200220	新疆	3	54455	2699	76	3
20200220	江苏	14	670	12	2	1
20200220	江西	4	49276	3867	65	3
20200220	河北	16	7910	207	11	1
20200220	河南	30	12146	320	20	6
20200220	浙江	5	39	2	0	0
20200220	海南	1	13	1	0	0
20200220	湖北	16	2296	223	28	1
20200220	湖南	2	470	20	6	0
20200220	甘肃	3	57	4	0	0
20200220	福建	3	10498	274	7	4
20200220	英格兰	1	2	0	0	0
20200220	贵州	5	742	108	4	0
20200220	辽宁	13	28	0	0	0
20200220	重庆	2	1796	205	13	1
20200220	陕西	17	174	9	1	1
20200220	青海	1	4	0	0	0
20200220	黑龙江	24	14582	15	0	0
20200221		1	4	2	0	0
20200221	State of New South Wales	5	21	0	0	0
20200221	上海	6	21629	2596	113	13
20200221	云南	4	46647	1505	107	30
20200221	内蒙古	4	35272	3017	297	7
20200221	北京	7	6936	177	5	3
20200221	吉林	11	590	16	0	0
20200221	四川	7	131	3	0	2
20200221	安徽	9	13664	1746	64	2
20200221	山东	23	302	8	0	1
20200221	山西	6	135	7	0	0
20200221	广东	22	6047	82	2	0
20200221	广西	6	64	4	0	0
20200221	江苏	18	28304	4488	81	22
20200221	江西	4	2023	28	0	6
20200221	河北	23	616373	14828	779	94
20200221	河南	17	3034	250	16	0
20200221	浙江	3	27804	4182	15	9
20200221	海南	1	612	57	3	0
20200221	湖北	14	3902	65	10	5
20200221	湖南	6	1144	36	3	0
20200221	甘肃	3	14	2	1	4
20200221	福建	9	20936	2879	65	2
20200221	贵州	5	435	14	0	1
20200221	辽宁	20	4784	115	16	4
20200221	重庆	6	993	38	1	0
20200221	陕西	8	1715	352	24	1
20200221	黑龙江	25	110	3	0	0
20200222		1	12769	2329	22	8
20200222	上海	7	813	69	3	0
20200222	云南	1	15444	305	5	3
20200222	内蒙古	5	2	0	0	0
20200222	北京	18	4215	186	31	0
20200222	吉林	12	1264	33	0	0
20200222	四川	9	1521	72	7	0
20200222	宁夏	1	0	0	0	0
20200222	安徽	13	3955	267	11	4
20200222	山东	20	79380	7681	397	28
20200222	山西	6	236	22	4	0
20200222	广东	17	1019	37	9	3
20200222	广西	11	659	16	4	0
20200222	新疆	1	34	1	0	0
20200222	江苏	7	40616	6423	282	11
20200222	江西	15	5658	112	16	11
20200222	河北	34	12896	253	4	4
20200222	河南	15	17	4	1	0
20200222	浙江	7	67755	3635	134	49
20200222	海南	1	16	1	1	0
20200222	湖北	12	2267	56	2	3
20200222	湖南	9	451	10	5	0
20200222	甘肃	5	49061	1589	70	10
20200222	福建	5	517	55	2	3
20200222	贵州	4	104181	12928	341	10
20200222	辽宁	30	6490	126	5	6
20200222	重庆	2	336	46	6	0
20200222	陕西	8	1301	46	6	0
20200222	黑龙江	27	319	9	0	0
20200223	Catalunya	1	7	0	0	0
20200223	上海	5	41	1	2	0
20200223	内蒙古	8	2	0	0	0
20200223	北京	7	41	0	0	3
20200223	吉林	16	130	5	0	0
20200223	四川	1	0	0	0	0
20200223	天津	1	0	0	0	0
20200223	宁夏	1	35	7	0	0
20200223	安徽	6	688	19	4	0
20200223	山东	20	80795	342	13	6
20200223	山西	6	1621	53	2	0
20200223	广东	12	1021	97	11	3
20200223	新疆	2	738	140	8	0
20200223	江苏	13	84	3	0	0
20200223	江西	5	589	33	6	4
20200223	河北	33	4080	195	11	4
20200223	河南	33	3422	113	10	1
20200223	浙江	2	824	10	0	0
20200223	湖北	8	30436	1973	137	10
20200223	湖南	6	14	2	0	0
20200223	甘肃	3	1	0	0	0
20200223	福建	2	3	1	0	0
20200223	贵州	3	10673	1105	6	2
20200223	辽宁	26	1660	51	0	4
20200223	重庆	3	21	1	0	1
20200223	陕西	6	830	192	20	0
20200223	黑龙江	40	2303	20	3	0
20200224		1	0	0	0	0
20200224	上海	3	20	1	0	5
20200224	云南	2	30	1	0	1
20200224	内蒙古	5	878	40	1	0
20200224	北京	5	73	4	0	1
20200224	吉林	11	12	0	0	0
20200224	四川	6	908	101	2	0
20200224	天津	1	2	2	0	0
20200224	宁夏	1	34	1	1	0
20200224	安徽	4	24	1	0	0
20200224	山东	20	2826	286	35	1
20200224	山西	3	320	9	2	0
20200224	广东	19	2273	106	14	1
20200224	广西	1	0	0	0	0
20200224	新疆	2	56	5	0	0
20200224	江苏	12	1044	34	2	0
20200224	江西	8	1924	79	11	0
20200224	河北	31	1231	51	1	3
20200224	河南	23	1901	51	4	0
20200224	浙江	2	17	3	1	0
20200224	海南	1	128	10	0	0
20200224	湖北	11	5977	331	60	3
20200224	湖南	3	699	12	0	0
20200224	甘肃	3	2	0	0	0
20200224	福建	4	452	26	4	8
20200224	辽宁	12	31813	4844	283	13
20200224	重庆	9	41	2	0	0
20200224	陕西	7	1699	46	1	2
20200224	香港	1	5	0	0	0
20200224	黑龙江	20	26	2	0	0
20200225		2	1607	301	11	0
20200225	上海	3	1029	61	6	0
20200225	云南	6	1433	45	0	2
20200225	内蒙古	4	3	0	0	0
20200225	北京	3	56	1	0	0
20200225	吉林	13	64	5	0	0
20200225	四川	3	6	1	0	1
20200225	天津	5	15376	1947	103	5
20200225	安徽	8	431	23	0	1
20200225	山东	26	3656	180	23	4
20200225	山西	11	1988	34	7	1
20200225	广东	5	22580	1273	43	7
20200225	广西	6	81	1	0	0
20200225	江苏	14	39440	5567	478	29
20200225	江西	4	1204066	57997	386	2096
20200225	河北	30	790	26	0	0
20200225	河南	26	2939	177	5	0
20200225	浙江	2	1354448	74473	3339	1425
20200225	湖北	6	17084	532	44	15
20200225	湖南	7	10966	1020	19	2
20200225	福建	2	5580	398	101	0
20200225	辽宁	27	40	0	0	0
20200225	重庆	4	216	7	0	0
20200225	陕西	9	5581	218	14	2
20200225	黑龙江	34	1614	88	8	0
20200226		1	7017	605	9	2
20200226	Selangor	1	0	0	0	0
20200226	上海	4	146942	6601	109	164
20200226	中央邦	1	46	2	0	0
20200226	云南	6	11260	2959	46	9
20200226	北京	6	34	2	0	1
20200226	吉林	9	11	0	0	0
20200226	四川	6	72255	5850	243	87
20200226	天津	1	0	0	0	0
20200226	宁夏	1	0	0	0	0
20200226	安徽	5	38730	514	44	2
20200226	山东	23	271113	12158	973	573
20200226	山西	8	38	2	0	1
20200226	广东	7	32142	2452	178	13
20200226	广西	1	1	0	0	0
20200226	托斯卡纳	1	2	0	0	0
20200226	江苏	12	181	5	3	0
20200226	江西	6	461	20	3	0
20200226	河北	40	22942	2691	59	79
20200226	河南	22	638484	77598	580	1728
20200226	浙江	6	304	49	1	0
20200226	湖北	9	3185	236	9	9
20200226	湖南	4	2933	13	1	0
20200226	福建	4	66251	5786	198	20
20200226	贵州	1	7	2	0	0
20200226	辽宁	31	9965	82	6	0
20200226	重庆	1	3065	445	32	17
20200226	陕西	6	369	63	5	0
20200226	黑龙江	29	38	3	1	0
20200227		1	98181	8356	385	11
20200227	上海	8	1630350	47600	10787	109
20200227	云南	3	186105	1970	223	25
20200227	内蒙古	4	0	0	0	0
20200227	加利福尼亚州	1	492	1	1	2
20200227	北京	12	626457	4813	946	42
20200227	吉林	9	11896	1350	52	6
20200227	四川	2	915	18	1	0
20200227	安徽	11	26561138	245235	22742	874
20200227	山东	32	447474	4256	930	50
20200227	山西	8	8018327	39025	716	1252
20200227	广东	11	280744	2748	871	18
20200227	广西	3	217	4	1	0
20200227	新疆	2	1224	78	17	1
20200227	江苏	17	5914	155	11	1
20200227	江西	4	177113	1575	166	12
20200227	河北	30	292824	2137	906	10
20200227	河南	30	275167	3928	484	44
20200227	浙江	9	338148	6196	1363	27
20200227	湖北	11	62560	6222	169	175
20200227	湖南	10	727531	7366	1376	75
20200227	甘肃	2	10	2	0	0
20200227	福建	7	85	2	0	0
20200227	贵州	4	239495	2897	263	11
20200227	辽宁	22	378085	2307	271	10
20200227	重庆	1	341	62	0	0
20200227	陕西	8	844	98	7	3
20200227	首尔特别市	1	2	0	0	0
20200227	黑龙江	27	169	10	0	0
20200228	上海	3	137912	4674	250	119
20200228	云南	6	1905	202	6	0
20200228	内蒙古	10	56910	270	56	4
20200228	北京	8	670514	5363	481	61
20200228	吉林	9	2952	321	21	2
20200228	四川	8	44932	699	75	1
20200228	天津	2	1694	27	2	0
20200228	安大略	3	4	0	0	0
20200228	安徽	14	112821	4487	164	82
20200228	山东	31	1619680	11647	1655	75
20200228	山西	3	70858	239	26	2
20200228	广东	36	777111	8726	991	74
20200228	广西	4	69944	784	73	2
20200228	新疆	2	59	2	0	0
20200228	江苏	11	260386	3968	711	18
20200228	江西	11	64661	293	22	9
20200228	河北	28	83644	812	33	11
20200228	河南	38	2528102	89903	3613	161
20200228	浙江	17	228639	3400	537	18
20200228	海南	1	5	0	0	0
20200228	湖北	15	117934	1764	188	13
20200228	湖南	10	8415	549	64	1
20200228	甘肃	5	920	60	4	0
20200228	福建	11	267216	7760	178	177
20200228	贵州	3	5943	140	7	0
20200228	辽宁	18	51979	270	23	1
20200228	陕西	11	96008	7866	355	166
20200228	黑龙江	38	40415	187	9	3
20200229	上海	4	13737	95	17	12
20200229	云南	5	1014	36	8	0
20200229	内蒙古	3	8	0	0	0
20200229	北京	3	176	11	4	2
20200229	吉林	7	52	3	0	0
20200229	四川	7	952	49	6	0
20200229	天津	2	87	7	0	0
20200229	宁夏	1	343	6	0	0
20200229	安大略	1	1	0	0	0
20200229	安徽	6	81	3	0	0
20200229	山东	21	39738	2910	112	54
20200229	山西	4	203	25	8	0
20200229	广东	6	6737	573	9	2
20200229	广西	4	22465	454	6	7
20200229	新疆	1	3309	23	4	2
20200229	江苏	4	65001	2330	45	23
20200229	江西	5	277	10	1	0
20200229	河北	44	13185	2094	100	11
20200229	河南	22	8844	74	0	0
20200229	浙江	9	312	52	6	0
20200229	海南	1	4	1	0	0
20200229	湖北	7	22718	1353	62	0
20200229	湖南	2	25	0	0	10
20200229	甘肃	3	7437	179	11	1
20200229	福建	3	45152	4044	89	7
20200229	贵州	3	233	5	1	0
20200229	辽宁	22	17282	1311	90	14
20200229	重庆	3	28	4	0	0
20200229	陕西	10	66559	11481	220	56
20200229	黑龙江	31	877	54	5	0
20200301		2	13072	481	17	1
20200301	Selangor	1	0	0	0	0
20200301	上海	3	1899	160	2	5
20200301	云南	3	123	6	1	0
20200301	内蒙古	8	20968	2627	53	13
20200301	北京	2	3702	38	0	1
20200301	吉林	16	1045	34	1	0
20200301	四川	5	2400715	171270	12438	885
20200301	安徽	7	833	144	16	0
20200301	山东	18	2950	193	6	2
20200301	山西	11	13444	591	68	2
20200301	广东	9	119	20	1	0
20200301	广西	1	5	0	0	0
20200301	新疆	1	40	0	0	0
20200301	江苏	14	2878	79	2	0
20200301	江西	9	118	2	0	10
20200301	河北	31	14254	1743	54	5
20200301	河南	13	10428	546	6	2
20200301	浙江	4	1348	36	9	0
20200301	湖北	9	14263	181	20	1
20200301	湖南	5	598129	14854	717	91
20200301	甘肃	2	3586	556	24	1
20200301	福建	2	2334	115	4	2
20200301	辽宁	34	6243	540	10	6
20200301	重庆	1	2	1	0	0
20200301	陕西	8	8741	1157	40	1
20200301	黑龙江	42	9415	230	2	3
20200302	上海	3	2	1	0	0
20200302	云南	5	89	8	1	0
20200302	内蒙古	5	122	6	0	0
20200302	北京	5	1261	17	0	0
20200302	吉林	22	24033	2740	89	18
20200302	四川	6	56	6	0	0
20200302	天津	2	10	1	0	0
20200302	安徽	4	47798	7889	117	48
20200302	山东	25	26427	1085	23	7
20200302	山西	12	132	15	1	0
20200302	广东	11	1528	81	6	1
20200302	广西	2	38014	69	8	2
20200302	新疆	3	259	21	2	0
20200302	江苏	5	9993	521	59	0
20200302	江西	4	49	10	0	0
20200302	河北	35	35571	2014	64	15
20200302	河南	32	3684	86	8	0
20200302	浙江	6	2866	180	1	1
20200302	海南	1	9	1	0	0
20200302	湖北	11	3488	140	29	1
20200302	湖南	5	7478	1099	16	4
20200302	甘肃	1	2	0	0	0
20200302	福建	2	10	0	0	0
20200302	辽宁	32	1936	178	10	0
20200302	重庆	4	172	7	0	0
20200302	陕西	8	288	24	0	0
20200302	黑龙江	47	23778	1649	52	16
20200303		2	1283	38	1	0
20200303	Selangor	2	0	0	0	0
20200303	上海	9	117606	6528	350	12
20200303	云南	8	84973	5484	464	51
20200303	内蒙古	12	17139	442	15	8
20200303	北京	35	1299969	41555	2851	216
20200303	吉林	26	17937	1094	74	4
20200303	四川	30	4190294	113346	7202	750
20200303	天津	3	2	0	0	0
20200303	安徽	28	927694	26276	1819	291
20200303	山东	58	1778323	28149	1943	223
20200303	山西	19	127578	1903	142	10
20200303	广东	33	299371	5389	319	46
20200303	广西	8	1418331	10247	390	133
20200303	新疆	1	3459	144	5	0
20200303	江苏	33	743789	21303	1474	136
20200303	江西	18	178350	2551	143	29
20200303	河北	54	5366756	196842	17039	948
20200303	河南	49	1962651	25575	1154	215
20200303	浙江	11	124552	3754	219	36
20200303	海南	3	30626	593	26	0
20200303	湖北	46	4630187	148639	14314	1059
20200303	湖南	12	308955	6219	310	20
20200303	甘肃	6	118510	4483	215	17
20200303	福建	17	202959	3983	270	44
20200303	贵州	12	2019405	38483	2415	163
20200303	辽宁	51	16856998	720359	65537	6622
20200303	重庆	3	1584	134	3	0
20200303	陕西	15	93683	4142	276	74
20200303	香港	1	0	0	0	0
20200303	黑龙江	69	70255	4192	152	16
20200304	Daerah Khusus Ibukota Jakarta	1	1220	19	3	0
20200304	Selangor	1	0	0	0	0
20200304	上海	2	188	24	0	0
20200304	云南	4	24653	1643	80	0
20200304	内蒙古	6	0	0	0	0
20200304	北京	7	15417	972	35	1
20200304	吉林	20	9180	897	28	11
20200304	四川	8	1135	67	4	0
20200304	天津	2	0	0	0	0
20200304	宁夏	1	0	0	0	0
20200304	安徽	9	34121	630	59	3
20200304	山东	27	1546401	74339	1946	116
20200304	山西	8	6802	1041	35	0
20200304	广东	8	45313	1316	73	6
20200304	广西	6	54	1	12	0
20200304	新疆	5	1399	179	14	7
20200304	江苏	9	191777	1589	230	28
20200304	江西	2	44	0	0	0
20200304	河北	35	448519	5581	184	47
20200304	河南	14	11747	1508	260	13
20200304	浙江	2	14	0	0	0
20200304	海南	1	0	0	0	0
20200304	湖北	8	188	11	0	0
20200304	湖南	7	23906	5899	141	19
20200304	甘肃	5	2012	520	18	0
20200304	福建	4	1380	132	16	0
20200304	贵州	2	1879	62	2	0
20200304	辽宁	32	1080	121	1	1
20200304	重庆	1	7	1	0	0
20200304	陕西	5	1011	91	2	0
20200304	黑龙江	48	79732	7261	322	31
20200305		1	18334	937	43	12
20200305	Tokyo Prefecture	1	10	0	0	0
20200305	上海	7	551290	5416	405	48
20200305	云南	5	13523	328	14	2
20200305	内蒙古	12	49026	824	67	3
20200305	北京	35	1035589	37007	3125	276
20200305	吉林	28	7846	338	10	5
20200305	四川	19	131088	5077	258	49
20200305	天津	1	0	0	0	0
20200305	宁夏	2	1152	31	3	1
20200305	安徽	17	7121722	190565	9776	872
20200305	山东	52	2219857	135151	7299	321
20200305	山西	10	2076590	188304	5267	187
20200305	岐阜县	1	0	0	0	0
20200305	广东	20	211202	7367	336	42
20200305	广西	6	3160684	135406	10526	524
20200305	新疆	5	1142	12	6	0
20200305	江苏	22	596292	13034	1176	22
20200305	江西	17	199390	4359	206	45
20200305	河北	48	576259	11745	488	92
20200305	河南	38	1344619	23654	2070	135
20200305	浙江	14	786704	64117	1821	1711
20200305	海南	2	43983	877	35	13
20200305	湖北	24	132624	5597	370	31
20200305	湖南	13	119463	7051	278	21
20200305	甘肃	6	27218	129	2	3
20200305	福建	4	16550	408	15	3
20200305	贵州	9	953890	15456	888	109
20200305	辽宁	29	155687	5027	304	26
20200305	重庆	3	111	7	1	0
20200305	陕西	21	2958203	35627	2467	433
20200305	青海	1	10	2	0	0
20200305	黑龙江	64	113027	3926	151	74
20200306		1	0	0	0	0
20200306	State of New South Wales	1	469	117	1	0
20200306	上海	1	18	1	0	0
20200306	云南	5	142889	7976	497	25
20200306	内蒙古	10	469	6	3	1
20200306	北京	12	1570881	17406	3756	118
20200306	吉林	22	503	15	2	1
20200306	四川	1	12615	847	13	3
20200306	天津	2	24825	1327	87	58
20200306	安徽	5	5270	707	139	4
20200306	山东	21	2031	802	58	4
20200306	山西	8	1626	18	0	0
20200306	广东	7	39214	890	47	28
20200306	广西	1	0	0	0	0
20200306	新疆	2	3	0	0	0
20200306	江苏	14	5628	37	7	2
20200306	江西	3	58	1	0	0
20200306	河北	39	19441	1411	96	13
20200306	河南	24	44912	553	23	1
20200306	浙江	6	52222	6262	49	26
20200306	湖北	11	83269	4885	116	12
20200306	湖南	5	22895	686	52	62
20200306	甘肃	6	5	1	0	0
20200306	福建	3	14	1	0	0
20200306	辽宁	28	1398	14	1	0
20200306	重庆	7	13074	235	7	3
20200306	陕西	13	5443	354	6	1
20200306	青海	1	6	1	0	0
20200306	黑龙江	48	597	35	1	3
20200307	Selangor	1	0	0	0	0
20200307	上海	6	561	30	7	1
20200307	云南	1	14087	3383	26	7
20200307	内蒙古	3	0	0	0	0
20200307	北京	9	213938	1098	162	22
20200307	吉林	17	13	1	0	0
20200307	四川	4	218	47	7	0
20200307	天津	1	50781	1015	52	18
20200307	安徽	5	302	26	1	0
20200307	山东	15	53533	1655	111	5
20200307	山西	5	533	44	1	0
20200307	广东	14	10968	25	3	0
20200307	新疆	3	101	6	1	1
20200307	江苏	11	2029	154	8	0
20200307	江西	2	6619	225	54	0
20200307	河北	28	12564	2192	71	4
20200307	河南	19	32438	885	88	13
20200307	浙江	13	3200	172	9	0
20200307	海南	1	0	0	0	0
20200307	湖北	8	7316	159	28	5
20200307	湖南	7	8383	726	8	4
20200307	甘肃	3	11	0	0	0
20200307	福建	3	109	0	1	0
20200307	贵州	1	176	5	0	1
20200307	辽宁	27	345	15	4	0
20200307	重庆	3	2353	211	1	3
20200307	陕西	4	3255	961	43	2
20200307	黑龙江	55	65	4	1	0
20200308	云南	1	0	0	0	0
20200308	内蒙古	1	0	0	0	0
20200308	北京	4	119	9	1	0
20200308	吉林	16	47	0	0	0
20200308	四川	1	7	1	0	0
20200308	天津	1	0	0	0	0
20200308	安徽	1	35	0	0	0
20200308	山东	23	920	65	4	0
20200308	山西	7	56	11	0	0
20200308	广东	9	216	14	3	1
20200308	广西	2	2389	173	14	1
20200308	江苏	11	2406	28	1	0
20200308	河北	29	28044	2957	13	72
20200308	河南	20	245	14	0	0
20200308	浙江	4	1115	9	5	1
20200308	湖北	5	55666	8083	144	27
20200308	湖南	3	11	2	4	0
20200308	甘肃	4	0	0	0	0
20200308	福建	1	25	0	0	0
20200308	贵州	1	4	0	0	0
20200308	辽宁	33	584	22	1	0
20200308	重庆	1	617	16	2	2
20200308	陕西	8	4373	1028	14	8
20200308	黑龙江	92	302	29	1	0
20200309	上海	1	0	0	0	0
20200309	云南	3	0	0	0	0
20200309	内蒙古	9	14918	281	19	0
20200309	北京	10	853594	18899	1042	92
20200309	吉林	20	2766	235	4	3
20200309	四川	8	4021216	156517	10203	751
20200309	天津	1	93	6	0	0
20200309	安徽	8	365856	5516	281	22
20200309	山东	23	146550	4084	264	14
20200309	山西	2	0	0	0	0
20200309	广东	8	40455	547	32	8
20200309	新疆	1	0	0	0	0
20200309	江苏	10	10167	1345	37	8
20200309	河北	35	128725	2437	172	9
20200309	河南	14	160250	3440	202	17
20200309	浙江	2	75680	1414	113	14
20200309	湖北	7	118774	3202	162	5
20200309	湖南	5	548	25	1	0
20200309	甘肃	5	11	2	0	0
20200309	福建	2	4	1	1	0
20200309	贵州	1	4	0	0	0
20200309	辽宁	16	12626	287	22	4
20200309	重庆	4	74618	2918	102	11
20200309	陕西	6	10	1	0	1
20200309	香港	2	13	2	0	3
20200309	黑龙江	56	107392	510	14	11
20200310	上海	1	61	6	0	0
20200310	云南	3	7	1	0	0
20200310	内蒙古	7	4	0	0	0
20200310	北京	4	460	6	0	4
20200310	吉林	11	3	0	0	0
20200310	四川	6	9	2	0	1
20200310	天津	2	8	1	0	0
20200310	安徽	1	0	0	0	0
20200310	山东	10	0	0	0	0
20200310	山西	1	0	0	0	0
20200310	广东	12	1004	22	6	0
20200310	广西	3	1041	16	2	1
20200310	江苏	5	266	17	0	0
20200310	河北	30	729	27	1	0
20200310	河南	13	17557	194	20	2
20200310	浙江	2	39778	5446	111	22
20200310	湖北	7	44288	3818	295	80
20200310	湖南	3	6	0	0	0
20200310	甘肃	1	8	0	0	0
20200310	贵州	4	37986	5903	128	50
20200310	辽宁	25	1190	78	3	0
20200310	陕西	8	1115	47	4	3
20200310	黑龙江	46	18	0	0	0
20200311	云南	1	121	5	0	0
20200311	内蒙古	4	0	0	0	0
20200311	北京	5	866	13	4	0
20200311	吉林	21	156	13	0	0
20200311	安徽	6	292	48	5	0
20200311	山东	15	264841	40664	1607	265
20200311	山西	1	0	0	0	0
20200311	广东	9	21975	812	49	8
20200311	广西	2	0	0	0	0
20200311	新疆	4	88	5	2	0
20200311	江苏	11	1321	252	31	0
20200311	江西	1	11	0	5	0
20200311	河北	23	658	27	4	0
20200311	河南	18	34629	2104	118	37
20200311	浙江	1	0	0	0	0
20200311	海南	1	352	21	2	0
20200311	湖北	5	15532	1075	35	2
20200311	湖南	1	0	0	0	0
20200311	甘肃	7	4344	581	16	2
20200311	福建	3	1495	46	2	1
20200311	贵州	2	26	3	0	2
20200311	辽宁	21	7	0	0	0
20200311	陕西	1	117	4	0	0
20200311	黑龙江	36	794	77	2	0
20200312		1	54724	6888	371	35
20200312	Tokyo Prefecture	1	1	0	0	0
20200312	云南	5	0	0	0	0
20200312	内蒙古	4	0	0	0	0
20200312	北京	3	554	8	0	0
20200312	吉林	16	72	4	1	0
20200312	四川	3	501038	35014	1474	277
20200312	天津	1	3	1	0	0
20200312	宁夏	1	62	15	5	0
20200312	安徽	14	13771	1518	120	14
20200312	山东	18	127674	12070	408	73
20200312	山西	2	4505	35	2	1
20200312	广东	2	3	0	0	0
20200312	广西	2	3	0	0	0
20200312	新疆	1	4	1	0	0
20200312	江苏	11	40303	4616	114	31
20200312	河北	18	415	13	0	0
20200312	河南	16	47296	6564	75	132
20200312	浙江	3	17	2	0	0
20200312	海南	1	2	0	0	0
20200312	湖北	10	185341	7232	415	92
20200312	湖南	3	31	4	1	0
20200312	甘肃	3	5	0	0	0
20200312	贵州	3	3	0	0	0
20200312	辽宁	28	290	10	4	0
20200312	陕西	5	141	35	4	0
20200312	黑龙江	31	360	8	0	0
20200313		1	448219	60789	2486	421
20200313	Nordrhein-Westfalen	1	1300	79	3	4
20200313	Québec	1	2	0	0	0
20200313	West	1	6	1	0	0
20200313	上海	2	14	0	0	0
20200313	云南	1	0	0	0	0
20200313	内蒙古	2	2	2	0	0
20200313	加利福尼亚州	1	8	0	0	0
20200313	北京	3	69595	5950	223	35
20200313	吉林	7	5	0	0	0
20200313	四川	2	3930	439	20	1
20200313	宁夏	2	81	1	0	0
20200313	安徽	5	195	8	0	0
20200313	山东	14	66202	1703	139	15
20200313	山西	3	6667	43	3	0
20200313	广东	6	588	21	5	0
20200313	广西	4	0	0	0	0
20200313	新疆	3	16033	283	20	3
20200313	江苏	14	1052	163	5	1
20200313	江西	1	1488	96	29	0
20200313	河北	16	55763	8483	173	19
20200313	河南	15	1038	97	7	1
20200313	浙江	4	7956	627	25	3
20200313	湖北	6	44370	6163	82	24
20200313	湖南	2	0	0	0	0
20200313	甘肃	1	1	0	0	0
20200313	福建	2	83892	4158	308	35
20200313	贵州	2	144	10	0	0
20200313	辽宁	7	28	1	0	0
20200313	陕西	8	5131	309	29	2
20200313	黑龙江	22	4	0	1	0
20200314	Île-de-France	1	7	1	0	0
20200314	上海	2	15325	560	33	5
20200314	云南	3	5	0	0	0
20200314	内蒙古	7	52636	2422	91	3
20200314	北京	5	25925	5623	193	12
20200314	吉林	9	0	0	0	0
20200314	四川	3	14674	2028	74	1
20200314	安徽	6	4	1	0	0
20200314	山东	8	2491	142	6	1
20200314	山西	2	349	27	1	0
20200314	广东	6	1009	101	9	3
20200314	广西	4	77	0	0	0
20200314	江苏	7	3093	393	50	0
20200314	江西	1	260	68	13	0
20200314	河北	27	25627	297	27	1
20200314	河南	13	157005	12625	459	15
20200314	浙江	4	583	25	4	0
20200314	湖北	5	238	14	1	0
20200314	湖南	3	7892	950	16	10
20200314	甘肃	2	842707	60296	3606	572
20200314	福建	1	181	9	1	0
20200314	贵州	1	3	0	0	0
20200314	辽宁	8	12874	646	27	1
20200314	重庆	1	5	1	2	0
20200314	陕西	5	14	0	0	0
20200314	青海	1	1	1	1	0
20200314	黑龙江	22	3	0	0	0
20200315	上海	1	3892	425	6	4
20200315	云南	4	9	0	0	0
20200315	内蒙古	5	0	0	0	0
20200315	北京	3	1568	172	7	0
20200315	吉林	5	0	0	0	0
20200315	四川	4	30062	2419	129	6
20200315	天津	1	5	1	0	3
20200315	安徽	2	4	0	0	0
20200315	山东	5	78	1	0	0
20200315	山西	2	161	7	0	0
20200315	广东	5	560	44	2	0
20200315	江苏	11	31287	2036	88	37
20200315	江西	2	688	49	5	0
20200315	河北	14	363	12	1	1
20200315	河南	11	594	96	13	5
20200315	浙江	2	473	3	1	0
20200315	湖北	4	1716	98	4	0
20200315	湖南	1	1	0	0	0
20200315	甘肃	2	0	0	0	0
20200315	福建	2	29113	3389	193	41
20200315	贵州	2	202	11	1	0
20200315	辽宁	13	7810	1101	23	0
20200315	陕西	6	4	0	0	0
20200315	青海	1	3	0	0	0
20200315	黑龙江	15	1	0	0	0
20200316	上海	1	33061	4272	130	32
20200316	云南	4	78	2	0	0
20200316	内蒙古	1	2	1	0	0
20200316	北京	4	59110	1595	95	11
20200316	吉林	6	734	164	7	0
20200316	四川	3	4	0	0	0
20200316	天津	2	1303	5	2	0
20200316	安徽	3	6	0	0	0
20200316	山东	11	6	0	0	0
20200316	山西	5	32649	2414	111	26
20200316	广东	2	63	3	1	0
20200316	江苏	12	15756	2492	65	18
20200316	江西	1	0	0	0	0
20200316	河北	15	468	5	0	0
20200316	河南	7	160	2	0	0
20200316	浙江	5	12980	1706	76	12
20200316	海南	1	440	14	0	0
20200316	湖北	9	31508	1094	81	15
20200316	湖南	5	103	6	0	0
20200316	甘肃	3	0	0	0	0
20200316	贵州	3	650	6	0	0
20200316	辽宁	14	1311	20	4	0
20200316	重庆	4	19475	144	54	0
20200316	陕西	2	0	0	0	0
20200316	黑龙江	13	1397	92	8	3
