20200122	湖北	2	291	8	0	0
20200123	四川	2	79186	1975	79	4
20200123	山东	1	271066	3026	116	31
20200123	江苏	3	581755	7373	432	58
20200123	河南	1	637264	15127	580	172
20200123	湖北	5	171989	1951	60	33
20200123	湖南	1	39982	821	52	5
20200123	福建	1	501188	5716	167	37
20200123	陕西	1	3003520	57430	2889	1233
20200124	上海	2	561	98	17	1
20200124	四川	3	1706952	73832	3077	535
20200124	安徽	3	581219	7569	263	167
20200124	山东	7	548481	14129	623	266
20200124	山西	1	504176	5351	330	52
20200124	广东	15	1232471	29317	1623	303
20200124	江苏	4	163	13	1	0
20200124	江西	1	427	34	0	3
20200124	河南	4	80261	1479	83	21
20200124	浙江	1	1178	9	1	0
20200124	湖北	7	278616	2893	108	52
20200124	湖南	2	219965	3486	81	14
20200124	甘肃	2	111531	1468	49	15
20200124	福建	2	116331	1881	55	19
20200124	西藏	1	99	3	0	0
20200124	贵州	3	4843	116	12	2
20200124	重庆	1	9	1	0	0
20200124	陕西	3	15142	439	37	8
20200125	Chiba-ken	1	3	0	0	0
20200125	云南	1	27556	283	13	8
20200125	北京	4	2874866	91073	2067	238
20200125	四川	8	2061341	72899	2733	227
20200125	安徽	3	106757	1192	64	12
20200125	山东	16	1325922	61414	2015	406
20200125	山西	2	14	0	0	0
20200125	广东	3	27	0	0	2
20200125	柔佛州	2	581	35	1	0
20200125	江苏	25	13324257	592857	10136	944
20200125	江西	2	697	17	2	0
20200125	河北	2	3224	5	0	0
20200125	河南	3	300752	4628	297	74
20200125	浙江	6	6405	188	21	10
20200125	海南	1	622	10	0	0
20200125	湖北	10	1746	163	8	1
20200125	湖南	36	1761705	60239	4032	1279
20200125	甘肃	1	414	17	0	0
20200125	贵州	3	23	1	0	0
20200125	辽宁	1	1	0	0	0
20200125	重庆	1	191107	3253	88	32
20200125	陕西	1	26	1	0	1
20200126	Changwat Krabi	1	42170	998	112	47
20200126	上海	5	4626	93	6	9
20200126	云南	1	5	1	0	0
20200126	北京	6	55450	1289	126	26
20200126	吉林	28	146654	3256	330	101
20200126	四川	6	700207	28668	2643	325
20200126	天津	21	469692	15848	1044	508
20200126	安徽	5	134896	9730	689	55
20200126	山东	18	173984	6660	563	86
20200126	山西	65	872583	32512	3034	416
20200126	广东	3	1530	38	1	6
20200126	广西	1	5	0	0	0
20200126	江苏	18	1596103	24999	1267	300
20200126	江西	10	115276	5678	424	28
20200126	河北	17	1020484	36482	2754	510
20200126	河南	36	502935	10037	361	67
20200126	浙江	6	8731	346	34	19
20200126	海南	1	5382	226	60	16
20200126	湖北	11	368172	12177	651	43
20200126	湖南	33	942077	39010	2130	334
20200126	澳门	1	8	2	0	0
20200126	福建	48	645344	35863	2474	488
20200126	贵州	7	913	28	0	2
20200126	辽宁	39	392088	13203	1517	348
20200126	重庆	4	1515699	63609	2713	576
20200126	陕西	8	782535	17472	1358	397
20200126	黑龙江	3	293	3	0	0
20200127		2	1908698	69949	1124	139
20200127	National Capital Region	1	65	2	0	0
20200127	State of New South Wales	2	21908	1832	88	18
20200127	云南	2	917	26	0	1
20200127	内蒙古	20	22344	944	90	13
20200127	北京	3	3434	68	4	3
20200127	吉林	2	8	0	0	0
20200127	四川	4	65804	3671	247	25
20200127	天津	8	10952	356	47	18
20200127	安徽	61	2279932	42135	4367	857
20200127	山东	4	213341	1134	26	18
20200127	山西	38	1457568	65156	2833	314
20200127	广东	10	233039	3201	183	40
20200127	广西	15	20896	598	53	11
20200127	新疆	2	4587	279	23	7
20200127	江苏	24	569026	10040	818	251
20200127	江西	12	2275	130	4	2
20200127	河北	10	6993	178	16	7
20200127	河南	15	23534	654	38	25
20200127	浙江	5	121311	722	26	9
20200127	海南	4	347	20	0	0
20200127	湖北	23	5599125	239023	10435	1384
20200127	湖南	15	5540343	210146	6818	848
20200127	甘肃	1	5	1	0	0
20200127	福建	53	12667006	573191	20391	3132
20200127	贵州	32	820059	19435	900	100
20200127	辽宁	17	11231	404	20	7
20200127	重庆	6	123987	4411	299	54
20200127	陕西	4	27369	2626	129	13
20200127	青海	1	7	0	0	0
20200127	黑龙江	4	1332	32	5	0
20200128		2	107329	26775	1173	17
20200128	Almaty	1	640	5	0	0
20200128	上海	3	3433	66	4	0
20200128	云南	4	92164	2519	378	188
20200128	内蒙古	10	4031	68	5	1
20200128	北京	2	2818184	19779	402	1066
20200128	吉林	3	70	5	0	0
20200128	四川	107	3369629	147473	5741	1140
20200128	天津	7	93339	3141	307	36
20200128	宁夏	7	264946	7375	296	62
20200128	安徽	12	10386067	188861	5562	2227
20200128	山东	52	8894304	386115	14904	1175
20200128	山西	17	16142	587	25	18
20200128	广东	87	174145	3633	338	120
20200128	广西	7	21330	1083	71	7
20200128	新疆	15	249789	21863	796	99
20200128	江苏	41	3236967	191831	12280	3055
20200128	江西	8	1474	16	0	1
20200128	河北	25	239391	8647	594	157
20200128	河南	24	690196	15178	810	71
20200128	浙江	8	59567	1777	133	17
20200128	海南	6	118941	4081	458	51
20200128	湖北	31	160802	6798	1196	77
20200128	湖南	77	278740213	10750528	352792	99450
20200128	甘肃	2	16486	315	26	10
20200128	福建	13	126463	3916	260	31
20200128	西藏	3	75	6	0	0
20200128	贵州	37	4069382	187470	8200	1462
20200128	辽宁	3	3817	60	5	6
20200128	重庆	3	18156	5397	70	4
20200128	陕西	8	105141	4795	178	37
20200128	青海	6	30656	909	67	16
20200128	香港	1	2	1	1	0
20200128	黑龙江	5	19	1	0	0
20200129		2	660343	6371	276	78
20200129	云南	46	481596	13456	1732	100
20200129	内蒙古	4	1579	36	0	2
20200129	北京	3	466980	4611	360	90
20200129	吉林	2	528459	10808	358	98
20200129	四川	16	17143	2591	171	7
20200129	天津	2	1792	72	13	3
20200129	宁夏	1	31	1	0	0
20200129	安徽	19	29537	1538	122	15
20200129	山东	32	1221393	33610	1390	151
20200129	山西	11	14285	468	40	14
20200129	广东	34	114171	3719	229	64
20200129	广西	14	1062335	29135	1749	304
20200129	新疆	8	23450	83	8	0
20200129	江苏	17	40780	1282	139	8
20200129	江西	15	30375	1169	75	15
20200129	河北	17	59195	798	77	17
20200129	河南	11	2304	130	8	0
20200129	浙江	9	325757	9847	410	107
20200129	湖北	24	79394	1447	71	24
20200129	湖南	36	4493860	227212	7296	1356
20200129	甘肃	3	757	25	3	4
20200129	福建	14	50084	1506	96	108
20200129	西藏	1	4	1	0	0
20200129	贵州	22	95546	4285	235	31
20200129	辽宁	6	3613	51	2	2
20200129	重庆	13	5160	136	15	24
20200129	陕西	4	3317	46	2	3
20200129	青海	1	622	1	0	0
20200129	黑龙江	1	111	2	1	0
20200130		3	48435	1826	136	23
20200130	上海	4	919582	6519	313	134
20200130	云南	4	16241	861	75	32
20200130	内蒙古	2	12089	3132	160	2
20200130	北京	3	707993	12117	459	183
20200130	四川	3	53996	1750	69	5
20200130	天津	2	1577	49	5	0
20200130	宁夏	1	6	0	0	0
20200130	安徽	11	50500	1373	82	49
20200130	山东	23	147184	23302	942	22
20200130	山西	14	46033	994	91	34
20200130	广东	14	166761	8041	862	339
20200130	广西	77	124838	5071	621	51
20200130	新疆	1	632	7	3	0
20200130	江苏	9	137028	5318	168	27
20200130	江西	5	554	32	4	19
20200130	河北	11	3969	120	4	6
20200130	河南	8	13683	184	44	40
20200130	浙江	2	14	1	0	0
20200130	海南	3	400	17	1	0
20200130	湖北	13	41065	945	48	9
20200130	湖南	5	638	17	0	2
20200130	甘肃	1	229548	774	37	24
20200130	福建	4	58897	908	75	22
20200130	贵州	5	12580	127	5	1
20200130	辽宁	2	615	14	0	0
20200130	重庆	2	28	3	0	0
20200130	陕西	2	3779	236	44	2
20200130	黑龙江	1	54	4	0	0
20200131	Ōsaka-fu	1	3	0	0	0
20200131	上海	154	6252	1305	425	373
20200131	云南	92	2982	61	3	7
20200131	内蒙古	173	1198112	38509	1911	313
20200131	北京	21	1585	42	1	0
20200131	吉林	103	20000	247	17	5
20200131	四川	181	11058	385	44	27
20200131	天津	87	1617300	90671	3307	122
20200131	宁夏	30	268	18	1	4
20200131	安徽	181	9303	442	29	18
20200131	山东	282	355754	10200	940	170
20200131	山西	77	1979	194	58	6
20200131	广东	77	142846	3647	217	34
20200131	广西	82	115090	3678	363	289
20200131	新疆	33	1420	46	3	16
20200131	江苏	33	71991	663	24	12
20200131	江西	19	26212	374	12	9
20200131	河北	75	470068	5695	272	67
20200131	河南	490	6555	288	12	36
20200131	浙江	8	221185	4509	681	103
20200131	海南	41	13053	404	32	5
20200131	湖北	23	164462	6677	419	34
20200131	湖南	40	93227	4328	111	49
20200131	澳门	1	5	0	0	0
20200131	甘肃	87	4737	192	16	10
20200131	福建	65	785883	76447	1396	165
20200131	贵州	50	5152	198	21	9
20200131	辽宁	322	363796	12340	392	60
20200131	重庆	39	298	15	0	2
20200131	陕西	114	3008	114	7	20
20200131	青海	8	1144	41	3	0
20200131	马哈拉施特拉邦	1	212	18	1	0
20200131	黑龙江	9	73	9	0	0
20200201	上海	38	2783	47	0	1
20200201	云南	389	90992	4122	359	80
20200201	内蒙古	36	16948	142	4	2
20200201	北京	43	3614	102	41	9
20200201	吉林	32	192	13	0	0
20200201	四川	36	1555	222	8	0
20200201	天津	48	29362	585	81	11
20200201	宁夏	11	2351	52	2	2
20200201	安徽	58	34261	275	11	9
20200201	山东	148	140852	2358	81	25
20200201	山西	60	5414	340	36	16
20200201	广东	32	21566	702	48	8
20200201	广西	39	2603	51	6	1
20200201	新疆	7	4873	147	1	0
20200201	江苏	53	3721	95	9	7
20200201	江西	10	146731	7954	644	85
20200201	河北	32	19814	761	65	7
20200201	河南	212	1694884	52545	445	83
20200201	浙江	4	315	5	1	1
20200201	海南	6	250952	14553	487	22
20200201	湖北	29	322896	10838	1071	158
20200201	湖南	22	3632	92	9	2
20200201	甘肃	26	1680	65	6	7
20200201	福建	22	245793	9918	387	207
20200201	贵州	12	199249	14003	796	35
20200201	辽宁	154	154535	15948	1559	106
20200201	重庆	4	1151	22	2	0
20200201	陕西	59	122346	5007	219	57
20200201	青海	1	12	0	0	0
20200201	黑龙江	27	275	11	0	0
20200202	上海	1	116	3	0	0
20200202	云南	8	100590	1122	46	12
20200202	内蒙古	13	1118848	23531	672	488
20200202	北京	1	83406	149	2	3
20200202	吉林	23	273295	12503	672	212
20200202	四川	6	250413	7615	462	80
20200202	天津	2	91571	415	12	8
20200202	安徽	3	473	23	2	0
20200202	山东	53	2699394	117804	4206	550
20200202	山西	17	3366588	183363	10821	1088
20200202	广东	16	437839	27721	2634	617
20200202	广西	3	27960	662	13	12
20200202	江苏	44	995012	37757	4218	865
20200202	江西	2	57186	452	6	14
20200202	河北	6	3771	197	24	3
20200202	河南	26	624855	21494	1575	254
20200202	浙江	5	5372	147	7	5
20200202	湖北	6	144391	2516	85	134
20200202	湖南	5	1112846	69569	3159	248
20200202	甘肃	2	5	0	0	0
20200202	福建	1	124	0	0	0
20200202	贵州	2	92099	1462	51	34
20200202	辽宁	67	1335076	130510	10146	621
20200202	重庆	7	257	26	1	0
20200202	陕西	5	51201	1205	127	31
20200202	黑龙江	5	66120	1081	108	35
20200203		2	2	0	0	0
20200203	上海	2	118	8	3	0
20200203	云南	8	153915	10886	442	111
20200203	内蒙古	10	9278	191	10	9
20200203	北京	5	338785	1193	46	23
20200203	吉林	6	22223	191	9	4
20200203	四川	15	69119	1111	63	62
20200203	天津	2	14271	170	22	15
20200203	宁夏	2	1112	310	69	0
20200203	安徽	6	1050	64	0	2
20200203	山东	59	410152	15517	1120	155
20200203	山西	6	12011	148	8	0
20200203	广东	9	17509	450	25	6
20200203	广西	10	27692	1050	73	11
20200203	江苏	19	660962	11708	443	281
20200203	江西	4	1299	26	3	0
20200203	河北	8	3692	124	14	8
20200203	河南	38	290710	22121	2492	142
20200203	浙江	7	31807	420	30	12
20200203	海南	30	1551416	62210	3118	654
20200203	湖北	11	30624	949	147	24
20200203	湖南	9	1035974	38583	875	184
20200203	福建	24	90482	2027	147	26
20200203	贵州	3	172	5	0	1
20200203	辽宁	11	8051	343	24	8
20200203	重庆	8	7806	426	48	13
20200203	陕西	7	2681	26	3	0
20200204		4	2760053	111976	10231	1347
20200204	National Capital Region	1	36	3	0	0
20200204	上海	1	31	4	1	0
20200204	云南	44	3414662	114163	4612	492
20200204	内蒙古	85	2387193	90659	2223	366
20200204	北京	5	28093	374	24	12
20200204	吉林	3	59973	913	54	23
20200204	四川	7	10937	233	13	3
20200204	天津	2	4059	58	5	1
20200204	宁夏	22	384853	17419	1144	178
20200204	安徽	11	42829	1057	68	20
20200204	山东	66	72769	1442	111	40
20200204	山西	24	125006	2229	133	62
20200204	广东	12	261939	32350	705	143
20200204	广西	79	2993937	112731	6618	931
20200204	新疆	29	415022	8971	490	147
20200204	江苏	6	2000	44	9	0
20200204	江西	4	650	71	0	0
20200204	河北	28	38004	1370	112	26
20200204	河南	24	132793	10148	993	57
20200204	浙江	5	315852	17857	2665	130
20200204	海南	34	475257	12975	585	134
20200204	湖北	19	372741	9660	447	258
20200204	湖南	7	1237100	7018	233	63
20200204	甘肃	13	333557	8859	599	194
20200204	福建	93	2001156	81035	5267	886
20200204	贵州	13	45763	2822	119	27
20200204	辽宁	37	1001072	25820	943	169
20200204	重庆	2	1039	71	1	0
20200204	陕西	4	32031	2055	83	13
20200204	青海	8	36569	1259	96	33
20200204	黑龙江	1	546	3	0	0
20200205	上海	19	1063206	11325	394	177
20200205	云南	15	96520	5255	402	57
20200205	内蒙古	19	17588	878	121	20
20200205	北京	9	185	13	0	0
20200205	吉林	2	4	1	0	0
20200205	四川	18	14000	1636	83	6
20200205	天津	3	16947	288	33	19
20200205	宁夏	5	66668	2561	102	27
20200205	安徽	25	32944	1123	79	16
20200205	山东	102	7975512	400471	8143	1468
20200205	山西	19	26821	668	60	16
20200205	广东	12	6659	180	31	6
20200205	广西	15	1663676	60804	3756	527
20200205	新疆	21	1016833	67337	1904	230
20200205	江苏	48	89695	1985	45	19
20200205	江西	16	120	15	2	2
20200205	河北	28	61428	5747	121	29
20200205	河南	73	6609	388	34	7
20200205	浙江	13	848	81	3	3
20200205	海南	10	73963	948	34	23
20200205	湖北	31	10706	613	87	11
20200205	湖南	15	442925	11092	229	46
20200205	甘肃	30	24433	542	32	16
20200205	福建	24	232095	6535	282	58
20200205	贵州	22	1381376	23814	972	301
20200205	辽宁	13	45235	1544	60	9
20200205	重庆	6	110	13	0	0
20200205	陕西	22	131821	6289	471	143
20200205	青海	4	14243	602	48	4
20200205	黑龙江	2	1072	17	0	4
20200206		1	2057348	42221	1227	437
20200206	上海	1	8	0	0	0
20200206	云南	26	288879	17012	2286	389
20200206	北京	2	957	85	14	7
20200206	吉林	1	6	1	0	0
20200206	四川	5	1047	45	0	0
20200206	天津	2	10	2	0	0
20200206	宁夏	2	1914	62	2	1
20200206	安徽	8	2506	111	1	1
20200206	山东	55	10584626	734371	25775	2999
20200206	山西	6	17617	1820	46	17
20200206	广东	6	931	36	6	0
20200206	广西	7	443007	21248	955	147
20200206	新疆	18	223976	12607	835	79
20200206	江苏	9	118517	9533	159	14
20200206	江西	14	244626	6039	463	90
20200206	河北	17	7256	239	7	8
20200206	河南	18	485926	3345	184	49
20200206	浙江	4	739	93	0	0
20200206	海南	5	6854	306	43	5
20200206	湖北	8	11763396	529404	22933	5109
20200206	湖南	18	716	51	6	3
20200206	甘肃	7	2017589	13055	388	145
20200206	福建	2	1333	43	14	1
20200206	贵州	2	1975	64	2	8
20200206	辽宁	6	95181	1478	102	24
20200206	重庆	2	9	1	0	0
20200206	陕西	7	8632	173	16	7
20200206	青海	1	4	1	0	0
20200207		1	233	7	0	0
20200207	上海	4	165	8	2	0
20200207	云南	26	1529149	145081	7809	828
20200207	内蒙古	1	14	2	0	0
20200207	加利福尼亚州	1	8629	999	11	1
20200207	北京	9	291562	5264	273	39
20200207	四川	13	78137	2324	60	6
20200207	天津	4	3714	252	19	0
20200207	宁夏	1	2922	439	27	0
20200207	安徽	6	112751	2584	98	25
20200207	山东	215	5925696	279901	16552	3933
20200207	山西	3	946	15	0	0
20200207	广东	29	628189	15248	1220	122
20200207	广西	25	572005	40202	3186	385
20200207	新疆	10	489696	10579	406	147
20200207	江苏	5	55477	1690	698	35
20200207	江西	9	1994027	168768	6338	532
20200207	河北	9	3828	151	9	6
20200207	河南	19	365879	3363	267	224
20200207	浙江	5	400	24	0	0
20200207	海南	17	63217	1885	161	54
20200207	湖北	25	90842	2762	161	62
20200207	湖南	12	24163	488	29	4
20200207	甘肃	1	4	0	0	1
20200207	福建	9	1460582	100195	1596	129
20200207	英格兰	1	47664	368	5	6
20200207	贵州	11	187026	6273	164	35
20200207	辽宁	5	41248	1803	101	14
20200207	重庆	2	4414	25	0	0
20200207	陕西	14	164557	10591	990	117
20200207	黑龙江	1	3	1	0	0
20200208	上海	6	742	8	1	0
20200208	云南	10	266670	23133	1683	123
20200208	内蒙古	4	20178	713	49	4
20200208	北京	9	4642199	175682	4957	2333
20200208	吉林	5	35	3	0	2
20200208	四川	34	233314	18651	1065	96
20200208	天津	1	9919	227	28	9
20200208	安徽	19	361225	28560	2074	100
20200208	山东	71	1483766	54139	3053	441
20200208	山西	6	7147	111	9	0
20200208	广东	27	16586	529	61	9
20200208	广西	22	1048106	54836	2401	206
20200208	新疆	5	15087	409	20	3
20200208	江苏	51	5364784	388000	12174	1031
20200208	江西	9	24011	500	34	16
20200208	河北	20	2739	129	9	1
20200208	河南	12	37945	2137	134	14
20200208	浙江	7	1170	15	2	0
20200208	海南	2	920	33	3	1
20200208	湖北	47	593092	11290	1183	290
20200208	湖南	35	2748838	117686	2679	649
20200208	甘肃	7	96417	6811	744	61
20200208	福建	8	86367	5294	331	11
20200208	贵州	9	52434	746	75	11
20200208	辽宁	146	2421466	64958	6445	1674
20200208	重庆	5	13067	2194	49	3
20200208	陕西	8	224621	13468	736	102
20200208	黑龙江	3	1700	61	3	2
20200209		14	74942	3026	314	70
20200209	Dubai	1	954	91	1	1
20200209	上海	15	21670	298	14	9
20200209	云南	3	1043	72	2	1
20200209	内蒙古	7	2442	85	18	6
20200209	加利福尼亚州	1	112	3	2	0
20200209	北京	19	3591908	144045	5432	1622
20200209	吉林	6	824	35	5	0
20200209	四川	402	4079119	272867	10350	2056
20200209	天津	10	20287	613	98	23
20200209	安徽	317	8492996	227844	20385	3281
20200209	山东	469	47970493	1794731	80026	27656
20200209	山西	121	1946269	56915	5179	982
20200209	广东	780	7121923	228509	12108	3480
20200209	广西	22	440613	14256	1143	106
20200209	江苏	623	14590583	778575	51429	15219
20200209	江西	15	377312	7420	426	68
20200209	河北	254	5077125	43839	2923	617
20200209	河南	336	4596587	212556	14948	2011
20200209	浙江	118	1552965	42640	2575	485
20200209	海南	1	30619	951	111	3
20200209	湖北	52	1476459	54942	3604	342
20200209	湖南	7	321035	4438	186	131
20200209	甘肃	12	6155950	576321	17369	929
20200209	福建	17	863186	33540	949	158
20200209	西哈努克市	1	438	18	0	0
20200209	贵州	24	1135546	36683	1848	171
20200209	辽宁	191	3745143	145715	10852	2294
20200209	重庆	6	3959	262	15	0
20200209	陕西	29	866155	10554	487	227
20200209	青海	1	24475	993	35	3
20200209	香港	2	104142	5640	123	19
20200209	黑龙江	3	521	20	0	1
20200210		6	25098	1655	74	25
20200210	Makkah Province	1	15	2	0	0
20200210	上海	7	267554	7458	1037	356
20200210	云南	25	1155554	62250	4477	995
20200210	内蒙古	4	11342	112	10	14
20200210	北京	17	32089343	1558485	50011	9256
20200210	吉林	6	960	91	2	3
20200210	四川	30	87092	3298	186	26
20200210	天津	9	69432	2790	142	42
20200210	宁夏	87	1195317	62237	4143	951
20200210	安徽	67	1378226	46115	2428	825
20200210	山东	132	2925772	113301	2851	642
20200210	山西	27	304590	12341	975	157
20200210	广东	87	613363	24291	1773	192
20200210	广西	26	629951	20245	2237	225
20200210	新疆	5	595447	6481	218	128
20200210	江苏	212	1131917	59342	5901	563
20200210	江西	77	242001	8105	528	109
20200210	河北	54	170598	11407	477	92
20200210	河南	48	365150	9504	1002	72
20200210	浙江	39	115918	2019	128	26
20200210	海南	8	3331028	30410	1155	235
20200210	湖北	39	1113265	37545	2641	401
20200210	湖南	12	83208	5395	218	21
20200210	甘肃	6	12428	695	18	4
20200210	福建	13	92186	2307	115	20
20200210	贵州	10	46851	3360	134	22
20200210	辽宁	65	2128240	138850	5792	2280
20200210	重庆	3	148	18	0	0
20200210	陕西	17	389637	20352	1147	229
20200210	青海	1	644	28	1	0
20200210	黑龙江	3	50881	3411	101	5
20200211		4	52495	2959	213	27
20200211	上海	11	4016	398	26	1
20200211	云南	162	5759465	282911	15346	1700
20200211	内蒙古	45	233246	9572	933	186
20200211	北京	12	1071521	13585	2257	182
20200211	四川	34	4497714	413725	32811	9246
20200211	天津	7	13575	233	22	1
20200211	宁夏	16	144580	8751	544	91
20200211	安徽	18	79055	2516	176	65
20200211	山东	275	16194051	939478	56032	10635
20200211	山西	31	436961	22645	1230	208
20200211	广东	193	3345090	121968	6375	1522
20200211	广西	61	918444	60111	6309	506
20200211	新疆	15	81328	2916	168	116
20200211	江苏	233	2590154	155583	10241	1630
20200211	江西	35	339857	10903	763	98
20200211	河北	36	60736	1045	110	23
20200211	河南	28	202100	9703	1240	175
20200211	浙江	17	660009	24736	4171	185
20200211	海南	7	28975	315	39	10
20200211	湖北	78	1397787	35977	3033	1596
20200211	湖南	381	10340868	237933	10296	2849
20200211	甘肃	9	335223	21447	1951	277
20200211	福建	30	1161990	47142	2829	643
20200211	西藏	2	2198	145	10	2
20200211	贵州	40	974653	35602	2303	303
20200211	辽宁	24	761510	14478	460	132
20200211	重庆	194	505178	17818	1047	267
20200211	陕西	9	799	26	2	1
20200211	青海	1	1460	66	2	0
20200211	首尔特别市	1	74	1	0	0
20200211	黑龙江	90	404906	11168	866	283
20200212		1	38	4	0	0
20200212	Primorskiy Kray	1	25	5	0	0
20200212	上海	5	37909	941	76	40
20200212	云南	94	5594484	477551	23461	2901
20200212	内蒙古	14	869742	26784	1377	168
20200212	北京	19	1568200	277669	7552	427
20200212	吉林	5	18150	1978	55	1
20200212	四川	35	1094391	73494	2355	322
20200212	天津	13	10092	808	53	6
20200212	宁夏	11	124383	723	25	8
20200212	安徽	21	1487242	74557	1809	297
20200212	山东	121	4060210	184689	9030	1971
20200212	山西	44	4504329	163911	11906	2972
20200212	广东	62	177276	7085	450	86
20200212	广西	16	61266	1584	187	32
20200212	新疆	13	101063	2258	151	47
20200212	江苏	71	454844	23040	1590	158
20200212	江西	10	520129	27739	1455	239
20200212	河北	24	31339	822	112	16
20200212	河南	18	216422	8437	392	83
20200212	浙江	24	2874151	162850	16006	2187
20200212	海南	9	56483	4003	256	19
20200212	湖北	67	178360	5961	751	138
20200212	湖南	94	720364	28335	954	199
20200212	甘肃	3	13615	674	37	0
20200212	福建	12	2165	180	21	0
20200212	贵州	41	737554	33517	1649	334
20200212	辽宁	42	214560	17193	903	163
20200212	重庆	19	7073	539	15	4
20200212	陕西	11	62427	5469	581	15
20200212	黑龙江	462	1833884	116546	6466	2094
20200213		1	7	0	0	0
20200213	Panamá	1	43	3	0	0
20200213	上海	13	8984	356	48	7
20200213	云南	59	479811	32275	934	172
20200213	内蒙古	16	64461	1722	151	29
20200213	北京	18	4257232	140174	2764	761
20200213	吉林	14	1736211	159511	3878	401
20200213	四川	88	2647690	94926	6340	1220
20200213	天津	5	118170	2933	138	31
20200213	宁夏	8	92	10	0	2
20200213	安徽	52	2367484	31137	1669	440
20200213	山东	178	3794444	82003	3724	968
20200213	山西	30	122429	4202	240	23
20200213	广东	256	4110425	298814	8527	2052
20200213	广西	17	466798	33166	1796	154
20200213	新疆	9	13458	420	25	7
20200213	江苏	200	1170541	44571	2810	804
20200213	江西	74	1563125	51766	2355	508
20200213	河北	24	65735	1256	73	13
20200213	河南	57	72281	4475	272	27
20200213	浙江	84	21369875	1565623	32782	4200
20200213	海南	15	75091	4442	284	37
20200213	湖北	112	245828	5179	479	232
20200213	湖南	51	528796	24789	1354	322
20200213	甘肃	9	666711	5409	233	273
20200213	福建	21	3593406	176486	5282	4334
20200213	贵州	36	451592	14310	942	255
20200213	辽宁	37	701861	15945	639	322
20200213	重庆	28	137061	2355	112	36
20200213	陕西	24	467402	3673	315	68
20200213	青海	22	156713	9062	751	118
20200213	黑龙江	76	1407490	107258	4356	1129
20200214		2	5548	80	4	5
20200214	上海	15	173870	2725	91	74
20200214	云南	72	1333107	53291	4159	5560
20200214	内蒙古	20	85100	3179	273	72
20200214	加利福尼亚州	1	3303	15	1	2
20200214	北京	14	423697	7164	336	69
20200214	吉林	8	4805	234	30	7
20200214	四川	19	1228736	57742	597	98
20200214	天津	4	900	36	11	0
20200214	宁夏	4	1362079	103569	3434	191
20200214	安徽	20	240794	10505	315	68
20200214	山东	66	437090	19423	684	193
20200214	山西	44	368818	11902	844	204
20200214	广东	147	2803527	48827	3079	1353
20200214	广西	14	548395	23393	1297	106
20200214	新疆	6	42832	988	80	35
20200214	江苏	169	6454001	395271	32477	8470
20200214	江西	17	358512	10911	193	21
20200214	河北	26	584536	2800	83	98
20200214	河南	106	769254	29340	1458	316
20200214	浙江	32	51924	2305	76	21
20200214	海南	23	503684	17743	709	181
20200214	湖北	74	774913	21273	2076	886
20200214	湖南	22	87919	3791	170	31
20200214	甘肃	3	6321	71	2	0
20200214	福建	14	171437	24827	137	14
20200214	莫斯科州	1	2883	56	5	2
20200214	西藏	4	3628	47	9	0
20200214	贵州	24	124355	4066	263	52
20200214	辽宁	62	865783	23662	1625	1566
20200214	重庆	23	49389	2203	92	23
20200214	陕西	18	305785	8430	774	131
20200214	青海	3	404486	12678	364	188
20200214	黑龙江	56	6501309	319879	29528	5786
20200215		4	305031	11265	1080	518
20200215	上海	19	624119	5912	326	215
20200215	云南	73	304769	15695	812	150
20200215	内蒙古	150	9310395	194623	14195	2415
20200215	北京	31	2535645	24207	603	1052
20200215	吉林	33	85303	1182	150	71
20200215	四川	42	604153	30912	204	102
20200215	天津	3	1177	29	3	1
20200215	宁夏	4	3491	91	9	0
20200215	安徽	42	1115586	26722	1730	310
20200215	山东	73	90108411	3465970	286480	13025
20200215	山西	24	375107	19964	1299	214
20200215	广东	117	1090084	53971	2363	564
20200215	广西	11	936490	70269	3149	293
20200215	新疆	4	4171	393	33	1
20200215	江苏	111	1201627	51675	5508	1502
20200215	江西	24	911668	57686	4049	686
20200215	河北	255	8235260	111984	9251	1382
20200215	河南	55	2881650	163709	4928	859
20200215	浙江	16	666725	18971	2192	213
20200215	海南	68	3769975	142012	10064	1942
20200215	湖北	76	3198199	95855	5940	562
20200215	湖南	93	7920127	334546	10454	1467
20200215	甘肃	49	2737771	144740	9039	2276
20200215	福建	27	262977	10053	485	237
20200215	西藏	1	58110	1546	124	29
20200215	贵州	45	307690	6849	260	156
20200215	辽宁	28	73068	780	36	102
20200215	重庆	21	33874	2605	185	80
20200215	陕西	17	244659	3765	191	248
20200215	黑龙江	62	253896	26268	1178	395
20200216	上海	1	11	1	0	0
20200216	云南	26	172676	4631	245	112
20200216	内蒙古	31	111219	2994	277	76
20200216	北京	14	241190	10598	676	39
20200216	华盛顿州	1	434	43	5	0
20200216	吉林	12	24437	2194	142	20
20200216	四川	22	292247	6385	352	122
20200216	天津	9	16108	748	163	13
20200216	宁夏	3	26719	1791	99	11
20200216	安大略	1	18	1	0	0
20200216	安徽	21	221382	10681	586	86
20200216	山东	52	651377	19513	906	189
20200216	山西	19	351644	9635	432	63
20200216	广东	79	395722	22054	932	323
20200216	广西	63	273945	14331	831	123
20200216	新疆	7	141094	9809	625	153
20200216	江苏	41	1770407	56057	853	242
20200216	江西	38	146327	4369	340	64
20200216	河北	88	33902	1099	98	10
20200216	河南	74	789400	6632	345	217
20200216	浙江	12	189256	10258	714	76
20200216	海南	16	20179	977	82	39
20200216	湖北	37	23719308	1047468	35016	3615
20200216	湖南	45	520514	20833	1178	153
20200216	甘肃	49	252415	7756	413	90
20200216	福建	14	990074	247824	2931	295
20200216	西藏	1	124	3	0	0
20200216	贵州	80	902526	35584	1765	337
20200216	辽宁	14	512761	49634	1243	142
20200216	重庆	6	7385	173	13	3
20200216	陕西	14	12782	513	32	1
20200216	青海	2	29302	1456	20	25
20200216	黑龙江	19	54697	3203	144	25
20200217		2	63916	694	44	9
20200217	上海	3	4305	124	4	0
20200217	云南	35	296440	11746	723	150
20200217	内蒙古	35	650748	45925	1482	275
20200217	北京	12	10295532	799498	20280	3769
20200217	吉林	5	20253	493	111	4
20200217	四川	16	64379	2525	170	24
20200217	天津	3	61844	958	53	75
20200217	宁夏	1	18912	52	2	2
20200217	安徽	9	67135	743	37	5
20200217	山东	45	385031	7892	383	100
20200217	山西	49	915410	28587	2274	502
20200217	广东	37	476995	37884	1740	203
20200217	广西	72	253192	3993	460	129
20200217	新疆	2	92	12	0	0
20200217	江苏	20	185100	6434	182	29
20200217	江西	30	206468	5306	508	79
20200217	河北	12	42437	1729	48	46
20200217	河南	36	316357	5935	425	47
20200217	浙江	11	1759997	117563	24046	1071
20200217	海南	7	2925	115	5	9
20200217	湖北	30	158031	5697	426	58
20200217	湖南	33	1623078	50484	707	381
20200217	甘肃	36	472076	20810	868	254
20200217	福建	14	771287	38432	3579	834
20200217	西藏	4	79256	2752	257	10
20200217	贵州	40	294651	8172	563	131
20200217	辽宁	61	1381029	43544	2449	394
20200217	重庆	14	7453	230	18	5
20200217	陕西	13	547013	10125	746	87
20200217	青海	1	10218	175	4	8
20200217	黑龙江	20	30320	1259	175	19
20200218		2	62283	894	40	5
20200218	上海	2	491	16	3	0
20200218	云南	86	800858	38048	2002	421
20200218	内蒙古	14	9033	774	212	13
20200218	北京	8	251527	7029	158	37
20200218	吉林	13	80678	2304	250	110
20200218	四川	16	76670	6297	457	107
20200218	天津	3	238	11	2	0
20200218	安徽	13	57069	1330	81	6
20200218	山东	39	221833	5709	268	113
20200218	山西	18	2245964	56759	17634	725
20200218	广东	43	153681	6488	161	46
20200218	广西	47	371197	14110	1356	271
20200218	新疆	3	8276	268	11	11
20200218	江苏	26	175281	6680	289	75
20200218	江西	15	810591	5928	310	241
20200218	河北	9	28140	460	31	22
20200218	河南	36	253237	16872	606	66
20200218	浙江	5	607512	34313	5124	253
20200218	海南	12	132347	6663	480	99
20200218	湖北	39	229415	9310	1099	64
20200218	湖南	13	55032	1740	148	27
20200218	甘肃	15	737911	24167	1265	184
20200218	福建	13	458097	18408	1110	184
20200218	西藏	1	35947	1083	74	6
20200218	贵州	31	466538	28718	928	125
20200218	辽宁	25	20805	1134	147	40
20200218	重庆	16	191577	11163	348	59
20200218	陕西	23	145274	5766	408	36
20200218	青海	1	969	8	0	0
20200218	黑龙江	9	3575	106	11	3
20200219		1	5003	437	3	3
20200219	上海	7	284548	703	25	26
20200219	云南	157	2209126	90178	5880	1643
20200219	内蒙古	14	1411743	55097	911	94
20200219	北京	17	2721804	77465	1714	303
20200219	吉林	14	50999	2018	249	160
20200219	四川	18	40920	2461	201	55
20200219	宁夏	4	8171	464	24	0
20200219	安徽	19	128576	3744	313	92
20200219	山东	44	115286	5181	383	62
20200219	山西	17	2464536	86605	8859	2256
20200219	广东	61	951280	34989	2254	513
20200219	广西	153	1305199	51242	3536	1244
20200219	新疆	2	757	19	3	0
20200219	江苏	50	1998366	86696	7905	2690
20200219	江西	13	127957	6632	699	60
20200219	河北	6	20015	409	38	1
20200219	河南	34	1607426	60523	1738	439
20200219	浙江	30	2434262	136723	29916	5592
20200219	海南	24	746443	26315	1269	346
20200219	湖北	39	805785	46414	2142	244
20200219	湖南	36	665150	20934	975	193
20200219	甘肃	32	378591	26837	580	255
20200219	福建	20	315395	13374	656	195
20200219	贵州	22	9984325	297323	16076	2847
20200219	辽宁	19	3465	197	12	0
20200219	重庆	44	42255	2195	157	49
20200219	陕西	23	120443	5245	467	48
20200219	青海	2	656	41	0	0
20200219	黑龙江	63	169290	5968	382	113
20200220		3	38425	534	10	32
20200220	上海	14	9785	491	120	12
20200220	云南	182	776938	28710	1675	400
20200220	京畿道	1	1771	40	1	2
20200220	内蒙古	25	178849	4334	215	29
20200220	北京	16	2615264	40544	9293	981
20200220	吉林	14	105161	3694	361	138
20200220	四川	22	215360	12514	605	130
20200220	天津	15	59285	3086	245	31
20200220	宁夏	5	2003	91	9	5
20200220	安徽	25	1020478	68139	5816	550
20200220	山东	89	1671994	76836	28351	191
20200220	山西	21	221015	6378	406	81
20200220	广东	63	461302	19954	1297	338
20200220	广西	49	129623	4620	501	86
20200220	新疆	4	5582	153	8	12
20200220	江苏	176	677885	25110	1871	583
20200220	江西	23	1332678	29301	1299	242
20200220	河北	27	1328582	21711	2704	292
20200220	河南	93	260055	7557	585	150
20200220	浙江	15	1206516	26015	1913	394
20200220	海南	16	863418	14328	807	123
20200220	湖北	25	297622	3798	394	24
20200220	湖南	29	503308	18903	1124	350
20200220	甘肃	8	178091	7329	386	101
20200220	福建	58	588728	15251	1076	187
20200220	贵州	42	342660	12571	1519	127
20200220	辽宁	66	724919	39562	2592	551
20200220	重庆	56	469509	44724	1753	252
20200220	陕西	10	19548	212	1	6
20200220	黑龙江	79	109534	3965	486	186
20200221		1	0	0	0	0
20200221	Central Singapore Community Development Council	1	1	0	0	0
20200221	上海	76	25376	1749	347	633
20200221	云南	85	216954	9662	692	91
20200221	京畿道	2	2621	54	1	0
20200221	内蒙古	36	340331	14499	613	144
20200221	北京	79	16578	831	32	14
20200221	吉林	30	62936	1909	235	75
20200221	四川	78	81226	2739	262	81
20200221	天津	123	3552	76	9	8
20200221	宁夏	11	65515	3082	81	14
20200221	安徽	120	213518	7660	483	79
20200221	山东	109	544219	30699	1014	103
20200221	山西	26	123444	3875	512	74
20200221	广东	136	698766	18101	1327	324
20200221	广西	80	732311	36001	2603	307
20200221	新疆	9	897	41	1	0
20200221	江苏	39	435204	15016	964	336
20200221	江西	21	13696	438	49	8
20200221	河北	76	447565	9218	707	170
20200221	河南	494	2286487	81176	5034	1150
20200221	浙江	27	37878	3223	772	109
20200221	海南	31	835325	26503	1373	358
20200221	湖北	35	219922	6655	816	78
20200221	湖南	71	2470230	82110	3628	556
20200221	甘肃	10	12890	354	15	10
20200221	福建	47	1325886	83584	4464	400
20200221	西藏	2	3289	64	4	1
20200221	贵州	41	4127096	203812	7005	634
20200221	辽宁	35	132389	5747	484	81
20200221	重庆	40	65607	4823	285	44
20200221	陕西	34	4691	235	35	9
20200221	青海	1	366	31	4	3
20200221	黑龙江	14	10448	403	53	10
20200222		1	17856	325	19	1
20200222	上海	12	15296	429	13	2
20200222	云南	47	398133	13399	920	275
20200222	内蒙古	13	3380	97	8	2
20200222	北京	16	3144487	119467	2651	467
20200222	吉林	16	3602	87	2	1
20200222	四川	93	227796	6604	554	110
20200222	天津	16	10341	304	36	17
20200222	宁夏	3	40816	4841	197	28
20200222	安徽	43	200399	4325	284	107
20200222	山东	53	605081	9778	628	228
20200222	山西	9	77147	2363	124	50
20200222	广东	72	338419	6866	479	347
20200222	广西	77	437153	15303	918	180
20200222	新疆	9	4156	176	30	7
20200222	江苏	45	297470	32080	801	127
20200222	江西	14	139230	6486	303	84
20200222	河北	42	182199	7970	398	67
20200222	河南	27	53777	1102	190	43
20200222	浙江	16	97170	6418	1522	254
20200222	海南	19	176528	2288	145	35
20200222	湖北	51	341598	6621	787	90
20200222	湖南	100	1314291	39814	1289	287
20200222	甘肃	14	135062	7696	406	89
20200222	福建	31	257828	11543	1037	295
20200222	贵州	33	636531	22904	1125	109
20200222	辽宁	22	21754	572	56	5
20200222	重庆	18	57554	1413	102	27
20200222	陕西	34	351801	5984	385	57
20200222	黑龙江	12	44923	1732	138	31
20200223	上海	1	478	17	1	0
20200223	云南	17	234919	9076	660	96
20200223	内蒙古	3	29808	467	26	11
20200223	北京	7	2445337	79237	1210	193
20200223	吉林	4	9135	517	8	10
20200223	四川	33	492696	32031	2020	300
20200223	安徽	13	90110	805	44	6
20200223	山东	42	358978	7705	357	82
20200223	山西	12	20684	1046	106	30
20200223	广东	42	475496	13644	395	118
20200223	广西	39	283733	11140	873	103
20200223	新疆	3	1721	53	4	1
20200223	江苏	16	15720	324	29	4
20200223	江西	11	43014	1048	42	10
20200223	河北	28	341373	5506	195	38
20200223	河南	18	162948	3923	157	22
20200223	浙江	5	315	27	0	1
20200223	海南	3	2254	28	4	1
20200223	湖北	30	275838	5216	649	83
20200223	湖南	12	44768	1072	50	4
20200223	甘肃	1	1793	104	7	1
20200223	福建	10	76879	3367	119	47
20200223	西藏	2	10	1	0	1
20200223	贵州	17	88090	4281	405	35
20200223	辽宁	7	511597	19356	199	25
20200223	重庆	4	2412	107	8	3
20200223	陕西	5	23491	278	10	1
20200223	青海	1	120	3	0	0
20200223	黑龙江	49	690440	24071	1794	488
20200224		4	26468	659	49	19
20200224	上海	7	4031	171	34	13
20200224	云南	19	3057414	80782	2631	474
20200224	内蒙古	2	28623	2123	116	40
20200224	北京	7	18045	845	56	5
20200224	吉林	3	10510	365	5	0
20200224	四川	31	807988	30043	1664	503
20200224	天津	1	99	2	0	0
20200224	安徽	7	88194	2756	105	8
20200224	山东	62	1463001	47820	3759	525
20200224	山西	3	35680	2200	158	25
20200224	广东	28	315354	9246	520	327
20200224	广西	19	174518	10572	686	108
20200224	新疆	3	7963	274	11	2
20200224	江苏	36	958513	33711	3246	588
20200224	江西	4	515379	10298	772	301
20200224	河北	9	4070	122	16	2
20200224	河南	12	1308695	72351	1087	96
20200224	浙江	7	1416	151	3	0
20200224	海南	10	11332	446	102	2
20200224	湖北	24	366060	5267	690	62
20200224	湖南	7	43732	1615	80	9
20200224	甘肃	1	4	0	0	0
20200224	福建	6	35040	1460	91	40
20200224	贵州	7	15651	374	8	12
20200224	辽宁	18	174425	2986	104	58
20200224	重庆	5	25087	1305	136	17
20200224	陕西	3	1274	76	3	0
20200224	黑龙江	11	2090	72	5	0
20200225		4	8680	131	4	1
20200225	National Capital Region	1	3	1	0	0
20200225	上海	10	388078	12644	433	64
20200225	云南	10	60326	1375	93	24
20200225	内蒙古	1	12	0	0	0
20200225	北京	5	63098	3985	391	7
20200225	吉林	2	1356767	33417	1210	124
20200225	四川	25	492156	14008	1372	145
20200225	宁夏	1	2129	41	1	0
20200225	安徽	4	86281	5267	631	82
20200225	山东	41	1459455	73066	1983	348
20200225	山西	8	26431	1086	66	16
20200225	广东	39	232372	24215	428	131
20200225	广西	30	138606	6339	318	109
20200225	新疆	2	54	10	0	0
20200225	江苏	14	669966	33797	1530	630
20200225	江西	2	386	13	5	2
20200225	河北	12	948680	3484	136	17
20200225	河南	9	23552	517	62	115
20200225	海南	2	6856	1079	10	1
20200225	湖北	39	181253	3663	937	77
20200225	湖南	15	7752746	213420	5694	3380
20200225	甘肃	4	687	25	1	1
20200225	福建	8	20711	679	79	12
20200225	贵州	19	1563193	45156	1587	196
20200225	辽宁	10	30516	2109	221	13
20200225	重庆	20	50938	2311	258	157
20200225	陕西	6	36767	1238	38	1
20200225	黑龙江	12	22130	122	11	7
20200226		1	9	1	0	0
20200226	上海	6	858	14	1	3
20200226	云南	23	573662	14130	799	117
20200226	内蒙古	3	41675	174	9	7
20200226	北京	14	494338	12952	979	65
20200226	吉林	3	1487	12	0	2
20200226	四川	25	69890	3046	291	115
20200226	天津	2	4754	32	17	0
20200226	安徽	4	95	2	0	0
20200226	山东	29	1135810	53587	929	111
20200226	山西	5	1287	16	2	0
20200226	广东	35	434052	13660	648	115
20200226	广西	25	220779	14956	796	70
20200226	江苏	22	260469	11303	779	168
20200226	江西	13	48762	2613	252	117
20200226	河北	6	59174	1756	154	87
20200226	河南	10	413633	6672	297	136
20200226	浙江	4	932442	12944	314	86
20200226	海南	6	64656	2008	77	9
20200226	湖北	28	78144	1701	388	19
20200226	湖南	18	168922	5663	498	165
20200226	甘肃	1	546	25	4	0
20200226	福建	2	29342	1142	36	7
20200226	贵州	4	23554	444	36	4
20200226	辽宁	14	3220	298	16	0
20200226	重庆	8	15675	564	61	28
20200226	陕西	2	959	36	5	4
20200226	黑龙江	3	14121	721	44	24
20200227		1	401	16	2	0
20200227	上海	7	8238	1415	15	5
20200227	云南	9	22690	418	26	8
20200227	内蒙古	2	17558	161	19	1
20200227	北京	1	3	0	0	0
20200227	吉林	2	22188	2402	31	2
20200227	四川	12	46180	2611	177	14
20200227	宁夏	5	1029686	44239	3444	997
20200227	安徽	8	6103	253	6	5
20200227	山东	16	107498	2201	123	28
20200227	山西	14	92976	4883	141	42
20200227	广东	23	30261	717	33	29
20200227	广西	10	28012	1154	117	17
20200227	新疆	5	98	5	0	0
20200227	江苏	15	82868	3814	322	67
20200227	江西	6	49730	919	83	32
20200227	河北	12	30560	1130	102	11
20200227	河南	10	371355	5222	873	28
20200227	浙江	7	69449	2765	467	48
20200227	海南	2	4543	138	6	2
20200227	湖北	22	61764	1879	184	9
20200227	湖南	25	186225	5748	351	77
20200227	福建	7	3764	152	20	80
20200227	贵州	21	16793	779	45	13
20200227	辽宁	7	1460	91	7	1
20200227	重庆	2	1580	87	8	3
20200227	陕西	5	19285	1139	72	6
20200227	黑龙江	4	141133	22923	713	44
20200228	上海	3	5866	107	26	6
20200228	云南	28	1022227	27887	1409	130
20200228	内蒙古	4	15340	189	10	1
20200228	北京	7	5795	474	32	7
20200228	吉林	1	11554	480	26	2
20200228	四川	5	76008	4338	375	102
20200228	天津	1	334	13	1	0
20200228	安徽	18	72143	813	38	4
20200228	山东	15	2305211	192858	4533	507
20200228	山西	11	18916	481	17	8
20200228	广东	39	290858	7329	599	94
20200228	广西	34	249564	8337	881	135
20200228	新疆	1	420	4	0	0
20200228	江苏	8	14944	268	16	6
20200228	江西	7	688797	13809	203	157
20200228	河北	8	6574	195	5	4
20200228	河南	8	301769	4476	424	59
20200228	浙江	6	6516	106	10	8
20200228	海南	7	135508	1585	85	37
20200228	湖北	25	696826	13145	503	232
20200228	湖南	11	3829347	42546	1383	418
20200228	福建	4	39465	1984	144	6
20200228	贵州	3	24686	527	20	5
20200228	辽宁	11	13260	356	39	17
20200228	重庆	33	596161	19785	2155	402
20200228	陕西	4	1780	118	7	2
20200228	黑龙江	1	230	17	0	0
20200229	上海	2	10483	282	31	1
20200229	云南	27	2572318	42685	1820	624
20200229	内蒙古	5	1614	64	11	3
20200229	北京	6	215064	4391	121	22
20200229	吉林	1	197	5	0	0
20200229	四川	6	35074	3388	139	15
20200229	天津	1	11497	1308	10	0
20200229	宁夏	1	10489	99	7	1
20200229	安徽	4	1503	120	14	1
20200229	山东	14	76393	2538	124	40
20200229	山西	5	44570	385	18	5
20200229	广东	24	164044	6727	341	58
20200229	广西	8	14573	1522	46	3
20200229	江苏	10	574683	5298	1139	58
20200229	江西	8	330026	16714	1098	361
20200229	河北	3	8406	142	8	3
20200229	河南	10	876	62	6	1
20200229	浙江	11	58451	5202	1145	140
20200229	海南	7	31418	1284	45	15
20200229	湖北	19	62235	1659	130	24
20200229	湖南	5	56086	1375	58	14
20200229	甘肃	7	15168	369	14	21
20200229	福建	2	55415	1201	38	17
20200229	西藏	1	311	7	0	1
20200229	贵州	3	41975	928	336	6
20200229	辽宁	6	212334	3091	146	42
20200229	重庆	9	1233	133	10	0
20200229	陕西	2	20245	1071	94	6
20200229	黑龙江	10	18926	961	108	6
20200301	State of New South Wales	1	450	40	0	0
20200301	上海	1	26	2	0	0
20200301	云南	12	226479	2375	106	20
20200301	内蒙古	2	1021	14	5	1
20200301	北京	2	624600	16788	326	57
20200301	四川	1	604	20	2	2
20200301	安徽	8	54891	2373	293	10
20200301	山东	5	115877	3019	174	34
20200301	山西	4	1472	42	2	1
20200301	广东	23	1013882	31984	744	104
20200301	广西	8	26371	767	44	7
20200301	新疆	2	5	0	0	0
20200301	江苏	2	253	18	11	0
20200301	江西	9	128699	4442	207	59
20200301	河北	15	162769	7292	715	55
20200301	河南	6	2191	89	7	0
20200301	浙江	2	210392	1872	36	4
20200301	海南	1	387	8	0	1
20200301	湖北	20	163609	6021	223	17
20200301	湖南	12	98075	3200	759	23
20200301	福建	3	11377	38	1	1
20200301	贵州	5	474	60	2	0
20200301	辽宁	12	1622	131	3	3
20200301	重庆	3	492	40	7	0
20200301	陕西	2	191	14	0	0
20200301	黑龙江	7	32750	533	22	9
20200302	上海	4	1886	17	0	0
20200302	云南	7	24602	432	23	10
20200302	内蒙古	5	20093	554	26	3
20200302	北京	4	42595	397	34	5
20200302	吉林	1	45	7	1	0
20200302	四川	10	10269	326	16	1
20200302	天津	1	9821	159	2	5
20200302	安徽	4	2202	36	3	0
20200302	山东	10	267920	3036	139	29
20200302	山西	6	388833	20339	1002	113
20200302	广东	27	18394	694	71	32
20200302	广西	10	2232341	169046	7706	407
20200302	江苏	4	2656	468	84	0
20200302	江西	8	425750	3318	113	26
20200302	河北	27	792731	14360	1154	183
20200302	河南	4	57661	534	11	12
20200302	浙江	7	2217	75	7	0
20200302	海南	5	1917	197	5	0
20200302	湖北	13	19888	1864	347	13
20200302	湖南	10	4364	170	1	3
20200302	甘肃	5	13142	210	10	2
20200302	福建	1	179	8	2	0
20200302	辽宁	3	71541	3408	254	50
20200302	重庆	2	393	34	0	0
20200302	陕西	2	9	1	0	0
20200302	黑龙江	4	1601	97	6	2
20200303	上海	7	2038	16	1	0
20200303	云南	8	327452	11100	646	100
20200303	北京	9	486	26	2	0
20200303	四川	16	671506	11677	946	440
20200303	安徽	5	22224	362	64	4
20200303	山东	9	112238	2396	84	17
20200303	山西	2	9	1	0	0
20200303	广东	28	281962	9946	516	119
20200303	广西	9	100657	4141	143	11
20200303	新疆	1	4685	237	12	9
20200303	江苏	4	13937	832	40	0
20200303	江西	7	29338	217	19	10
20200303	河北	17	664792	12054	552	123
20200303	河南	5	48432	809	85	34
20200303	海南	1	21	2	1	0
20200303	湖北	19	2168654	117243	3917	747
20200303	湖南	1	7462	488	35	5
20200303	甘肃	1	84	0	0	0
20200303	福建	2	47633	2254	138	16
20200303	西藏	3	8584	264	16	4
20200303	贵州	4	3091	110	14	3
20200303	辽宁	3	23253	615	29	3
20200303	重庆	4	562	38	3	0
20200303	黑龙江	9	26542	408	7	8
20200304	Vientiane Prefecture	1	679	19	1	0
20200304	云南	5	70150	1737	97	11
20200304	北京	6	374591	33034	1312	326
20200304	四川	14	123156	19860	117	21
20200304	天津	3	421	16	1	4
20200304	宁夏	1	5	1	0	0
20200304	安徽	1	2280	41	4	1
20200304	山东	5	232178	3131	94	19
20200304	山西	3	21946	254	14	20
20200304	广东	36	89596	2647	413	119
20200304	广西	7	61700	1720	91	11
20200304	新疆	2	92	3	1	0
20200304	江苏	7	1309	46	0	3
20200304	江西	11	188329	7280	203	37
20200304	河北	9	91471	8571	154	23
20200304	河南	4	25829	994	137	12
20200304	浙江	4	4886	121	4	0
20200304	海南	5	2664	208	3	0
20200304	湖北	19	80229	2729	366	60
20200304	湖南	9	41263	3272	225	18
20200304	甘肃	4	12077	260	19	6
20200304	西藏	1	639	26	2	0
20200304	贵州	1	4149	69	2	0
20200304	辽宁	4	112	20	0	1
20200304	重庆	3	27906	650	61	9
20200304	陕西	3	2392	103	16	3
20200304	黑龙江	6	12643	415	23	6
20200305		2	22791	306	10	18
20200305	上海	2	10708	1038	84	1
20200305	云南	5	9034	87	3	2
20200305	内蒙古	3	256380	10468	620	43
20200305	北京	4	5334	416	26	7
20200305	四川	4	15814	276	34	11
20200305	天津	1	144	0	0	0
20200305	宁夏	1	1	0	0	0
20200305	安徽	6	432	53	5	1
20200305	山东	5	511801	9926	420	20
20200305	山西	5	519	3	0	0
20200305	广东	28	10543	515	36	21
20200305	广西	8	17043	494	37	17
20200305	江苏	9	21973	629	43	12
20200305	江西	6	31585	1613	18	6
20200305	河北	6	11287	326	40	16
20200305	河南	3	8657	256	21	1
20200305	浙江	4	1018	123	6	2
20200305	海南	5	12903	901	29	0
20200305	湖北	15	29868	1703	107	1
20200305	湖南	10	81858	2598	82	27
20200305	福建	1	1635	34	9	0
20200305	贵州	6	135877	9736	351	216
20200305	重庆	2	2680	48	2	0
20200305	陕西	1	3193	56	1	0
20200305	黑龙江	3	13436	324	17	22
20200306	Yangon Region	1	13	0	0	0
20200306	云南	13	5602460	345643	10571	2826
20200306	内蒙古	4	648353	73312	4132	472
20200306	北京	11	86668	2020	130	58
20200306	吉林	1	45	2	0	0
20200306	天津	1	924	26	4	0
20200306	安徽	2	2413	19	3	0
20200306	山东	9	100658	2948	80	17
20200306	山西	2	369861	949	24	21
20200306	广东	14	1749145	29953	6431	91
20200306	广西	21	170505	5727	537	119
20200306	江苏	10	784445	8486	395	54
20200306	江西	2	3235	205	20	1
20200306	河北	2	360	14	0	0
20200306	河南	7	61802	1605	118	18
20200306	浙江	2	724	12	0	0
20200306	海南	10	434478	7794	746	42
20200306	湖北	12	17159	507	70	8
20200306	湖南	11	216013	7196	252	24
20200306	甘肃	3	736	57	5	0
20200306	福建	3	168077	2867	113	44
20200306	贵州	3	3934	314	54	1
20200306	辽宁	2	7846	73	11	6
20200306	重庆	1	2	0	0	0
20200306	陕西	3	216582	2456	74	11
20200306	黑龙江	4	1333	21	5	0
20200307	上海	3	3825	168	9	1
20200307	云南	2	54006	6363	222	12
20200307	内蒙古	6	79022	3491	168	16
20200307	北京	2	1996	129	4	0
20200307	吉林	2	16082	281	14	0
20200307	四川	2	930	112	6	2
20200307	安徽	2	16962	248	13	10
20200307	山东	6	2968	123	7	0
20200307	山西	5	26145	1054	96	19
20200307	广东	20	97857	3163	62	139
20200307	广西	9	189383	6214	362	14
20200307	新疆	1	11	2	1	0
20200307	江苏	7	373001	32967	687	123
20200307	江西	4	2363	150	2	1
20200307	河北	3	24506	426	30	3
20200307	河南	4	829	69	3	0
20200307	浙江	3	17790600	1169688	166557	24681
20200307	海南	3	1963	95	2	0
20200307	湖北	9	64104	1603	105	26
20200307	湖南	4	160264	5268	89	25
20200307	甘肃	1	129	3	0	0
20200307	福建	3	39425	488	13	8
20200307	贵州	4	1293	98	16	5
20200307	辽宁	10	391929	1295	22	18
20200307	陕西	2	900	76	6	2
20200307	黑龙江	2	1458	103	17	15
20200308		2	1156	71	1	1
20200308	Yangon Region	1	49	0	0	0
20200308	云南	9	57426	2978	103	3
20200308	内蒙古	6	53373	808	52	8
20200308	北京	7	98108	2022	75	29
20200308	吉林	2	60	5	1	0
20200308	四川	4	5448	158	5	0
20200308	天津	2	77	6	1	0
20200308	安徽	7	9178	304	3	1
20200308	山东	13	10329	322	28	4
20200308	山西	2	24745	781	58	17
20200308	广东	19	361749	6191	262	21
20200308	广西	11	15726	491	17	4
20200308	新疆	1	60	3	0	0
20200308	曼德勒	1	130	10	0	0
20200308	江苏	20	113251	4969	247	48
20200308	江西	5	250821	5595	561	325
20200308	河北	7	2763	323	5	0
20200308	河南	5	41619	1344	49	9
20200308	浙江	10	247434	2689	274	17
20200308	海南	4	94771	4485	312	32
20200308	湖北	29	76472	2111	227	18
20200308	湖南	10	35279	1342	45	7
20200308	甘肃	1	7	1	0	0
20200308	福建	6	2027	173	20	1
20200308	贵州	6	25604	933	48	12
20200308	辽宁	7	813	62	11	0
20200308	重庆	9	8512	237	17	9
20200308	陕西	1	162	9	2	0
20200308	香川县	3	300	17	0	0
20200308	黑龙江	14	156250	18928	964	54
20200309	云南	2	7423	174	19	5
20200309	内蒙古	3	1664	128	8	0
20200309	北京	6	6482	300	31	9
20200309	吉林	3	34880	2593	124	17
20200309	天津	2	7	2	0	0
20200309	宁夏	1	5	1	0	0
20200309	安徽	4	2922	133	8	2
20200309	山东	4	16977	430	28	8
20200309	山西	3	83	4	0	0
20200309	广东	9	106352	622	69	16
20200309	广西	24	1133358	48409	2361	334
20200309	新疆	1	93	8	0	0
20200309	江苏	4	86526	867	31	13
20200309	江西	4	1373	112	8	3
20200309	河北	1	11	1	0	0
20200309	河南	1	814	15	0	0
20200309	浙江	3	6980	200	30	1
20200309	海南	1	1148	17	5	0
20200309	湖北	24	33160	1569	232	35
20200309	湖南	3	2450	61	7	0
20200309	西藏	1	639	7	0	0
20200309	辽宁	1	6853	208	10	4
20200309	重庆	2	157442	4398	209	57
20200309	陕西	14	17842	663	43	5
20200309	黑龙江	9	4659	143	12	6
20200310	云南	1	727	28	11	0
20200310	北京	1	645	57	2	0
20200310	四川	5	2601	156	52	0
20200310	安徽	16	100765	1063	28	10
20200310	山东	4	564	100	1	0
20200310	山西	3	11254	336	25	11
20200310	广东	15	34843	1579	80	20
20200310	广西	13	940845	49183	4822	368
20200310	江苏	7	2977	222	20	3
20200310	江西	3	13835	289	14	1
20200310	河北	1	0	0	0	0
20200310	河南	9	10592	194	25	4
20200310	浙江	2	1519	70	4	4
20200310	海南	2	1355	94	3	1
20200310	湖北	15	97730	1826	225	3
20200310	湖南	2	11041	182	14	1
20200310	西藏	3	5750	45	1	0
20200310	贵州	3	52973	5156	149	20
20200310	辽宁	2	752026	41980	2029	464
20200310	重庆	3	580	22	0	0
20200310	陕西	3	4152	187	5	0
20200310	黑龙江	4	37077	1786	62	2
20200311		1	1452	42	5	5
20200311	云南	2	552	8	0	0
20200311	四川	4	18864	488	20	7
20200311	天津	2	2139	29	2	1
20200311	宁夏	1	967	25	3	0
20200311	安徽	3	10002	210	2	1
20200311	山东	2	9034	91	3	0
20200311	山西	1	938	32	0	0
20200311	广东	24	134508	4776	254	63
20200311	广西	14	62606	2436	193	34
20200311	新疆	1	13739	476	67	30
20200311	江苏	4	72009	1316	98	73
20200311	江西	2	62	9	0	0
20200311	河北	1	16521	405	50	6
20200311	河南	6	2006	263	60	0
20200311	浙江	3	38	3	0	0
20200311	海南	3	1365	60	6	3
20200311	湖北	12	82197	2678	104	12
20200311	湖南	2	249	3	0	0
20200311	甘肃	1	213	12	0	0
20200311	贵州	4	18199	1788	43	2
20200311	辽宁	3	26687	1931	89	13
20200311	重庆	3	979	37	2	2
20200311	陕西	2	2470	97	9	4
20200311	黑龙江	3	81	3	1	1
20200312		1	13927	569	41	2
20200312	上海	1	241	4	2	1
20200312	云南	4	1788089	11958	409	101
20200312	内蒙古	2	81313	3777	162	9
20200312	北京	5	44074	2054	92	21
20200312	吉林	1	20	2	0	0
20200312	四川	7	296378	16379	888	62
20200312	安徽	3	2441	43	10	0
20200312	山东	4	1856	40	6	1
20200312	山西	2	2869	969	82	6
20200312	广东	19	623285	21261	1523	178
20200312	广西	11	316383	9730	465	51
20200312	新疆	1	9	1	0	0
20200312	江苏	1	24455	182	9	17
20200312	江西	3	17	3	0	0
20200312	河北	3	38	4	0	0
20200312	河南	2	26389	189	6	1
20200312	浙江	1	2543	62	1	7
20200312	湖北	6	673	66	5	0
20200312	湖南	4	707	29	8	3
20200312	甘肃	2	801	37	3	0
20200312	辽宁	7	693	30	0	2
20200312	重庆	7	16402	749	43	6
20200312	陕西	1	345	73	4	0
20200312	黑龙江	3	14137	615	62	17
20200313	上海	2	6	2	0	0
20200313	内蒙古	2	52230	1058	55	36
20200313	北京	1	12	3	0	0
20200313	吉林	1	2	1	0	0
20200313	四川	11	101109	2444	96	16
20200313	天津	1	1	0	0	0
20200313	宁夏	1	242	19	2	1
20200313	安徽	3	3786	95	5	3
20200313	山东	1	16262	1599	355	3
20200313	山西	6	1570	16	1	1
20200313	广东	6	2491	236	11	6
20200313	江苏	3	1108	83	11	3
20200313	江西	1	3600	25	1	0
20200313	河南	3	386	9	4	0
20200313	浙江	3	1147	74	5	4
20200313	海南	6	99074	1791	120	41
20200313	湖北	11	2273	154	9	0
20200313	湖南	2	705	9	2	1
20200313	甘肃	1	2896	134	12	19
20200313	福建	3	699	18	0	0
20200313	贵州	3	733	6	2	0
20200313	辽宁	6	1354	176	15	7
20200313	重庆	1	0	0	0	0
20200314		1	17595	497	14	5
20200314	上海	2	106	4	2	0
20200314	云南	1	4595	162	16	7
20200314	内蒙古	2	682197	5541	238	46
20200314	北京	1	17	2	0	0
20200314	吉林	1	1541	18	0	0
20200314	四川	4	2974	94	6	0
20200314	天津	1	211	24	2	0
20200314	安徽	4	94734	1707	131	14
20200314	山东	2	37538	869	46	1
20200314	山西	2	49620	2653	217	16
20200314	广东	7	33680	959	64	12
20200314	广西	2	26063	2256	67	5
20200314	江西	1	41899	2367	107	10
20200314	河北	6	9478	45	2	0
20200314	河南	4	317232	11851	686	63
20200314	浙江	1	186	5	0	0
20200314	海南	1	118	13	0	0
20200314	湖北	12	20418	752	164	16
20200314	湖南	6	91641	463	23	7
20200314	福建	1	2053	312	10	0
20200314	贵州	1	56	15	1	1
20200314	辽宁	2	11	0	0	0
20200314	重庆	4	28	1	0	0
20200314	陕西	2	242	30	5	1
20200314	黑龙江	3	2344	104	14	6
20200315	上海	1	4	0	0	0
20200315	云南	3	9	0	0	0
20200315	内蒙古	6	20868251	981305	45385	4429
20200315	北京	2	2885	190	23	0
20200315	吉林	4	226	4	1	1
20200315	宁夏	1	15	2	0	0
20200315	安徽	1	130	4	2	1
20200315	山东	1	6	1	0	0
20200315	广东	10	226796	3495	167	25
20200315	江苏	2	482	16	3	0
20200315	江西	2	67644	674	34	5
20200315	河北	9	316647	10250	878	167
20200315	海南	4	3202	52	5	1
20200315	湖北	4	3758	155	15	4
20200315	福建	4	33846	275	16	6
20200315	贵州	1	11	0	0	0
20200315	辽宁	3	68	7	2	0
20200315	陕西	2	616	23	7	0
20200315	青海	1	3	0	0	0
