20200101	河南	1	1328	72	1	0
20200102	安徽	1	770	186	10	0
20200103	安徽	2	22	6	0	0
20200103	福建	1	61	5	0	0
20200105	浙江	1	7	1	0	2
20200106	上海	1	168	7	8	0
20200106	北京	1	1	0	0	0
20200106	安徽	2	23	3	1	0
20200106	山东	1	792	27	1	0
20200107	安徽	2	16	1	0	0
20200108	山西	1	0	0	0	0
20200109	新疆	1	2	0	0	0
20200110	安徽	3	10591	94	5	0
20200110	陕西	3	74684	469	139	0
20200111	安徽	1	12	1	0	0
20200112	安徽	1	17	1	0	0
20200112	山西	1	7926	85	6	3
20200113	安徽	2	30	6	0	0
20200113	广东	1	1	0	0	0
20200113	江西	1	2	0	0	0
20200113	陕西	1	308787	1682	368	6
20200114	山西	1	3	0	0	0
20200114	陕西	1	9	0	0	0
20200115	江苏	2	1504	96	20	0
20200116	云南	1	32	2	0	0
20200117	江苏	1	182	5	0	0
20200118	湖北	1	73	1	0	0
20200118	湖南	1	3	1	0	0
20200120	安徽	2	1107	117	8	2
20200120	山西	1	192	10	9	0
20200122	安徽	1	13	0	2	0
20200124	安徽	2	845	100	8	2
20200125	上海	1	825	48	2	0
20200125	安徽	2	8345	85	4	2
20200125	湖北	1	443	3	0	0
20200125	福建	2	264	7	0	1
20200126	福建	2	183	3	0	0
20200127	河南	1	1188	72	0	0
20200131	安徽	3	1077	63	2	1
20200131	湖北	1	87	7	1	0
20200201	山西	4	3294	106	15	1
20200201	江苏	1	49	2	1	0
20200201	河南	1	184	6	3	0
20200202	安徽	2	812	81	9	0
20200203	安徽	1	31	9	1	0
20200203	江苏	1	374	50	12	0
20200204	安徽	2	32	3	0	0
20200204	山西	2	178	5	0	0
20200204	江苏	1	195	23	0	0
20200204	贵州	1	6	0	0	0
20200204	黑龙江	1	23	2	0	1
20200205	上海	2	9539	949	68	3
20200205	河南	1	2820	59	6	2
20200205	浙江	1	1641	98	6	0
20200206	安徽	2	31	4	0	0
20200206	江苏	1	124	7	0	0
20200206	河南	2	2683	81	21	4
20200207	江苏	1	140	5	4	0
20200207	海南	2	2033	18	9	0
20200209	安徽	7	138	8	0	0
20200209	河南	1	112	5	1	0
20200210	安徽	4	110	3	0	0
20200210	山东	1	102	3	0	2
20200211	湖北	1	12	1	0	0
20200212	安徽	1	9	1	0	0
20200212	山西	1	998	14	10	1
20200212	河北	1	76	0	0	0
20200212	青海	1	287	10	0	0
20200213	安徽	3	1437	98	1	0
20200213	江苏	1	572	34	0	0
20200213	浙江	1	63186	722	119	0
20200213	海南	1	58	0	0	0
20200213	辽宁	1	0	0	0	0
20200214	安徽	1	8	1	0	0
20200214	广西	1	0	0	0	0
20200214	河南	1	10	2	0	0
20200214	湖北	1	2	0	0	0
20200215	安徽	2	205	32	3	0
20200215	河北	1	93	2	0	1
20200215	浙江	1	5	0	0	0
20200216		1	0	0	0	0
20200216	Chungcheongbuk-do	1	636	18	4	6
20200216	上海	2	72	1	1	1
20200216	云南	1	5	0	0	0
20200216	北京	3	99	5	2	0
20200216	吉林	5	49163	1521	301	41
20200216	四川	9	1947046	45593	6276	5455
20200216	宁夏	1	3	0	0	0
20200216	安徽	7	66107	948	176	110
20200216	山东	20	5893043	158517	29729	20434
20200216	山西	4	1232	24	4	0
20200216	广东	10	14848	410	20	7
20200216	广西	1	6	1	0	0
20200216	新疆	2	3	0	0	0
20200216	江苏	10	3995783	152014	21150	28780
20200216	江西	2	25732	446	39	23
20200216	河北	10	103960	992	61	34
20200216	河南	16	502289	3821	696	594
20200216	浙江	2	9494	79	6	2
20200216	海南	2	4	0	0	3
20200216	湖北	8	40022	256	105	26
20200216	湖南	4	46371	163	6	27
20200216	甘肃	1	4	0	0	0
20200216	福建	1	4	0	0	0
20200216	贵州	1	1169218	25325	3145	3911
20200216	辽宁	4	30	4	3	0
20200216	陕西	3	10821	39	6	8
20200216	青海	1	9	0	0	0
20200216	黑龙江	2	108	7	3	0
20200217		2	1994	17	1	0
20200217	Île-de-France	2	770	38	2	1
20200217	上海	5	147352	1321	184	118
20200217	云南	1	37	3	0	0
20200217	俄亥俄州	3	31228	203	8	2
20200217	内蒙古	4	75	2	0	0
20200217	北京	8	599507	9609	1012	877
20200217	吉林	4	2015254	18940	1680	2205
20200217	四川	9	2686960	28102	2777	1709
20200217	天津	3	15762	263	13	4
20200217	安徽	21	27459	320	50	6
20200217	山东	27	788631	8319	703	1941
20200217	山西	8	95145	1535	206	95
20200217	广东	12	50992	1404	184	119
20200217	广西	3	27460	150	14	25
20200217	新疆	4	526238	5632	272	207
20200217	江苏	10	53927	1027	97	1
20200217	江西	7	89534	551	116	41
20200217	河北	11	96079	1172	239	261
20200217	河南	34	2950663	19750	1737	2803
20200217	浙江	7	40817	126	14	4
20200217	海南	1	1097	13	0	0
20200217	湖北	20	232227	6026	758	134
20200217	湖南	7	100148	3796	312	151
20200217	甘肃	4	9543	179	52	0
20200217	福建	3	10475	12	0	0
20200217	贵州	2	33	2	0	0
20200217	辽宁	14	8156	30	5	1
20200217	重庆	2	5279	155	34	2
20200217	陕西	13	13213	177	15	0
20200217	黑龙江	9	42764	166	21	194
20200218	上海	6	111015	3166	307	377
20200218	云南	1	4	0	0	0
20200218	吉林	1	0	0	0	0
20200218	四川	2	11	1	0	0
20200218	天津	1	10060	95	15	11
20200218	安徽	8	22419	920	96	3
20200218	山东	10	190204	1063	152	74
20200218	广东	3	164	3	0	0
20200218	新疆	2	5439	38	6	24
20200218	江苏	7	98797	628	67	37
20200218	河北	3	1059632	22454	2552	1914
20200218	河南	11	51675	430	76	47
20200218	海南	1	1461	15	0	3
20200218	湖北	4	6631	69	9	3
20200218	湖南	1	3	0	0	2
20200218	甘肃	3	303	20	4	0
20200218	辽宁	6	474393	15869	634	41
20200218	重庆	1	18063	119	15	44
20200218	陕西	1	0	0	0	0
20200219		1	1539	51	2	0
20200219	Central Singapore Community Development Council	1	1	0	0	0
20200219	上海	4	11	1	0	0
20200219	云南	2	21	0	1	0
20200219	内蒙古	1	1	0	0	0
20200219	北京	1	1794	90	24	1
20200219	吉林	3	1587	50	12	0
20200219	四川	7	1518448	33560	2182	1246
20200219	安徽	10	380	17	1	0
20200219	山东	16	146873	3037	253	31
20200219	山西	2	6033	51	8	0
20200219	广东	2	1	0	0	0
20200219	广西	2	1	0	0	0
20200219	新疆	1	50689	137	15	3
20200219	江苏	9	97	1	7	2
20200219	江西	1	0	0	0	0
20200219	河北	4	40608	1851	70	25
20200219	河南	13	1570	156	13	0
20200219	浙江	2	10	1	2	0
20200219	湖北	3	225438	8662	779	418
20200219	湖南	2	6	0	0	0
20200219	甘肃	1	1143	130	13	0
20200219	福建	1	305465	3515	448	385
20200219	辽宁	7	23	1	0	0
20200219	重庆	3	8594	1111	25	0
20200219	陕西	7	38	3	0	0
20200219	黑龙江	1	0	0	0	0
20200220	上海	2	415	12	4	0
20200220	云南	1	24	1	0	0
20200220	天津	1	88	2	0	0
20200220	江苏	1	0	0	0	0
20200220	江西	1	1640	7	1	0
20200220	河南	1	1	0	0	0
20200220	陕西	3	26	0	0	1
20200220	黑龙江	1	2	0	0	0
20200221	吉林	1	0	0	0	0
20200221	安徽	1	20	1	0	0
20200221	山东	4	202	12	3	0
20200221	广东	1	12	1	2	0
20200221	河南	1	3	0	0	0
20200221	浙江	1	31	2	0	0
20200221	陕西	1	45457	1698	721	5
20200222	安徽	1	220	24	9	1
20200222	山东	2	884	19	0	0
20200222	广东	1	69	2	6	0
20200222	江苏	1	3	0	0	0
20200222	江西	1	8	0	0	0
20200222	湖北	1	11	2	1	0
20200222	重庆	1	40	9	0	1
20200222	黑龙江	1	21	1	0	0
20200223	上海	4	709	33	6	0
20200223	安徽	3	30	6	2	0
20200223	江苏	2	128	6	2	0
20200223	江西	1	4	0	0	0
20200223	河北	2	786	10	3	0
20200223	湖北	1	10	1	0	0
20200223	湖南	1	0	0	0	0
20200223	辽宁	1	4	0	0	1
20200223	黑龙江	1	0	0	0	0
20200224	安徽	2	263	17	0	0
20200224	新疆	1	3	1	0	0
20200224	江西	1	1	0	0	0
20200224	河南	1	2358	75	5	0
20200224	浙江	1	1	0	0	0
20200224	贵州	1	6	0	0	0
20200225	北京	1	106	8	1	0
20200225	山东	1	1063	11	13	0
20200225	山西	1	119	10	4	0
20200225	广西	1	1	0	0	0
20200225	河北	1	0	0	0	0
20200226	广西	1	112	4	0	0
20200226	湖北	1	84	2	0	0
20200226	贵州	2	229	16	8	0
20200227	山东	1	1200	12	0	3
20200227	江苏	1	239	2	0	1
20200227	河南	4	591	5	2	0
20200227	重庆	1	10189	57	0	2
20200227	陕西	1	2064	72	11	0
20200228	安徽	3	35	3	0	0
20200228	山东	2	1786	14	2	0
20200228	广西	1	52	4	1	0
20200228	河北	1	385	10	5	0
20200228	河南	2	8	2	0	0
20200229	山东	1	354	7	0	0
20200229	广东	1	123	9	5	0
20200229	江苏	1	1276	192	10	0
20200229	湖南	1	7	0	0	0
20200229	辽宁	1	0	0	0	0
20200229	重庆	1	7	1	0	0
20200301	安徽	2	19	2	0	0
20200301	河北	1	7290	4	0	0
20200301	湖南	1	24	1	1	0
20200301	辽宁	1	4	1	0	0
20200302	天津	1	7	0	0	0
20200302	江苏	1	1068	7	1	0
20200302	浙江	1	5	0	0	0
20200302	湖北	1	3	0	0	0
20200302	湖南	1	9	2	0	1
20200302	福建	1	95	8	1	0
20200302	西藏	4	273	5	0	0
20200302	重庆	1	46	6	0	0
20200303	四川	1	4	0	0	0
20200303	安徽	2	34	2	0	0
20200303	江西	1	4	1	0	0
20200303	河北	1	9	1	0	0
20200303	河南	1	127	26	0	0
20200303	海南	2	199	7	0	0
20200303	湖北	2	66	2	0	0
20200303	湖南	2	25	1	0	0
20200303	陕西	1	93	5	0	0
20200303	黑龙江	1	0	0	0	0
20200304	内蒙古	1	84	5	2	1
20200304	广东	1	55	1	0	0
20200304	江苏	1	0	0	0	0
20200304	江西	1	3	0	0	0
20200304	河北	1	40	4	2	0
20200304	河南	1	519	111	4	0
20200304	福建	1	47	13	0	1
20200305	广东	1	2	1	0	0
20200305	福建	1	186	11	2	0
20200306	Ōsaka-fu	1	7247	200	37	0
20200306	内蒙古	1	518	1	0	0
20200306	湖南	1	6	0	0	1
20200307	山东	1	17	0	0	0
20200307	广东	1	4	0	0	0
20200307	河南	1	7872	198	16	8
20200308	内蒙古	1	0	0	0	0
20200308	广西	1	3302	9	1	1
20200308	河南	3	68	2	0	0
20200308	陕西	1	12	1	1	0
20200309	天津	1	7387	24	2	4
20200310	上海	2	742	15	5	1
20200310	江苏	1	7	0	0	0
20200310	湖北	1	1	0	0	0
20200311	河北	1	1354	86	66	0
20200311	河南	1	8	0	0	0
20200311	湖南	1	4	0	0	0
20200312	山东	1	61	2	0	0
20200312	山西	1	1	0	0	0
20200312	江苏	1	9	0	0	0
20200312	河北	1	23	0	0	0
20200314	山东	1	1	0	0	0
20200314	湖南	1	118	1	1	0
20200315	上海	1	29	2	0	0
