20200102	广东	1	635	8	0	0
20200115	湖北	1	1101	16	2	0
20200116	广西	1	140	2	0	0
20200117	安徽	1	2503	30	6	0
20200119	湖北	1	3098143	21310	3138	47
20200121	北京	2	369	0	0	1
20200126	广东	1	15989	403	90	0
20200126	浙江	1	12	0	0	0
20200127	山东	1	38	1	0	0
20200127	江苏	1	1480	6	3	0
20200127	河南	1	5	1	3	0
20200128	上海	1	1129668	292371	524	118
20200128	北京	1	19	0	0	0
20200128	吉林	1	238	85	15	0
20200128	广西	1	293	4	1	0
20200128	江苏	1	28376	285	56	6
20200128	浙江	1	374	2	0	0
20200128	湖北	1	2542	21	2	0
20200128	黑龙江	1	0	0	0	0
20200129	云南	1	421	3	2	0
20200129	吉林	1	230	2	0	0
20200129	四川	1	112	4	0	0
20200129	广东	1	6423	5	0	0
20200129	江苏	2	3183	119	13	0
20200129	江西	1	223	1	0	0
20200129	河南	1	507	4	0	0
20200129	浙江	1	527	10	0	0
20200130	北京	1	1402	5	6	0
20200130	四川	1	862	12	2	0
20200130	安徽	1	967	5	0	0
20200130	山东	1	422	8	3	0
20200130	山西	3	535	11	2	2
20200130	广东	3	14284	369	12	68
20200130	广西	2	1968	36	7	0
20200130	江苏	3	790	19	4	0
20200130	江西	1	1477	45	4	0
20200130	河北	1	13	0	0	0
20200130	河南	3	1583	24	2	0
20200130	湖北	1	274	2	0	0
20200130	辽宁	1	182	4	0	0
20200130	重庆	1	1992	26	8	0
20200130	陕西	1	271	2	0	0
20200131		6	9661287	33088	1594	1812
20200131	内蒙古	1	269	2	0	0
20200131	北京	5	3048	99	14	2
20200131	吉林	1	7	0	0	0
20200131	四川	4	1023	8	3	1
20200131	安徽	3	5866	117	16	0
20200131	山东	7	4574	65	24	4
20200131	岐阜县	1	274	0	0	0
20200131	广东	8	2982	60	53	16
20200131	江苏	4	8105	509	23	2
20200131	江西	1	1856	25	2	0
20200131	河北	3	420	18	5	1
20200131	河南	3	2651	29	0	1
20200131	浙江	5	2601	36	16	1
20200131	湖北	1	312	18	2	0
20200131	福建	2	1597	4	2	2
20200131	陕西	2	1915	17	9	0
20200201		7	171344	336	19	27
20200201	上海	4	27652	301	30	51
20200201	云南	4	902	13	3	0
20200201	北京	6	1480	19	1	0
20200201	四川	2	715	3	0	0
20200201	天津	2	3707	50	6	2
20200201	安徽	8	2624	68	6	0
20200201	山东	3	1877	60	8	0
20200201	山西	7	6040	66	8	4
20200201	广东	5	5071	60	18	4
20200201	广西	1	1222	3	0	0
20200201	江苏	8	2783	41	15	2
20200201	河北	3	1416	66	10	0
20200201	河南	5	8283	163	11	8
20200201	浙江	2	1702	17	1	1
20200201	湖北	4	1380	40	3	0
20200201	福建	1	427	19	4	0
20200201	贵州	2	975	12	0	0
20200201	辽宁	2	1581	18	1	0
20200201	陕西	3	9981	42	11	3
20200202		2	4	0	0	0
20200202	上海	3	3889	93	13	12
20200202	云南	1	1194	9	2	0
20200202	内蒙古	1	11497	20	8	0
20200202	北京	17	40616	270	38	21
20200202	吉林	2	122	4	1	1
20200202	四川	5	14351	192	91	0
20200202	天津	2	10	1	0	0
20200202	安徽	6	4084	48	7	3
20200202	山东	6	1964	64	29	1
20200202	山西	2	293	2	0	0
20200202	广东	5	8689	495	10	1
20200202	广西	1	424	3	0	0
20200202	江苏	7	2542	81	5	2
20200202	江西	6	624	30	0	1
20200202	河北	9	3625	95	13	3
20200202	河南	16	19323	685	70	8
20200202	浙江	3	1523	24	2	5
20200202	湖北	8	62533	339	40	3
20200202	湖南	4	1557	19	0	0
20200202	甘肃	3	4075	62	9	0
20200202	福建	2	72279	299	74	9
20200202	辽宁	3	788	13	2	0
20200202	重庆	1	5	1	0	0
20200202	陕西	3	6221	89	12	4
20200202	青海	2	560	11	0	1
20200203		52	6401359	26792	744	1650
20200203	Île-de-France	1	65680	455	26	4
20200203	上海	20	13264	336	60	15
20200203	云南	8	4566	106	166	0
20200203	内蒙古	9	6189	75	7	5
20200203	北京	52	545820	2925	145	55
20200203	吉林	6	1950	39	9	0
20200203	四川	21	10295	222	60	6
20200203	天津	11	7464	237	45	2
20200203	宁夏	4	141693	801	40	8
20200203	安徽	24	1164539	14884	699	85
20200203	山东	41	28377	340	66	36
20200203	山西	12	71716	390	144	12
20200203	广东	47	150652	1749	162	36
20200203	广西	4	2522	70	0	0
20200203	新疆	4	8292	199	20	0
20200203	江苏	17	161139	1408	149	123
20200203	江西	9	26384	127	12	1
20200203	河北	34	26644	670	110	10
20200203	河南	33	47608	599	87	5
20200203	浙江	12	4495	67	15	1
20200203	海南	2	1420	48	3	1
20200203	湖北	19	6728	181	49	0
20200203	湖南	14	6428	138	19	3
20200203	甘肃	5	4082	91	20	0
20200203	福建	11	6925	81	14	2
20200203	贵州	6	5374	69	4	2
20200203	辽宁	19	5818	128	13	6
20200203	重庆	7	3092	166	45	0
20200203	陕西	16	8410	251	40	2
20200203	黑龙江	6	111294	251	16	2
20200204		18	3949	22	1	0
20200204	State of Victoria	1	19680	172	19	2
20200204	上海	33	2595315	109228	1792	745
20200204	云南	5	21519	170	20	1
20200204	内蒙古	11	135778	674	178	41
20200204	北京	86	4906186	26562	1381	1316
20200204	北海道	1	203	6	2	0
20200204	台湾	1	123	5	2	0
20200204	吉林	17	20487	352	122	1
20200204	四川	31	1018443	7260	242	148
20200204	天津	17	912860	18244	435	114
20200204	宁夏	4	23135	68	14	3
20200204	安徽	33	227556	1562	155	45
20200204	山东	89	1686935	20389	889	372
20200204	山西	21	320321	995	112	53
20200204	广东	87	13811349	225029	7977	5719
20200204	广西	15	28048	359	43	15
20200204	新疆	8	52300	348	74	15
20200204	江苏	69	3987211	43450	1590	472
20200204	江西	22	12594766	213491	13622	20917
20200204	河北	49	174530	2928	206	36
20200204	河南	63	209041	3401	269	79
20200204	浙江	63	2715701	34811	1566	401
20200204	海南	5	3348	64	15	0
20200204	湖北	41	1404753	21501	2054	132
20200204	湖南	29	31760	630	83	9
20200204	甘肃	20	1897142	25627	1517	1390
20200204	福建	17	280951	3806	75	57
20200204	贵州	5	13127	243	13	7
20200204	辽宁	36	77103	678	124	17
20200204	重庆	2	983	65	1	0
20200204	陕西	30	250120	3197	217	166
20200204	青海	1	775	45	10	3
20200204	香港	1	41788	182	15	14
20200204	黑龙江	27	24356305	755272	46023	24621
20200205		72	7769883	24272	954	822
20200205	București	1	2683	13	3	2
20200205	上海	38	116670	1100	246	27
20200205	云南	7	3767	47	9	0
20200205	内蒙古	14	8188	177	26	2
20200205	北京	92	14921270	167291	7764	12794
20200205	台湾	1	5560	90	0	0
20200205	吉林	18	9573	108	38	7
20200205	四川	26	2491983	61280	1709	448
20200205	天津	10	8823	204	24	13
20200205	宁夏	6	19505	199	32	3
20200205	安徽	28	303328	5653	737	191
20200205	山东	54	110472	4114	183	68
20200205	山西	34	225655	3434	333	202
20200205	广东	87	457267	7756	439	185
20200205	广西	11	2896	28	5	0
20200205	新疆	7	15088	499	51	28
20200205	江苏	56	1207724	37028	1848	842
20200205	江西	21	1620003	15148	593	318
20200205	河北	52	2262884	18288	1127	1480
20200205	河南	87	4768665	241898	3130	731
20200205	浙江	42	453960	11153	1020	145
20200205	海南	5	17495	211	22	8
20200205	湖北	31	109776	3100	313	53
20200205	湖南	27	2599657	29320	1254	1501
20200205	甘肃	6	17184	76	6	0
20200205	福建	18	195527	5509	256	27
20200205	西岸大区	1	115136	4203	335	57
20200205	贵州	6	3608	126	37	3
20200205	辽宁	28	982668	7862	723	235
20200205	重庆	6	5720	122	26	2
20200205	陕西	35	25357252	853204	26298	8195
20200205	青海	1	0	0	0	0
20200205	黑龙江	21	555929	7389	264	114
20200206		75	497827	3942	109	44
20200206	Bangkok	1	67	1	0	0
20200206	Kyoto Prefecture	1	53924	231	61	1
20200206	Provincie Zeeland	1	1202	10	1	0
20200206	Thành Phố Hải Phòng	1	256	2	0	0
20200206	上海	26	1401821	12313	461	1864
20200206	云南	6	13604	982	49	5
20200206	内蒙古	9	3640	57	34	0
20200206	加利福尼亚州	4	29247	132	37	7
20200206	北京	82	1676568	126469	3533	594
20200206	吉林	13	105734	3836	155	11
20200206	四川	27	38653	1474	262	19
20200206	天津	16	278344	5127	474	736
20200206	安徽	45	96872	1657	173	11
20200206	山东	53	97171	1941	166	86
20200206	山西	16	27837	234	44	2
20200206	广东	91	873442	11881	875	833
20200206	广西	22	168785	1211	93	16
20200206	新疆	9	18853	990	88	37
20200206	江苏	56	10586489	289356	6505	6453
20200206	江西	24	44640	798	151	14
20200206	河北	52	133606	5998	352	167
20200206	河南	97	304528	3607	571	272
20200206	浙江	31	183111	16331	300	74
20200206	海南	6	11707	72	7	0
20200206	湖北	45	702311	9436	1462	1312
20200206	湖南	35	49403481	997973	24536	51172
20200206	甘肃	15	27784	868	107	18
20200206	福建	29	181257	3553	126	26
20200206	西藏	3	2582	32	6	0
20200206	贵州	14	9428	203	22	4
20200206	辽宁	38	71875	1845	299	67
20200206	重庆	6	16020	349	51	3
20200206	陕西	40	28169	921	179	9
20200206	青海	1	11	1	0	0
20200206	香港	2	215	12	6	1
20200206	黑龙江	10	260074	3862	97	32
20200207		95	27929357	571717	15194	29965
20200207	上海	30	49339	1034	74	14
20200207	云南	5	24483	1055	34	12
20200207	内蒙古	7	1645	25	5	1
20200207	加利福尼亚州	1	222	12	0	0
20200207	北京	59	530537	5078	1212	118
20200207	吉林	19	54909	5558	90	15
20200207	四川	21	1106515	45701	1895	246
20200207	天津	13	472155	30902	193	87
20200207	宁夏	1	2006	12	4	0
20200207	安徽	23	109727	2077	115	53
20200207	山东	32	137953	6371	121	30
20200207	山西	23	26977	1214	118	17
20200207	广东	64	1125990	29116	2108	507
20200207	广西	16	14126	184	28	5
20200207	新疆	5	6052	123	41	3
20200207	江苏	35	53815	2371	164	20
20200207	江西	14	1963782	23383	310	309
20200207	河北	53	49450	584	60	17
20200207	河南	68	50423	803	132	10
20200207	浙江	38	138233	3003	153	30
20200207	海南	6	3770	88	13	2
20200207	湖北	35	39685	2210	159	39
20200207	湖南	14	626768	8655	349	772
20200207	甘肃	13	2911	96	25	5
20200207	福建	24	73479	1046	87	20
20200207	纽约州	1	4652	63	2	11
20200207	贵州	14	25352	360	32	16
20200207	辽宁	19	7754	131	31	23
20200207	重庆	10	356945	8291	304	36
20200207	陕西	27	28135	596	119	10
20200207	青海	3	892	18	10	0
20200207	香港	1	8090	24	11	6
20200207	黑龙江	4	1698	43	4	0
20200208		10	1235681	25511	1066	1745
20200208	Changwat Surat Thani	1	966	7	2	0
20200208	North East	2	816	8	0	0
20200208	Tokyo Prefecture	1	537	8	0	1
20200208	上海	21	2748831	19437	3291	3280
20200208	云南	6	5948	172	7	2
20200208	内蒙古	6	492	7	2	0
20200208	北京	47	22704466	631825	56794	1076
20200208	吉林	9	384850	11183	619	1093
20200208	四川	24	78332	1596	198	59
20200208	天津	2	287	21	8	4
20200208	宁夏	4	11263	46	17	0
20200208	安大略	1	614	7	4	0
20200208	安徽	15	24976	539	62	9
20200208	山东	42	131870	4094	266	40
20200208	山西	6	196316	4489	136	31
20200208	广东	43	126665	1211	166	23
20200208	广西	12	45928	156	28	3
20200208	新疆	5	2724	55	14	0
20200208	江苏	29	28290	667	70	6
20200208	江西	6	29098	1163	44	9
20200208	河北	30	25493	844	91	10
20200208	河南	33	53442	1180	95	6
20200208	浙江	18	162972	1545	137	37
20200208	海南	14	37426	1408	57	17
20200208	湖北	20	17941	511	101	10
20200208	湖南	13	366621	5839	135	41
20200208	甘肃	3	483	9	1	0
20200208	福建	11	11103	1252	23	2
20200208	贵州	1	18	0	0	0
20200208	辽宁	23	18276	770	118	7
20200208	重庆	8	7145	1525	39	16
20200208	陕西	11	8625	109	40	2
20200208	黑龙江	12	39861	476	92	9
20200209		14	50969	1720	139	15
20200209	National Capital Region	1	2937	19	2	0
20200209	上海	22	98428	1255	335	14
20200209	云南	6	11333	410	21	5
20200209	内蒙古	4	2436	179	11	1
20200209	北京	42	2594194	50744	2354	1785
20200209	卡纳塔克邦	1	5	1	0	0
20200209	吉林	12	16675	183	24	5
20200209	四川	17	14492	540	105	7
20200209	天津	19	69428	1515	299	58
20200209	宁夏	2	394	19	3	0
20200209	安徽	20	3055756	38644	3079	2305
20200209	山东	28	21018	614	91	8
20200209	山西	19	176504	997	561	8
20200209	广东	59	202467	2999	330	137
20200209	广西	8	8253	110	10	1
20200209	新疆	2	15109	114	10	6
20200209	江苏	40	715673	3110	492	422
20200209	江西	8	8187	110	5	1
20200209	河北	29	15894	1062	63	10
20200209	河南	41	317083	2998	260	69
20200209	浙江	21	22746	586	37	7
20200209	海南	8	19366	216	40	5
20200209	湖北	31	86912	2942	137	10
20200209	湖南	9	35254	536	55	48
20200209	甘肃	6	5773	59	24	9
20200209	福建	15	14512	242	39	13
20200209	贵州	6	21433	7402	345	12
20200209	辽宁	28	69363	424	95	46
20200209	重庆	3	2512	26	20	0
20200209	陕西	13	41135	882	53	66
20200209	黑龙江	21	56663	633	103	16
20200210		144	1402967	6412	419	173
20200210	Kalutara	1	1598	15	22	0
20200210	上海	53	199047	1244	103	54
20200210	云南	10	5132	102	23	0
20200210	内蒙古	3	331	18	7	0
20200210	北京	87	90169	1539	199	28
20200210	吉林	16	22743	998	60	1
20200210	四川	29	667654	7628	502	140
20200210	天津	8	4748	102	36	1
20200210	宁夏	1	1427	12	1	0
20200210	安徽	48	49233	1108	175	34
20200210	山东	71	58871	1601	191	53
20200210	山西	20	4418747	49325	1058	2218
20200210	广东	103	157776	6989	672	62
20200210	广西	16	12102	177	64	18
20200210	新疆	1	12	1	0	0
20200210	普罗旺斯-阿尔卑斯-蓝色海岸	2	2715	121	13	12
20200210	江苏	51	257265	16103	328	300
20200210	江西	20	9936	185	35	2
20200210	河北	42	22204	595	100	9
20200210	河南	62	134408	1328	247	10
20200210	浙江	45	19300	356	73	17
20200210	海南	8	41469	208	31	5
20200210	湖北	36	75782	1434	114	24
20200210	湖南	22	3923703	189826	2675	570
20200210	甘肃	12	239915	816	80	43
20200210	福建	18	16305	229	43	6
20200210	西藏	2	1604	12	0	0
20200210	贵州	6	3885	119	17	0
20200210	辽宁	23	109765	4413	361	212
20200210	重庆	17	14619	203	57	3
20200210	陕西	18	28793	1199	85	1
20200210	香港	2	2993	18	2	5
20200210	黑龙江	21	9759	220	60	7
20200211		91	5001511	19577	979	1870
20200211	上海	47	242680	8521	285	307
20200211	云南	5	1458	21	6	0
20200211	内蒙古	10	3341	70	13	0
20200211	北京	82	682764	21339	2990	240
20200211	吉林	13	13595	267	58	5
20200211	四川	32	31408	4230	128	17
20200211	天津	14	11745	473	23	10
20200211	宁夏	2	596	3	0	0
20200211	安徽	33	682213	3893	408	452
20200211	山东	33	129908	2915	90	44
20200211	山西	22	53562	512	146	10
20200211	广东	78	13630158	601719	11952	3590
20200211	广西	9	5349	137	13	0
20200211	新疆	4	10913	256	22	5
20200211	江苏	62	322099	12160	981	367
20200211	江西	16	8043	128	19	3
20200211	河北	53	104612	4346	113	11
20200211	河南	55	35884	859	205	7
20200211	浙江	38	259545	5936	264	432
20200211	海南	5	8620	626	28	2
20200211	湖北	23	189008	2207	124	16
20200211	湖南	21	65056	369	79	6
20200211	甘肃	8	2205	45	2	0
20200211	福建	10	6552	173	47	1
20200211	贵州	4	2810	27	3	0
20200211	辽宁	24	144489	6408	502	85
20200211	重庆	19	16429	1901	166	65
20200211	陕西	18	35219	485	119	6
20200211	黑龙江	13	3533	44	26	0
20200212		69	1515436	6283	282	213
20200212	Central Singapore Community Development Council	1	105	4	0	0
20200212	上海	35	686284	13087	210	80
20200212	云南	4	2132	17	6	1
20200212	内蒙古	7	14631	103	10	1
20200212	北京	77	1196969	32065	2602	1286
20200212	吉林	8	1889	41	4	5
20200212	四川	23	5744	143	20	14
20200212	天津	7	2698	80	25	0
20200212	宁夏	1	1854	109	13	0
20200212	安徽	26	15529	473	59	8
20200212	山东	37	28718	602	144	23
20200212	山西	16	2323326	32146	1099	255
20200212	广东	86	1277633	41479	993	350
20200212	广西	8	6201	99	16	3
20200212	新疆	4	3424	39	2	6
20200212	江苏	42	87553	2777	239	73
20200212	江西	13	10789	194	59	0
20200212	河北	33	29228	1065	388	187
20200212	河南	63	66972	695	154	56
20200212	浙江	22	23669	596	33	21
20200212	海南	3	229	5	2	2
20200212	湖北	25	16814	414	41	9
20200212	湖南	21	69317	1611	131	53
20200212	甘肃	10	27137	146	24	10
20200212	福建	19	10187	125	29	0
20200212	贵州	10	17148	119	17	0
20200212	辽宁	26	12166	211	38	2
20200212	重庆	11	8137	148	52	2
20200212	陕西	22	15100	242	39	2
20200212	青海	1	668	8	2	0
20200212	黑龙江	14	6346	99	37	17
20200213		153	1054351	3065	168	351
20200213	上海	28	264276	5922	233	102
20200213	云南	8	3355	59	13	2
20200213	内蒙古	13	7301	201	24	10
20200213	北京	48	890113	6798	356	62
20200213	吉林	7	4631	56	6	11
20200213	四川	26	20038	1512	81	10
20200213	天津	8	33237	94	6	9
20200213	宁夏	1	128	3	4	0
20200213	安徽	17	9976	156	31	2
20200213	山东	36	10444	220	45	15
20200213	山西	18	352001	1625	640	31
20200213	广东	74	2000858	30730	2548	84
20200213	广西	9	1956	59	22	0
20200213	新泽西州	1	25602	1296	51	38
20200213	新疆	4	18247	84	16	0
20200213	江苏	37	126566	3364	185	120
20200213	江西	11	25941	1086	43	5
20200213	河北	30	16125	361	87	50
20200213	河南	30	53333	553	64	11
20200213	浙江	12	16202	421	77	10
20200213	海南	2	123	1	0	0
20200213	湖北	11	92877	1507	187	37
20200213	湖南	22	57287	936	319	10
20200213	甘肃	4	2357	45	4	0
20200213	福建	5	2716	60	6	4
20200213	英格兰	2	122	4	0	0
20200213	贵州	10	7030	94	24	1
20200213	辽宁	7	16395	240	80	25
20200213	重庆	8	19224	574	46	2
20200213	陕西	11	18786	374	87	2
20200213	黑龙江	10	515100	7343	439	74
20200214		92	477173	1943	20	15
20200214	上海	43	94162	3861	124	17
20200214	云南	4	731	56	10	0
20200214	内蒙古	2	598	11	1	1
20200214	北京	53	3732197	24591	912	629
20200214	吉林	4	10557	53	13	4
20200214	四川	11	8568	156	33	5
20200214	天津	8	8992	115	24	2
20200214	宁夏	1	290	5	1	0
20200214	安徽	19	668460	9311	160	1106
20200214	密歇根州	1	20	0	1	0
20200214	山东	30	1875182	78404	2330	426
20200214	山西	9	348127	1998	653	9
20200214	广东	66	124551	2068	175	40
20200214	广西	11	522172	6833	489	61
20200214	新疆	1	1480	88	22	0
20200214	江苏	25	16212	228	53	4
20200214	江西	4	1002	26	9	3
20200214	河北	22	56628	481	53	7
20200214	河南	25	28331	556	88	10
20200214	浙江	8	10831	315	30	3
20200214	海南	4	1194	24	2	1
20200214	湖北	23	16045	277	48	7
20200214	湖南	10	8760	149	30	1
20200214	甘肃	8	19840	291	25	12
20200214	福建	8	5204	49	9	0
20200214	贵州	7	3578	147	9	2
20200214	辽宁	10	4862	252	38	3
20200214	重庆	6	927	18	4	1
20200214	陕西	18	8194	150	36	8
20200214	黑龙江	9	2665	79	30	2
20200215		45	25136	75	17	21
20200215	上海	12	50586	4438	34	5
20200215	云南	4	3057	44	3	2
20200215	内蒙古	2	2598	60	11	0
20200215	北京	23	78528	1037	115	39
20200215	吉林	6	30946	247	63	7
20200215	四川	9	16629	558	32	5
20200215	天津	2	112	3	0	2
20200215	安徽	15	17378	228	22	0
20200215	山东	24	8484	161	22	7
20200215	山西	5	2388	51	7	0
20200215	广东	51	91760	2363	113	5
20200215	广西	9	72853	4851	55	2
20200215	新疆	2	668	49	3	0
20200215	江苏	18	46358	1293	69	114
20200215	江西	3	1699	60	3	0
20200215	河北	18	635511	1763	92	45
20200215	河南	13	17827	246	81	7
20200215	浙江	11	467703	23881	1482	62
20200215	海南	3	64	2	0	0
20200215	湖北	19	9854	227	44	1
20200215	湖南	8	223399	2768	279	32
20200215	甘肃	1	8	1	0	0
20200215	福建	5	1917	27	4	0
20200215	贵州	4	931	30	7	0
20200215	辽宁	9	9548	61	28	1
20200215	重庆	4	4597	121	47	0
20200215	陕西	15	788152	12145	1007	126
20200215	黑龙江	7	2516	78	10	103
20200216		60	567	2	0	0
20200216	Tokyo Prefecture	1	2585906	71124	1219	66
20200216	上海	22	21691	2202	1774	12
20200216	云南	2	358	5	10	0
20200216	内蒙古	3	1724	16	1	0
20200216	北京	20	10211	234	19	8
20200216	吉林	6	1381	25	12	0
20200216	四川	6	69423	4497	79	35
20200216	天津	4	1285	17	13	0
20200216	宁夏	1	575	6	4	0
20200216	安徽	12	4796	117	6	3
20200216	山东	16	8683	226	42	2
20200216	山西	3	3637	79	7	0
20200216	广东	33	84125	2596	108	24
20200216	广西	4	26679	229	11	17
20200216	新疆	1	58	3	0	0
20200216	江苏	15	88743	1485	104	33
20200216	江西	2	1103	21	12	0
20200216	河北	9	3857	51	13	0
20200216	河南	16	72408	1207	104	14
20200216	浙江	12	2110	39	4	10
20200216	海南	1	213	4	0	0
20200216	湖北	7	81984	1045	89	7
20200216	湖南	2	915	18	6	0
20200216	甘肃	3	1695	25	3	0
20200216	福建	5	8000	254	28	10
20200216	英格兰	1	61	0	0	0
20200216	贵州	2	4137	428	44	4
20200216	辽宁	9	2953	195	31	3
20200216	重庆	3	800467	3550	408	97
20200216	陕西	9	2987	92	31	6
20200216	黑龙江	4	1116	18	6	0
20200217		144	1094696	5432	433	112
20200217	Auckland	1	355	10	2	0
20200217	Tokyo Prefecture	2	61468	1177	264	25
20200217	Yangon Region	1	3627	85	5	1
20200217	上海	23	687808	5274	346	92
20200217	云南	2	1113	20	9	2
20200217	内蒙古	10	163367	846	103	89
20200217	北京	49	954711	21262	1225	84
20200217	吉林	3	5401	415	32	3
20200217	四川	16	3330	62	33	1
20200217	天津	2	1809	19	4	0
20200217	宁夏	1	107	2	0	0
20200217	安徽	17	1022560	3430	231	162
20200217	山东	31	30648	648	31	15
20200217	山西	10	9445	144	30	2
20200217	广东	57	210951	1792	265	50
20200217	广西	17	9720	99	27	7
20200217	新疆	2	2515	85	31	0
20200217	江苏	16	519493	6817	501	91
20200217	江西	7	2299	43	8	1
20200217	河北	43	1093020	7328	339	331
20200217	河南	51	841109	4964	290	147
20200217	浙江	14	15346	365	67	27
20200217	湖北	36	32683	389	73	8
20200217	湖南	10	5083	162	14	3
20200217	甘肃	6	2023	23	1	2
20200217	福建	8	1936	122	29	5
20200217	贵州	5	15305	175	1	15
20200217	辽宁	15	8800	101	33	3
20200217	重庆	3	961	61	1	0
20200217	陕西	8	186777	2281	76	28
20200217	黑龙江	20	10363	188	40	7
20200218		195	654982	3369	290	38
20200218	Pulau Pinang	1	15677	452	76	5
20200218	上海	29	441699	9678	2102	211
20200218	云南	45	2639	80	15	3
20200218	内蒙古	4	76888	375	64	12
20200218	北京	48	459797	1726	151	31
20200218	吉林	3	12064	61	9	0
20200218	四川	13	18745	406	39	2
20200218	天津	11	1653	68	14	2
20200218	宁夏	2	5267	84	14	0
20200218	安徽	17	9046	158	73	3
20200218	山东	52	12133	152	28	7
20200218	山西	23	5542	117	11	1
20200218	广东	45	24807	1007	121	5
20200218	广西	8	15099	58	7	6
20200218	新疆	3	1602	23	2	5
20200218	江苏	26	9509	199	54	24
20200218	江西	22	8643	188	15	6
20200218	河北	42	7680	155	7	8
20200218	河南	38	159588	3821	176	18
20200218	浙江	8	4903	24	5	4
20200218	海南	1	242	5	0	0
20200218	湖北	21	1409688	5536	543	47
20200218	湖南	8	2959	60	3	0
20200218	甘肃	23	138056	8524	53	19
20200218	福建	8	12272	105	6	1
20200218	西藏	1	53820	819	14	4
20200218	贵州	5	2282	50	4	0
20200218	辽宁	9	1888	86	19	0
20200218	重庆	4	2800	30	4	0
20200218	陕西	16	12272	143	18	2
20200218	青海	3	74	2	0	0
20200218	黑龙江	9	2701	41	15	2
20200219		141	115589	386	30	13
20200219	上海	19	31051	588	118	5
20200219	云南	5	4617	80	8	2
20200219	内蒙古	2	1802	18	4	0
20200219	北京	41	25902	638	98	11
20200219	吉林	6	3603	80	16	3
20200219	四川	13	5126	140	38	0
20200219	天津	3	1336	44	7	4
20200219	宁夏	3	216	13	0	4
20200219	安徽	12	3061	68	18	1
20200219	山东	14	251052	14282	32	6
20200219	山西	8	1860	30	11	2
20200219	广东	53	49029	3320	414	21
20200219	广西	7	5139	169	30	0
20200219	新疆	10	8414	204	14	6
20200219	江苏	21	105169	3164	145	59
20200219	江西	12	6549	101	17	3
20200219	河北	40	11570	167	35	28
20200219	河南	37	7923	226	53	16
20200219	浙江	14	293043	19256	164	25
20200219	海南	8	2368	24	2	1
20200219	湖北	59	10108	242	38	5
20200219	湖南	17	90221	1530	486	15
20200219	甘肃	4	64	3	0	0
20200219	福建	4	41030	2533	108	33
20200219	西藏	1	634	7	0	0
20200219	贵州	2	2016	31	10	0
20200219	辽宁	10	4840	92	27	10
20200219	重庆	4	739	18	14	2
20200219	陕西	21	10502	177	55	6
20200219	黑龙江	4	1740	38	14	0
20200220		124	125455	460	39	9
20200220	上海	20	16579	863	20	6
20200220	云南	7	3457	135	1	1
20200220	内蒙古	2	721	9	3	2
20200220	北京	46	952307	18349	1929	124
20200220	吉林	8	4021	40	21	3
20200220	四川	5	8824	321	44	2
20200220	天津	2	14155	96	65	14
20200220	宁夏	1	8	0	0	0
20200220	安徽	5	1933	27	16	0
20200220	山东	17	6115	144	19	1
20200220	山西	8	28764	128	46	0
20200220	广东	38	61560	470	127	16
20200220	广西	6	1691	36	5	2
20200220	新疆	2	322	24	9	0
20200220	江苏	18	52066	657	107	5
20200220	江西	5	6241	37	5	0
20200220	河北	20	6132	129	34	3
20200220	河南	36	70759	1193	118	24
20200220	浙江	9	13921	986	34	0
20200220	海南	2	797	9	1	0
20200220	湖北	18	12014	186	37	0
20200220	湖南	6	9730	558	20	25
20200220	甘肃	4	3898	342	9	3
20200220	福建	4	12069	158	8	11
20200220	贵州	4	17404	247	23	24
20200220	辽宁	4	169883	2983	34	6
20200220	重庆	2	213	4	0	0
20200220	陕西	8	2477	64	11	2
20200220	青海	2	28	2	0	0
20200220	黑龙江	6	3365	90	29	1
20200221		118	16389	65	9	2
20200221	Chiba-ken	1	606	30	4	0
20200221	上海	22	120136	29866	384	89
20200221	云南	1	311	4	1	0
20200221	内蒙古	3	241	7	7	0
20200221	北京	36	960313	42149	551	161
20200221	吉林	5	2441	27	8	5
20200221	四川	8	1233	32	8	1
20200221	天津	8	3812	38	25	2
20200221	宁夏	3	491	14	3	0
20200221	安徽	13	5156	359	68	1
20200221	山东	16	29917	240	7	4
20200221	山西	7	1849	71	6	0
20200221	广东	25	30032	1585	132	5
20200221	广西	5	7567	44	13	4
20200221	新疆	1	249	16	4	1
20200221	江苏	21	10327	366	49	5
20200221	江西	2	247	7	0	0
20200221	河北	20	4479	43	1	1
20200221	河南	35	18124	645	51	11
20200221	浙江	8	50342	151	37	1
20200221	湖北	17	65355	964	91	9
20200221	湖南	4	2007	18	6	0
20200221	福建	5	6725	302	28	2
20200221	贵州	4	27377	574	22	8
20200221	辽宁	7	91054	1177	162	23
20200221	陕西	6	2556	47	10	0
20200221	黑龙江	3	478	1	0	0
20200222		43	118103	299	19	19
20200222	上海	18	913900	30609	957	157
20200222	内蒙古	1	137	14	0	0
20200222	北京	26	742386	13855	1392	47
20200222	四川	8	13291	128	40	2
20200222	天津	3	847	9	6	2
20200222	宁夏	1	10	0	0	2
20200222	安徽	12	2502	62	15	1
20200222	山东	6	2029	47	13	1
20200222	山西	1	68	4	0	0
20200222	广东	22	241924	11330	396	26
20200222	广西	2	1686	18	8	0
20200222	新疆	1	113	25	2	0
20200222	江苏	12	28531	2571	50	7
20200222	江西	11	1317	68	5	0
20200222	河北	8	2844	53	15	0
20200222	河南	20	67789	1219	100	18
20200222	浙江	7	41511	300	51	7
20200222	海南	1	0	0	0	0
20200222	湖北	10	14348	147	37	4
20200222	湖南	6	6776	227	2	2
20200222	福建	4	874	9	0	2
20200222	贵州	1	2	0	0	0
20200222	辽宁	1	1153	41	42	0
20200222	重庆	2	106	3	1	0
20200222	陕西	7	490	25	2	0
20200222	黑龙江	5	998	27	5	1
20200223		59	12	0	0	0
20200223	Changwat Chon Buri	1	58947	1123	81	13
20200223	上海	10	1940	76	7	3
20200223	云南	3	1287	43	0	0
20200223	内蒙古	3	2473	66	41	1
20200223	北京	20	28524	543	182	1
20200223	吉林	1	1160	32	5	0
20200223	四川	2	597	10	9	0
20200223	天津	2	779	16	3	0
20200223	安徽	8	4093	51	8	1
20200223	山东	14	8547	160	50	4
20200223	山西	15	83	3	0	1
20200223	广东	26	11053	281	37	8
20200223	广西	3	219	8	0	0
20200223	新疆	3	733	14	2	3
20200223	江苏	8	5890	227	70	0
20200223	江西	2	495	25	5	3
20200223	河北	12	8033	64	15	6
20200223	河南	13	4645	128	39	4
20200223	浙江	11	2864868	279479	3829	271
20200223	海南	1	760	11	1	1
20200223	湖北	10	1384	46	8	1
20200223	湖南	7	8140	149	64	18
20200223	福建	4	2225	22	7	4
20200223	贵州	4	2745	154	14	2
20200223	辽宁	5	7684	278	96	2
20200223	重庆	2	2641	19	12	0
20200223	陕西	5	3157	121	4	1
20200224		121	93044	275	32	7
20200224	上海	9	4004	65	19	1
20200224	云南	1	2200	25	17	0
20200224	内蒙古	2	1271	15	3	0
20200224	北京	24	34598	940	164	7
20200224	吉林	1	236	10	5	0
20200224	四川	4	380475	7652	296	531
20200224	天津	1	248	15	1	5
20200224	宁夏	2	68	0	0	1
20200224	安徽	5	1032	31	1	0
20200224	山东	16	105565	838	115	5
20200224	山西	5	1518541	21676	3659	34
20200224	广东	28	9535	177	28	14
20200224	广西	3	962	8	3	1
20200224	新疆	3	22826	163	10	1
20200224	江苏	6	2568	51	14	2
20200224	江西	4	231	17	0	0
20200224	河北	18	3759	211	25	2
20200224	河南	24	78066	1703	87	6
20200224	浙江	4	2399	18	13	0
20200224	湖北	12	77933	304	10	4
20200224	湖南	2	2346	283	85	0
20200224	甘肃	1	40	3	0	2
20200224	福建	7	1629	17	5	1
20200224	贵州	8	1409	55	8	1
20200224	辽宁	3	278964	5295	152	9
20200224	重庆	1	266	7	0	1
20200224	陕西	5	1490	22	8	0
20200224	青海	1	393	12	3	0
20200224	黑龙江	3	356	8	1	3
20200225		217	1833176	6518	418	141
20200225	上海	6	2375	85	20	1
20200225	云南	2	881	20	98	2
20200225	内蒙古	1	865	14	12	0
20200225	北京	30	196358	5296	377	35
20200225	台湾	1	310	8	0	2
20200225	吉林	1	28	5	1	0
20200225	四川	4	1326	59	11	2
20200225	天津	1	340	15	2	1
20200225	宁夏	1	2465	68	5	0
20200225	安徽	8	2070	46	8	0
20200225	山东	7	8902	132	7	6
20200225	山西	5	2891	96	18	5
20200225	广东	38	37080	245	40	11
20200225	广西	2	69	2	0	1
20200225	新疆	3	797	16	1	0
20200225	江苏	7	4681	207	15	0
20200225	江西	1	99	0	0	1
20200225	河北	10	3231	92	5	0
20200225	河南	7	2828	66	23	1
20200225	浙江	5	7002	1011	21	0
20200225	海南	2	344	6	9	1
20200225	湖北	12	6096	201	51	1
20200225	湖南	1	41623	767	12	44
20200225	甘肃	3	67720	1371	73	6
20200225	福建	5	799	26	20	3
20200225	莫斯科州	1	4	0	0	0
20200225	贵州	1	748	4	14	1
20200225	辽宁	2	502	8	0	1
20200225	重庆	2	371	11	1	0
20200225	陕西	7	6377	112	55	0
20200225	黑龙江	2	23	0	0	0
20200226		128	189329	474	19	7
20200226	上海	12	3410	119	22	1
20200226	内蒙古	1	129	5	2	0
20200226	北京	27	56599	1048	111	32
20200226	四川	5	13011	155	5	3
20200226	天津	1	3173	341	78	0
20200226	安徽	6	2427	93	29	0
20200226	山东	8	19074	148	46	13
20200226	山西	3	1419	39	14	4
20200226	广东	26	740052	13728	314	141
20200226	广西	4	2348	104	36	2
20200226	新疆	4	1842	39	8	0
20200226	江苏	7	1731	69	16	5
20200226	江西	1	6170	171	24	0
20200226	河北	6	370	7	2	1
20200226	河南	19	6821	221	71	5
20200226	浙江	7	169171	2676	365	68
20200226	海南	1	368	4	5	0
20200226	湖北	16	12878	598	122	2
20200226	湖南	3	1618	48	7	0
20200226	甘肃	2	1129	10	1	0
20200226	福建	1	10	0	0	0
20200226	贵州	2	105	3	0	0
20200226	辽宁	6	3828	100	25	0
20200226	重庆	2	1331	32	2	0
20200226	陕西	8	8057	115	21	1
20200226	黑龙江	3	2729	33	26	2
20200227		62	2209525	12230	232	61
20200227	Kanagawa	1	805	24	2	0
20200227	上海	18	11358	262	43	3
20200227	云南	1	523	5	1	0
20200227	北京	24	20351	1221	60	5
20200227	吉林	1	2972	19	0	1
20200227	四川	2	575	10	2	0
20200227	天津	3	2693	32	4	1
20200227	安徽	4	14512	118	49	3
20200227	山东	2	1552	6	1	0
20200227	山西	1	16600	182	89	0
20200227	广东	25	20748	354	122	10
20200227	广西	4	861	20	8	0
20200227	新疆	1	1	0	0	0
20200227	江苏	8	6606	264	49	1
20200227	江西	1	75	11	0	0
20200227	河北	10	12475	431	89	12
20200227	河南	5	2618	64	20	1
20200227	浙江	5	3767	68	17	3
20200227	海南	3	2	0	0	0
20200227	湖北	12	4373	281	42	1
20200227	湖南	3	10454	135	5	4
20200227	甘肃	1	233	9	5	0
20200227	福建	5	2426	163	29	1
20200227	贵州	3	780	16	1	0
20200227	辽宁	1	68	4	1	0
20200227	重庆	1	69	4	2	0
20200227	陕西	10	36201	126	30	2
20200227	青海	1	1048	12	0	0
20200227	黑龙江	3	1956	3	0	0
20200228		44	358	3	1	1
20200228	Thành Phố Hà Nội	1	476	4	3	0
20200228	上海	8	15075	1162	60	0
20200228	云南	1	1211	35	1	0
20200228	内蒙古	1	10	0	0	0
20200228	北京	25	402342	6498	881	25
20200228	吉林	2	640	9	0	0
20200228	四川	5	13150	520	12	9
20200228	天津	4	562	13	1	0
20200228	安徽	2	287	4	1	0
20200228	山东	4	2831	67	22	3
20200228	山西	3	23593	302	128	0
20200228	广东	22	2436	95	15	20
20200228	广西	4	230	8	3	0
20200228	江苏	10	69425	2777	131	13
20200228	江西	1	106	2	0	1
20200228	河北	9	2074	71	10	0
20200228	河南	3	7387	256	37	27
20200228	浙江	11	53845	1321	36	37
20200228	湖北	14	2497	88	11	1
20200228	湖南	4	16654	256	13	1
20200228	贵州	2	611	17	3	0
20200228	辽宁	1	35	3	0	0
20200228	重庆	1	110	12	6	1
20200228	陕西	7	12250	122	29	0
20200228	黑龙江	4	1417	20	4	0
20200229		25	2040	7	6	1
20200229	Thành Phố Hà Nội	1	416	2	2	0
20200229	上海	3	707	30	4	0
20200229	云南	3	201	11	0	0
20200229	内蒙古	3	546	8	1	0
20200229	北京	13	1944	50	78	8
20200229	台湾	1	112704	297	7	3
20200229	吉林	3	616	54	11	0
20200229	四川	6	11401	113	41	12
20200229	天津	1	20	1	0	0
20200229	宁夏	1	490	5	0	0
20200229	安徽	1	87	5	1	1
20200229	山东	1	2	0	0	0
20200229	山西	2	32	0	0	0
20200229	广东	16	3771	77	15	5
20200229	广西	1	40	2	0	0
20200229	新疆	1	345	8	7	0
20200229	江苏	3	1400	20	5	0
20200229	江西	1	1231	61	0	0
20200229	河北	8	2162	30	5	1
20200229	河南	9	4026	107	15	0
20200229	浙江	5	7196	86	9	1
20200229	海南	3	158	10	0	10
20200229	湖北	16	12512	214	48	2
20200229	湖南	2	1763	56	11	0
20200229	甘肃	1	401	4	0	0
20200229	福建	3	543	26	7	0
20200229	辽宁	2	183	5	1	0
20200229	重庆	1	28	5	0	0
20200229	陕西	5	1569	46	14	1
20200229	黑龙江	3	188	18	0	0
20200301		5	165	0	0	0
20200301	上海	8	15312	235	26	9
20200301	云南	3	1124	21	0	0
20200301	内蒙古	3	6348	63	20	2
20200301	北京	12	92782	2827	370	8
20200301	四川	1	191	1	1	0
20200301	安徽	3	5877	72	7	0
20200301	山东	5	2894	34	14	0
20200301	广东	8	1069	26	4	1
20200301	广西	2	149	6	2	0
20200301	新疆	1	1	0	0	0
20200301	江苏	9	2426	44	6	3
20200301	江西	3	2253	43	11	0
20200301	河北	6	978	29	2	3
20200301	河南	10	10532	479	79	4
20200301	浙江	3	4173	35	14	2
20200301	湖北	13	8605	172	38	8
20200301	湖南	4	2629	41	1	0
20200301	福建	2	1598	19	4	1
20200301	辽宁	1	846	12	0	0
20200301	重庆	3	1173	44	7	1
20200301	陕西	4	826	35	4	0
20200301	黑龙江	2	1194	27	23	0
20200302		51	187989	711	72	7
20200302	上海	6	1837	76	36	0
20200302	云南	4	872	27	5	0
20200302	内蒙古	1	14	4	0	0
20200302	北京	19	9579	183	50	13
20200302	吉林	2	394	7	0	0
20200302	四川	4	1890	110	10	0
20200302	天津	4	2194	32	4	1
20200302	安徽	3	1098	36	4	0
20200302	山东	11	5135	81	15	0
20200302	山西	5	18061	251	62	2
20200302	广东	15	23756	532	70	9
20200302	广西	2	506404	2353	229	6
20200302	新疆	4	3719	169	6	0
20200302	江苏	7	1960	152	72	17
20200302	河北	5	1940	34	16	2
20200302	河南	4	1235	11	31	0
20200302	浙江	3	336	32	3	0
20200302	湖北	15	2124	57	16	3
20200302	湖南	3	2285	24	4	0
20200302	甘肃	1	727	10	1	1
20200302	福建	4	3187	30	14	2
20200302	辽宁	1	505	10	0	0
20200302	重庆	4	208	3	0	0
20200302	陕西	5	67	2	0	0
20200302	青海	1	276	3	10	0
20200302	黑龙江	2	3789	243	47	0
20200303		10	21287	22	2	0
20200303	上海	6	1474	60	5	1
20200303	云南	1	90	2	2	0
20200303	内蒙古	1	1713	205	9	0
20200303	北京	24	3522818	69526	4142	2149
20200303	四川	4	1796	129	11	2
20200303	安徽	3	2221	87	7	1
20200303	山东	6	2089	33	8	0
20200303	山西	2	202	12	1	0
20200303	广东	18	41105	1629	145	47
20200303	广西	2	154	32	8	0
20200303	新疆	5	738	12	0	0
20200303	江苏	8	2148	56	14	3
20200303	江西	2	2465	19	1	0
20200303	河北	2	1109	28	2	0
20200303	河南	11	19896	409	27	15
20200303	浙江	7	2297	36	1	0
20200303	湖北	13	5774	147	36	0
20200303	湖南	4	4423	23	1	0
20200303	甘肃	1	0	0	0	0
20200303	福建	1	534	21	4	0
20200303	贵州	3	502	113	5	0
20200303	辽宁	5	1268	27	7	1
20200303	重庆	2	1133	18	5	0
20200303	陕西	5	4133	48	15	6
20200303	黑龙江	5	656	93	8	0
20200304		23	29905	90	14	0
20200304	上海	11	351492	11978	104	530
20200304	云南	1	317	19	5	0
20200304	内蒙古	1	1387	10	2	0
20200304	北京	17	4478	83	20	4
20200304	四川	8	4534	97	16	2
20200304	天津	1	2	0	0	0
20200304	安徽	1	88	18	1	0
20200304	山东	3	28989	928	61	34
20200304	山西	1	66	2	1	0
20200304	广东	12	23739	630	153	85
20200304	广西	1	728	8	10	0
20200304	新疆	1	1106	18	1	0
20200304	江苏	8	56323	362	70	3
20200304	江西	1	2164	31	21	0
20200304	河北	3	3402	188	6	0
20200304	河南	8	12007	805	68	0
20200304	浙江	4	36889	592	60	13
20200304	海南	1	162	11	11	0
20200304	湖北	11	6366	133	20	1
20200304	湖南	6	14117	160	12	15
20200304	甘肃	1	200	4	0	0
20200304	福建	3	947	13	4	3
20200304	贵州	4	1041	21	0	4
20200304	辽宁	3	29	0	0	0
20200304	重庆	3	4756	80	15	0
20200304	陕西	3	22937	65	24	3
20200304	黑龙江	4	6179	55	21	0
20200305		14	3075	3	2	0
20200305	上海	6	23076	628	39	7
20200305	内蒙古	4	1781	18	2	0
20200305	北京	24	4606	83	15	6
20200305	吉林	3	14925	1285	50	19
20200305	四川	3	3992	113	8	8
20200305	天津	2	3872	130	27	1
20200305	安徽	7	2537	121	9	7
20200305	山东	3	1089	29	8	0
20200305	广东	13	2185	70	8	3
20200305	广西	1	9	0	0	0
20200305	江苏	5	316	17	5	2
20200305	江西	1	1	0	0	0
20200305	河北	2	1692	48	3	0
20200305	河南	6	1335	45	4	0
20200305	浙江	6	687	13	2	3
20200305	湖北	18	10906	412	94	1
20200305	湖南	4	847	12	0	3
20200305	福建	4	49743	711	49	5
20200305	贵州	4	436	13	3	0
20200305	辽宁	1	10973	52	25	0
20200305	重庆	2	549	28	10	0
20200305	陕西	4	345	9	3	1
20200305	黑龙江	2	171	4	8	0
20200306		26	365234	786	60	84
20200306	Incheon	1	14144	122	11	0
20200306	State of New South Wales	1	77	1	0	0
20200306	Tokyo Prefecture	1	545	6	0	0
20200306	上海	11	1056	25	1	3
20200306	内蒙古	1	429	8	5	1
20200306	北京	22	74972	8493	116	12
20200306	四川	12	2845	107	10	0
20200306	天津	1	54	3	7	0
20200306	安徽	3	1454	49	4	0
20200306	山东	3	6185	139	20	0
20200306	山西	3	1913	22	5	0
20200306	广东	10	2657	140	28	2
20200306	新疆	1	126	5	0	0
20200306	江苏	5	1469	23	10	1
20200306	江西	1	825	36	23	0
20200306	河北	13	9360	555	62	2
20200306	河南	9	3132	66	13	0
20200306	浙江	5	6366	99	15	63
20200306	湖北	10	4357	140	44	12
20200306	湖南	8	2701	85	23	3
20200306	纽约州	1	10	0	0	0
20200306	贵州	5	2195	58	5	2
20200306	辽宁	4	1429	50	13	2
20200306	重庆	1	304	20	0	0
20200306	陕西	3	327	33	9	0
20200306	黑龙江	1	119	4	0	0
20200307		13	3790	5	1	0
20200307	上海	10	4038	85	18	0
20200307	云南	4	335	21	1	0
20200307	京畿道	1	470	4	2	0
20200307	内蒙古	7	2058	94	12	0
20200307	加利福尼亚州	2	42	1	0	0
20200307	北京	21	14779	211	63	5
20200307	吉林	6	36126	1153	66	34
20200307	四川	10	4517	168	32	1
20200307	天津	8	2889	59	41	1
20200307	安徽	9	2132	67	19	0
20200307	山东	12	3221	116	40	0
20200307	山西	4	1088	30	13	2
20200307	广东	19	2166	60	12	2
20200307	广西	5	1500	34	17	0
20200307	新疆	4	1652	25	1	0
20200307	江苏	21	7742	189	22	3
20200307	江西	8	836	33	3	0
20200307	河北	11	12388	166	35	0
20200307	河南	23	6204	260	28	2
20200307	浙江	8	1827	52	9	0
20200307	海南	3	1335	28	3	0
20200307	湖北	15	5413	575	51	0
20200307	湖南	7	12472	274	29	12
20200307	澳门	1	30	2	0	0
20200307	甘肃	1	207	4	1	0
20200307	福建	5	883	18	0	0
20200307	贵州	3	1142	33	2	0
20200307	辽宁	12	13484	322	36	10
20200307	重庆	6	2621	28	4	0
20200307	陕西	9	22459	521	95	1
20200307	黑龙江	8	3972	74	14	1
20200308		4	0	0	0	0
20200308	Phnom Penh	1	731	18	0	0
20200308	上海	3	4473	127	17	0
20200308	云南	1	271	39	6	0
20200308	内蒙古	1	36	1	1	0
20200308	北京	14	1861625	66427	3059	91
20200308	四川	4	469	13	4	0
20200308	天津	2	1402	13	0	0
20200308	安徽	1	51	1	0	0
20200308	山东	6	1097	71	7	1
20200308	山西	1	6	0	0	0
20200308	广东	5	1370	24	10	0
20200308	广西	2	652	12	1	0
20200308	新疆	1	68	0	1	1
20200308	江苏	3	2901	125	5	1
20200308	河北	7	1515	27	4	0
20200308	河南	4	3199	49	10	0
20200308	浙江	5	650	24	14	0
20200308	湖北	6	21718	151	30	5
20200308	湖南	4	629	31	10	1
20200308	甘肃	3	569	48	8	0
20200308	福建	2	74	6	0	0
20200308	贵州	2	464	31	5	0
20200308	重庆	2	675	16	4	3
20200308	黑龙江	5	304	12	3	0
20200309		13	588	4	0	0
20200309	上海	5	961	32	15	2
20200309	内蒙古	2	216	4	0	0
20200309	北京	16	6726	162	53	1
20200309	四川	6	2461	35	43	1
20200309	天津	2	350	7	14	0
20200309	安徽	1	554	19	8	0
20200309	山东	4	3299	99	12	0
20200309	广东	13	2903	67	6	1
20200309	广西	1	5597	105	10	0
20200309	新疆	1	2514	119	9	0
20200309	江苏	4	1359	17	5	0
20200309	江西	2	4649	16	9	0
20200309	河北	3	599	17	4	0
20200309	河南	10	6263	232	52	2
20200309	浙江	5	877	32	6	2
20200309	湖北	7	2978	66	14	1
20200309	湖南	1	262	8	1	0
20200309	福建	2	5756	46	2	0
20200309	辽宁	1	6	0	0	0
20200309	重庆	3	4227	135	15	1
20200309	黑龙江	1	7	0	0	0
20200310		24	1101417	2027	121	149
20200310	上海	9	7103	95	15	35
20200310	云南	1	720	51	0	0
20200310	北京	12	1090370	35187	1484	29
20200310	吉林	1	203	2	4	0
20200310	四川	5	2537	82	13	4
20200310	天津	2	1123	6	1	0
20200310	安徽	1	176	11	5	0
20200310	山东	3	4320	43	10	0
20200310	广东	21	5220	199	19	17
20200310	广西	1	53	1	0	0
20200310	新疆	2	172	2	0	0
20200310	江苏	2	8	0	0	1
20200310	河北	3	396	17	8	0
20200310	河南	5	11428	190	14	4
20200310	浙江	3	853	46	11	1
20200310	湖北	6	2827	59	15	1
20200310	湖南	1	113	3	0	0
20200310	辽宁	4	830	10	6	0
20200310	重庆	3	1433	28	6	0
20200310	陕西	4	1584	13	9	0
20200311		56	165595	268	14	14
20200311	National Capital Region	2	983	7	0	0
20200311	上海	8	3037	129	24	5
20200311	北京	17	27611	394	81	4
20200311	华盛顿州	1	228	34	4	0
20200311	吉林	1	414	13	0	0
20200311	四川	1	955	94	4	0
20200311	安徽	1	6	0	0	1
20200311	山东	1	290	1	5	0
20200311	广东	6	8724	165	40	11
20200311	广西	1	296	5	0	0
20200311	江苏	4	1336	37	6	0
20200311	河北	7	12784	332	26	10
20200311	河南	6	188	2	1	1
20200311	浙江	1	110	8	0	0
20200311	海南	1	25	6	0	0
20200311	湖北	7	3939	65	21	6
20200311	湖南	2	165	8	0	0
20200311	福建	3	254	1	0	0
20200311	贵州	1	3	1	0	0
20200311	辽宁	1	468	2	0	0
20200311	重庆	1	246	7	0	0
20200311	陕西	4	667	58	4	0
20200312		33	4479072	20182	1166	299
20200312	Massachusetts	1	1060	46	18	0
20200312	上海	1	20	5	2	0
20200312	北京	14	512771	8951	1118	62
20200312	四川	1	153	8	0	0
20200312	山东	1	84	2	0	0
20200312	山西	1	264	9	0	0
20200312	广东	6	11034	365	53	0
20200312	江苏	5	1047	22	10	0
20200312	江西	3	10366	91	29	0
20200312	河北	5	402	12	2	0
20200312	河南	2	578	6	4	0
20200312	浙江	1	1	0	0	0
20200312	海南	1	25	3	0	0
20200312	湖北	10	6362	183	76	4
20200312	湖南	1	5	0	0	0
20200312	贵州	4	19088	49	8	11
20200312	辽宁	1	5	1	0	0
20200312	黑龙江	1	0	0	0	0
20200313		27	688847	1881	123	14
20200313	Nouvelle-Aquitaine	1	173	5	2	0
20200313	Île-de-France	1	790	6	0	0
20200313	上海	7	878	38	3	2
20200313	京畿道	1	174	3	0	0
20200313	内蒙古	1	376	9	2	0
20200313	北京	7	2838	248	27	1
20200313	华盛顿州	1	70	9	1	0
20200313	四川	2	17	2	0	0
20200313	天津	3	276	8	6	6
20200313	安大略	1	241	11	2	1
20200313	安徽	1	798	18	0	0
20200313	山东	3	1028	47	7	0
20200313	山西	1	509	7	0	1
20200313	广东	12	3944	99	22	2
20200313	普罗旺斯-阿尔卑斯-蓝色海岸	1	18	0	0	0
20200313	江苏	4	324	10	3	0
20200313	江西	1	2505	26	4	3
20200313	河北	7	7831	143	22	1
20200313	河南	12	5877	73	18	1
20200313	浙江	1	81	5	2	0
20200313	湖北	7	16705	336	86	0
20200313	湖南	1	452	3	1	0
20200313	纽约州	1	213016	1915	830	14
20200313	重庆	1	78	1	0	0
20200313	黑龙江	14	1357	36	3	2
20200314		21	138110	320	17	13
20200314	Île-de-France	1	1914	34	7	0
20200314	云南	1	209	13	1	0
20200314	内蒙古	1	255	7	0	0
20200314	加利福尼亚州	2	251	6	0	0
20200314	北京	9	2174	40	7	0
20200314	吉林	1	3	0	0	0
20200314	四川	2	1298	45	0	0
20200314	安徽	2	138	4	1	0
20200314	山东	4	694	27	2	0
20200314	山西	3	17461	87	66	0
20200314	巴伐利亚	1	246	6	0	0
20200314	广东	9	3122	62	17	3
20200314	广西	2	574	5	0	0
20200314	新泽西州	1	877	4	2	0
20200314	江苏	6	1696	56	13	0
20200314	江西	1	208	6	2	0
20200314	河北	3	3195	166	16	0
20200314	河南	11	9735	145	27	2
20200314	浙江	1	79	0	0	0
20200314	湖北	6	1883	74	10	2
20200314	湖南	1	58	5	1	0
20200314	甘肃	1	5	1	1	0
20200314	福建	1	686	43	12	0
20200314	辽宁	2	11111	207	2	0
20200314	重庆	1	189	5	0	0
20200314	陕西	1	474	15	4	0
20200314	黑龙江	1	62	3	1	0
20200315		1	25138	650	82	10
20200315	Thành Phố Hà Nội	1	56	1	1	1
20200315	上海	2	715	14	0	0
20200315	北京	13	227805	3425	522	6
20200315	四川	1	70	2	0	0
20200315	广东	3	89	4	1	0
20200315	江苏	1	41	5	0	0
20200315	江西	1	103	2	0	0
20200315	河北	4	2033	14	2	0
20200315	河南	3	1056	41	5	0
20200315	湖北	4	1348	31	15	2
20200315	福建	1	5	1	0	0
20200315	辽宁	2	4026	30	8	0
20200315	重庆	1	24	3	1	0
20200315	青海	1	479	2	1	0
20200315	黑龙江	2	133	9	0	0
