20200101		91	57340	295	16	2
20200101	四川	1	86	1	1	0
20200101	江苏	3	3985	85	3	0
20200101	河北	2	3758	137	15	0
20200101	河南	1	488	3	0	0
20200101	海南	1	68	1	0	0
20200101	福建	1	26	0	0	0
20200101	贵州	4	218	32	2	0
20200102		172	232290	682	53	2
20200102	四川	1	536	23	0	0
20200102	新疆	1	301	9	2	0
20200102	江西	1	16	0	0	0
20200102	河南	1	903	15	3	0
20200102	浙江	1	0	0	0	0
20200102	湖南	1	661	64	4	2
20200102	福建	1	7524	34	0	1
20200102	贵州	2	702	7	0	0
20200103		299	292620	354	69	3
20200103	天津	1	805	14	0	0
20200103	山东	1	3	1	0	0
20200103	广东	3	553	7	0	0
20200103	新疆	1	247	57	4	0
20200103	江苏	1	670	33	6	0
20200103	江西	1	10352	27	11	4
20200103	河北	1	718	15	4	0
20200103	福建	1	439	6	0	0
20200103	贵州	7	2053	118	0	0
20200104		218	164810	366	10	0
20200104	内蒙古	1	2	0	1	0
20200104	四川	1	586	8	0	1
20200104	威尼托	1	526	1	0	0
20200104	巴伐利亚	1	495	8	2	0
20200104	广东	2	191	32	1	0
20200104	广西	1	94	3	1	0
20200104	新疆	1	980	18	3	0
20200104	江苏	1	237	4	0	0
20200104	江西	2	669	17	0	0
20200104	浙江	1	118	16	0	0
20200104	湖北	1	16349	62	6	2
20200104	湖南	1	39	4	5	0
20200104	福建	1	204	3	1	0
20200104	贵州	2	719	18	0	0
20200104	陕西	1	333	4	4	1
20200105		124	4075	3	5	0
20200105	云南	1	479	13	0	0
20200105	北京	1	0	0	0	0
20200105	广东	1	97	20	0	0
20200105	广西	1	45	5	0	0
20200105	江苏	1	607	31	1	2
20200105	江西	1	530	17	2	1
20200105	河北	1	69	6	2	0
20200105	湖南	2	814	50	5	0
20200105	石勒苏益格-荷尔斯泰因	3	401	2	0	1
20200105	福建	1	11	0	0	0
20200105	陕西	1	362	10	2	0
20200105	黑龙江	1	0	0	0	0
20200106		155	240929	375	37	7
20200106	北京	2	1632	25	3	0
20200106	山东	3	117	16	2	0
20200106	广东	2	20	2	0	1
20200106	江苏	3	163	27	4	0
20200106	江西	2	2182	11	1	2
20200106	河北	1	49	1	0	0
20200106	海南	1	555	3	3	0
20200106	福建	2	132	4	0	0
20200106	黑龙江	1	5	0	0	0
20200107		166	78034	185	12	1
20200107	云南	1	9	1	0	0
20200107	内蒙古	1	4034	366	34	0
20200107	北京	1	3	1	0	0
20200107	山东	4	453	37	4	0
20200107	广东	1	9	1	0	0
20200107	江苏	1	62	2	1	0
20200107	福建	1	0	0	0	0
20200107	重庆	2	1377	253	183	1
20200108		74	235074	307	29	2
20200108	Hessen	1	7	1	0	0
20200108	上海	1	1	0	0	0
20200108	山东	5	865	57	4	1
20200108	广东	3	7129	63	22	5
20200108	江西	1	181	1	0	0
20200108	河南	2	4042	123	20	0
20200108	湖北	1	633	111	29	4
20200108	重庆	1	240	28	0	0
20200109		119	16930	38	4	0
20200109	北京	1	1	0	0	0
20200109	安徽	1	3595	114	4	0
20200109	山东	1	321	6	0	0
20200109	山西	1	94	2	0	0
20200109	广东	2	474	11	2	0
20200109	江苏	1	205	30	4	0
20200109	江西	4	172	6	2	0
20200109	河南	1	833	40	13	0
20200109	甘肃	1	558	21	4	0
20200109	福建	1	0	0	0	0
20200109	重庆	1	1527	118	1	0
20200109	陕西	1	1240	33	10	1
20200110		306	182998	659	20	4
20200110	内蒙古	2	1	0	0	0
20200110	吉林	1	472	7	0	0
20200110	四川	2	641	38	3	1
20200110	安徽	1	57	6	0	1
20200110	江西	2	846	7	4	0
20200110	河南	1	1193	51	1	0
20200110	浙江	1	753	120	15	0
20200110	海南	2	817	93	16	1
20200110	石勒苏益格-荷尔斯泰因	1	66	0	0	0
20200110	福建	2	293	6	0	0
20200110	黑龙江	1	0	0	0	0
20200111		187	38175	66	10	1
20200111	上海	3	672	10	0	0
20200111	北京	1	69	5	0	0
20200111	广东	2	10	1	0	0
20200111	浙江	1	307	1	0	1
20200111	重庆	1	432	102	5	0
20200111	陕西	1	450	58	29	0
20200112		108	6392	25	2	0
20200112	安徽	1	14	1	0	0
20200112	山东	3	2570	62	12	0
20200112	广东	1	4	0	0	0
20200112	江西	2	514	7	6	0
20200112	河南	2	1477	114	22	0
20200112	湖南	2	1065	17	0	1
20200112	福建	3	103516	1426	77	18
20200112	黑龙江	1	0	0	0	0
20200113		210	547453	1109	63	8
20200113	State of New South Wales	1	354	10	7	0
20200113	上海	2	5518	150	59	0
20200113	吉林	2	1016	190	32	0
20200113	广东	1	97	11	0	0
20200113	广西	1	114	1	0	0
20200113	江苏	1	465	4	0	0
20200113	河北	2	290	3	0	1
20200113	湖南	1	1134	23	0	0
20200113	石勒苏益格-荷尔斯泰因	1	1	0	0	1
20200113	福建	1	11591	115	23	2
20200113	贵州	1	30	2	0	0
20200113	重庆	1	213	24	0	0
20200114		205	885571	1892	191	13
20200114	云南	1	64	2	0	0
20200114	内蒙古	1	334	22	0	0
20200114	吉林	1	172	8	4	0
20200114	安徽	1	1023	2	0	0
20200114	山西	1	4	0	0	0
20200114	广东	1	1	1	0	0
20200114	湖北	1	78	1	0	0
20200114	湖南	1	1053	19	0	0
20200114	福建	1	113	13	1	0
20200114	贵州	1	108	12	0	0
20200114	辽宁	1	0	0	0	0
20200114	陕西	4	724	32	1	1
20200115		227	155381	631	57	0
20200115	内蒙古	1	0	0	0	0
20200115	山东	1	17597	204	64	27
20200115	江苏	1	87	6	1	0
20200115	江西	2	756	10	4	1
20200115	河北	2	969	67	10	0
20200115	湖北	1	72	0	0	0
20200115	重庆	1	51	8	0	0
20200115	陕西	1	248	15	0	0
20200116		85	364699	902	92	7
20200116	Eparchía Páfou	1	1802	41	30	3
20200116	云南	1	556	7	1	0
20200116	北京	1	636	8	2	1
20200116	四川	1	82	7	0	0
20200116	山东	3	977	17	2	5
20200116	广东	3	2065	43	0	0
20200116	广西	2	461	7	0	1
20200116	江西	2	11587	214	15	2
20200116	河南	3	836	18	0	2
20200116	浙江	1	103	2	3	0
20200116	海南	2	189	4	0	0
20200116	湖北	1	658	17	1	0
20200117		170	88923	247	23	2
20200117	北京	2	1780	47	5	0
20200117	四川	1	34	4	0	0
20200117	宁夏	1	138	3	0	0
20200117	安徽	1	33	0	0	0
20200117	山东	1	229	3	3	0
20200117	广东	3	865	36	1	7
20200117	江苏	1	572	20	0	0
20200117	江西	1	282	22	2	0
20200117	河南	2	49	5	0	0
20200117	湖北	2	65	4	1	0
20200117	湖南	2	1399	59	0	0
20200117	福建	3	306687	3029	202	40
20200117	陕西	1	980	97	9	1
20200117	黑龙江	1	141	4	0	0
20200118		33	2613	7	0	0
20200118	内蒙古	1	1	1	1	0
20200118	四川	1	48	7	0	0
20200118	山东	2	479	30	1	3
20200118	山西	2	56	4	0	0
20200118	广东	3	22681	40	7	0
20200118	江西	3	1639	111	24	2
20200118	河北	1	89	1	0	0
20200118	河南	1	2	1	0	0
20200118	湖北	2	143	6	1	0
20200118	湖南	1	939	16	1	0
20200118	贵州	1	264	36	2	0
20200118	陕西	1	102	5	0	0
20200119		67	56242	207	19	3
20200119	北京	1	20	0	0	0
20200119	安徽	1	2099	22	12	0
20200119	山西	6	613	19	1	0
20200119	广东	1	349	6	0	2
20200119	江西	2	1129	51	2	2
20200119	河北	2	98	4	2	0
20200119	河南	1	705	29	1	0
20200119	湖北	1	0	0	0	0
20200119	湖南	1	827	12	2	1
20200119	福建	2	1391	61	5	0
20200119	贵州	1	197	16	1	0
20200119	陕西	1	1902	59	28	0
20200120		964	186954	422	21	2
20200120	云南	1	1245	79	3	0
20200120	吉林	1	0	0	0	0
20200120	四川	2	1005	9	0	0
20200120	宁夏	1	650	1	0	0
20200120	山东	2	5787	81	14	0
20200120	山西	2	920	6	0	0
20200120	广西	1	51	6	0	0
20200120	江西	3	631	21	2	1
20200120	河北	1	35	0	0	0
20200120	河南	1	17	0	0	0
20200120	海南	1	96	3	0	0
20200120	湖北	1	5	0	0	0
20200120	福建	2	16147	169	16	2
20200120	陕西	3	136	17	0	0
20200120	黑龙江	1	0	0	0	0
20200121		572	477183	413	89	4
20200121	上海	1	8	0	0	0
20200121	北京	2	92	11	0	0
20200121	安徽	1	70	4	0	0
20200121	山东	1	1001	15	6	0
20200121	广东	2	458	3	1	0
20200121	江苏	2	2108	77	8	0
20200121	浙江	2	4765	71	3	1
20200121	福建	1	2055	26	2	0
20200121	西藏	1	354	24	3	0
20200121	贵州	1	45	1	1	0
20200121	陕西	1	0	0	0	0
20200122		91	147498	602	26	2
20200122	内蒙古	2	2164	27	13	0
20200122	北京	9	13161163	112414	20242	4690
20200122	四川	1	62	5	0	0
20200122	安徽	3	73443648	1706400	94968	130769
20200122	山东	3	3929254	17233	14091	2219
20200122	山西	6	12976165	156219	10532	10708
20200122	广东	5	1965480	9592	5446	521
20200122	江西	1	3	1	0	0
20200122	河北	4	26	4	2	0
20200122	河南	3	20	0	0	1
20200122	湖北	3	9717421	67677	24800	4809
20200122	湖南	2	30329	194	12	22
20200122	福建	1	416	4	2	0
20200122	贵州	1	6	0	0	0
20200122	辽宁	1	51	3	0	0
20200122	重庆	2	15	0	0	0
20200122	黑龙江	1	0	0	0	0
20200123		57	123537	390	55	25
20200123	上海	3	1437	8	2	3
20200123	北京	1	218536768	8849107	340717	382042
20200123	四川	8	1918	11	3	4
20200123	安徽	1	2	0	0	0
20200123	山东	7	800	31	0	5
20200123	广东	5	161310	1661	111	119
20200123	江苏	4	374	74	5	0
20200123	江西	2	209	15	2	0
20200123	河北	3	17	3	0	0
20200123	河南	11	29445738	1112950	24466	80998
20200123	浙江	1	57	0	0	0
20200123	海南	1	255	3	0	0
20200123	湖北	4	8097	50	4	14
20200123	湖南	2	100	4	0	0
20200123	福建	1	2240	21	4	2
20200123	贵州	1	15	1	1	0
20200123	陕西	6	2661	54	12	0
20200124		102	34643	53	4	0
20200124	上海	2	36	3	0	0
20200124	云南	1	31	5	1	0
20200124	北京	1	4	1	0	0
20200124	吉林	3	596	17	3	0
20200124	四川	7	3129	640	179	0
20200124	安徽	7	1592	49	4	0
20200124	山东	6	396004	7536	414	470
20200124	山西	3	8554	468	51	0
20200124	广东	8	2125263	29020	6659	3080
20200124	广西	4	488	80	3	0
20200124	新疆	2	414	22	4	0
20200124	江苏	7	17272	192	4	6
20200124	江西	5	9595	129	19	2
20200124	河北	6	64592	5201	186	37
20200124	河南	7	1749	32	2	2
20200124	浙江	11	65398	771	93	26
20200124	湖北	9	1159207	10536	418	958
20200124	湖南	12	14573155	107920	4672	12104
20200124	甘肃	1	7	1	0	0
20200124	福建	6	29808	551	8	44
20200124	贵州	6	2166	250	39	1
20200124	辽宁	12	210520	2396	152	69
20200124	重庆	2	11	1	0	0
20200124	陕西	5	1363	128	5	4
20200124	黑龙江	2	164	11	0	1
20200125		94	278546	641	56	10
20200125	四川	2	16	1	0	0
20200125	安徽	2	347	14	0	0
20200125	山东	3	708	13	1	0
20200125	山西	4	484	3	2	0
20200125	广东	2	7	0	0	0
20200125	广西	1	349	11	0	0
20200125	江苏	3	1567	34	1	2
20200125	江西	2	6	0	0	0
20200125	河北	3	5846	24	11	0
20200125	河南	1	2	0	0	0
20200125	浙江	1	5	1	0	0
20200125	海南	1	3937	34	2	0
20200125	湖北	3	888	90	20	3
20200125	湖南	3	147	24	2	0
20200125	福建	3	275	5	5	0
20200125	辽宁	2	1315	271	28	3
20200125	重庆	2	51	7	0	0
20200125	陕西	3	314	59	10	2
20200125	黑龙江	3	23	2	1	1
20200126		88	1530018	3417	114	11
20200126	云南	1	814176	2526	1395	45
20200126	北京	10	21968175	296303	60171	10142
20200126	吉林	2	17	1	0	0
20200126	四川	3	3836116	23337	8522	839
20200126	天津	1	10	1	0	0
20200126	安徽	6	132482	989	157	62
20200126	山东	6	48345	262	16	9
20200126	山西	6	1812323	32330	3050	815
20200126	广东	7	2007619	19871	20023	1817
20200126	广西	1	7	1	0	2
20200126	新疆	2	90592	867	181	79
20200126	江苏	5	17784445	91141	43104	4020
20200126	河北	9	30284828	824988	67683	10950
20200126	河南	3	37602	232	5	18
20200126	浙江	3	657	88	4	0
20200126	海南	1	6370109	61668	33562	1883
20200126	湖北	4	2516507	33098	2243	583
20200126	湖南	7	347069	2289	52	43
20200126	甘肃	1	1	0	0	0
20200126	福建	2	58092	336	12	22
20200126	贵州	3	10	0	0	0
20200126	辽宁	5	595234	2907	187	150
20200126	重庆	1	6	0	0	0
20200126	陕西	5	55161	647	34	5
20200126	青海	1	5	0	0	0
20200126	黑龙江	1	4	1	1	0
20200127		51	56489	31	21	0
20200127	内蒙古	1	3011	24	12	0
20200127	北京	1	9	1	0	0
20200127	四川	2	508	23	2	0
20200127	天津	1	438342	11863	758	345
20200127	安徽	3	12	1	0	0
20200127	山东	5	600	30	3	1
20200127	广西	2	9887	105	17	14
20200127	江苏	2	11	3	0	0
20200127	江西	1	235	14	1	0
20200127	河北	5	287605	2044	255	55
20200127	河南	1	28554	79	6	2
20200127	湖北	2	10642454	99814	37211	1920
20200127	湖南	2	577	9	7	2
20200127	甘肃	1	4	0	0	0
20200127	贵州	1	1	0	0	0
20200127	陕西	1	376	6	2	0
20200128		11	494830	1049	46	9
20200128	四川	1	57	4	0	0
20200128	天津	5	4080425	94566	6474	1973
20200128	安徽	2	281	51	5	0
20200128	山东	3	1425	34	2	0
20200128	山西	1	28	6	0	0
20200128	广东	3	15474	62	12	6
20200128	江苏	2	128	7	1	0
20200128	江西	3	381	8	0	0
20200128	河南	1	4	0	0	0
20200128	浙江	4	570	27	6	3
20200128	海南	3	98	5	0	0
20200128	湖北	1	20	1	0	0
20200128	湖南	1	225	3	1	0
20200128	福建	2	1179	15	2	0
20200128	贵州	1	40	4	0	0
20200128	陕西	1	1263	90	26	0
20200128	黑龙江	1	0	0	0	0
20200129		26	484079	4446	109	19
20200129	上海	1	245	3	0	0
20200129	内蒙古	1	3	0	0	0
20200129	北京	3	1919	57	1	0
20200129	吉林	1	2	1	0	0
20200129	四川	1	6827667	118516	6323	2791
20200129	安徽	1	6	0	0	0
20200129	山东	2	810	11	2	0
20200129	广东	6	62240	463	28	15
20200129	广西	3	1587	18	1	0
20200129	新疆	1	1839	78	2	0
20200129	江苏	2	0	0	0	0
20200129	江西	1	83	5	0	0
20200129	河北	4	597	22	4	1
20200129	河南	4	1219909	15488	870	226
20200129	浙江	1	4	1	0	2
20200129	湖北	1	111	9	2	0
20200129	陕西	1	1	0	0	0
20200129	黑龙江	3	222	13	4	1
20200130		39	217217	97	28	0
20200130	上海	1	1485	138	20	16
20200130	北京	6	4921522	134485	14696	14424
20200130	四川	1	14	1	0	0
20200130	安徽	4	335	67	7	0
20200130	山东	6	8427	81	18	2
20200130	山西	2	85	4	8	1
20200130	广东	2	382	9	1	0
20200130	江苏	4	953	56	11	0
20200130	江西	2	31828	235	74	5
20200130	河北	1	16	0	0	0
20200130	河南	4	10164	42	30	2
20200130	湖北	3	1438	9	3	0
20200130	石勒苏益格-荷尔斯泰因	1	82	2	0	0
20200130	福建	1	0	0	0	0
20200130	贵州	3	738	10	7	1
20200130	辽宁	2	35	2	2	0
20200130	重庆	1	18	2	0	0
20200130	陕西	5	315	10	0	0
20200130	黑龙江	2	634	11	1	2
20200131		13	63342	179	12	0
20200131	上海	1	5	0	0	0
20200131	四川	7	672	181	15	0
20200131	安徽	1	803	39	10	0
20200131	山东	6	3897	31	10	0
20200131	山西	2	1093	44	17	0
20200131	广西	1	2	0	0	0
20200131	新疆	2	654	50	16	0
20200131	江苏	5	5069	88	48	0
20200131	江西	1	651	17	3	0
20200131	河北	3	25	1	1	0
20200131	河南	1	7	0	0	0
20200131	浙江	1	42	3	0	0
20200131	湖北	1	12552	131	3	0
20200131	湖南	3	48656	747	50	3
20200131	福建	3	276	11	0	0
20200131	辽宁	1	15	0	0	5
20200131	重庆	2	140	10	0	0
20200131	陕西	5	1146	10	1	1
20200131	黑龙江	3	1201	4	0	2
20200201		56	559569	2143	199	4
20200201	Western Cape	2	239	12	2	0
20200201	云南	1	254	9	0	0
20200201	北京	2	51	1	0	0
20200201	四川	2	46310	338	90	8
20200201	安徽	1	170	0	0	0
20200201	山东	4	46934	1900	84	256
20200201	广东	1	0	0	0	0
20200201	江苏	1	3	0	0	0
20200201	河北	4	1367	92	6	1
20200201	河南	1	6	0	0	0
20200201	浙江	1	424	13	0	0
20200201	湖南	1	385	5	4	0
20200201	福建	1	91	5	0	0
20200201	贵州	2	334	4	0	0
20200201	辽宁	2	21	1	0	0
20200202		5	429	0	1	0
20200202	四川	6	2136	136	13	0
20200202	安徽	3	11555	360	128	53
20200202	山东	2	13	2	0	0
20200202	山西	1	512	33	5	2
20200202	广东	2	30942	497	78	1
20200202	广西	2	132	5	0	0
20200202	江苏	1	2	1	0	0
20200202	江西	1	2341	33	30	0
20200202	河南	2	79	2	1	0
20200202	湖南	1	36	2	0	0
20200202	石勒苏益格-荷尔斯泰因	1	75	0	0	1
20200202	福建	1	5	1	0	0
20200202	贵州	1	124	3	0	1
20200202	重庆	5	832	68	10	0
20200203		24	278237	136	48	4
20200203	北京	1	98	0	0	0
20200203	四川	1	20	0	0	0
20200203	安徽	2	648	68	0	0
20200203	山东	1	30	3	0	0
20200203	广东	1	236	44	0	0
20200203	广西	1	10	1	0	0
20200203	江苏	4	14326	206	110	10
20200203	江西	3	1257	73	0	0
20200203	河北	2	78060	179	5	10
20200203	河南	4	672	18	8	0
20200203	浙江	4	9966	102	51	3
20200203	湖南	1	1306	56	9	1
20200203	甘肃	1	4	0	0	0
20200203	福建	1	560	67	2	0
20200203	重庆	1	79	17	0	0
20200203	黑龙江	1	351	9	2	0
20200204		102	89096	82	26	0
20200204	吉林	2	581	21	1	0
20200204	四川	1	127	20	0	0
20200204	安徽	3	30544	156	29	2
20200204	山东	2	375	8	1	0
20200204	广东	5	5905	34	19	3
20200204	广西	1	21996	204	263	3
20200204	江苏	1	10298	282	169	7
20200204	河北	2	9046	36	45	4
20200204	河南	5	4077	549	164	0
20200204	浙江	2	2088	52	4	0
20200204	湖南	1	2	0	0	0
20200204	福建	1	131451	5969	205	13
20200204	陕西	2	7	0	0	0
20200205		76	217022	626	32	0
20200205	上海	2	152	30	3	0
20200205	四川	2	17770	1378	163	4
20200205	安徽	2	2	0	0	0
20200205	山东	2	132	8	0	0
20200205	山西	1	6	0	0	0
20200205	广东	4	980	14	2	1
20200205	广西	1	25513	1350	48	8
20200205	新疆	1	816	95	4	0
20200205	江西	1	3245	37	100	2
20200205	河南	4	519400	2218	92	31
20200205	浙江	1	510664	5250	2499	69
20200205	湖南	1	247	25	2	0
20200205	福建	2	83553	669	607	34
20200205	贵州	1	16	0	0	0
20200205	重庆	1	141	13	0	0
20200205	陕西	1	129	8	0	0
20200206		68	304634	1245	71	1
20200206	四川	2	14	1	0	0
20200206	安徽	1	12	0	0	0
20200206	山东	1	75	6	0	0
20200206	山西	2	18	0	0	0
20200206	广东	1	212	8	0	0
20200206	江苏	3	646	84	0	0
20200206	江西	5	2412	59	46	2
20200206	河北	1	4	0	0	0
20200206	河南	2	14	1	0	0
20200206	浙江	1	209	17	0	0
20200206	湖北	1	134	9	9	0
20200206	湖南	2	3069	23	22	0
20200206	甘肃	1	186	21	1	0
20200206	重庆	1	212	19	0	0
20200206	陕西	1	6	1	0	0
20200207		70	314261	920	60	0
20200207	云南	3	1257	15	20	0
20200207	北京	1	526	4	2	0
20200207	吉林	1	355	29	3	0
20200207	四川	1	18	0	1	1
20200207	安徽	5	9189	63	57	0
20200207	山东	6	15509	2762	101	26
20200207	广东	4	7139	63	5	2
20200207	广西	2	194	1	0	0
20200207	新疆	1	64	3	0	0
20200207	江苏	7	54	4	2	1
20200207	河北	1	0	0	0	0
20200207	河南	5	586	1	0	0
20200207	浙江	3	15	0	0	1
20200207	湖北	8	875	68	11	0
20200207	福建	3	1563	53	20	2
20200207	贵州	1	563	10	1	1
20200207	辽宁	4	18	1	0	0
20200207	重庆	2	945	40	2	0
20200207	陕西	3	214	5	2	0
20200207	黑龙江	2	9	0	0	0
20200208		12	75389	32	7	1
20200208	北京	3	17	4	0	0
20200208	四川	2	67	12	0	0
20200208	宁夏	1	4	0	0	0
20200208	安徽	2	17	1	0	0
20200208	山东	2	17	1	0	0
20200208	广东	3	18	1	0	0
20200208	广西	1	64	2	0	0
20200208	江苏	5	59883	1077	845	34
20200208	江西	3	22	0	1	0
20200208	河北	4	1497	27	2	1
20200208	河南	5	38	3	0	0
20200208	浙江	5	117	8	0	0
20200208	湖北	1	8	2	0	1
20200208	湖南	1	714	5	31	0
20200208	福建	1	15	1	0	0
20200208	贵州	2	154	26	7	0
20200208	陕西	2	32	3	0	0
20200208	黑龙江	3	246	7	0	0
20200209		13	124623	634	119	55
20200209	上海	2	17	2	0	0
20200209	内蒙古	1	4	0	0	0
20200209	四川	2	9	1	0	0
20200209	安徽	3	845	156	16	0
20200209	山东	1	0	0	0	0
20200209	山西	3	261	8	2	1
20200209	广东	5	799	65	35	1
20200209	广西	2	22	1	0	0
20200209	江苏	2	29	1	1	0
20200209	江西	5	1811	122	101	18
20200209	河北	1	7	0	0	0
20200209	河南	4	519	41	15	1
20200209	浙江	3	12	2	1	0
20200209	湖北	4	20	1	0	1
20200209	湖南	9	41371	4243	371	7
20200209	福建	1	291846	4077	244	35
20200209	辽宁	1	5	0	0	0
20200209	重庆	1	11459	559	16	9
20200209	陕西	1	12413	24	7	0
20200209	香港	1	4	1	0	0
20200209	黑龙江	3	14	3	1	0
20200210		111	54077	194	16	4
20200210	上海	4	1967	29	3	2
20200210	内蒙古	1	1	0	0	0
20200210	四川	2	628	32	9	4
20200210	安徽	2	60	2	0	0
20200210	山东	3	28	2	0	0
20200210	江苏	2	548	7	0	0
20200210	江西	3	53	4	4	1
20200210	河北	1	100	8	0	0
20200210	河南	6	1076	41	11	4
20200210	湖北	5	7873	128	21	1
20200210	西藏	1	20	1	2	0
20200210	贵州	2	1178	83	2	0
20200210	重庆	3	25	4	0	0
20200210	陕西	2	13983	274	17	4
20200210	黑龙江	4	303	20	5	0
20200211		153	319244	2001	121	3
20200211	云南	1	3	1	0	0
20200211	北京	2	8	0	0	0
20200211	四川	3	197	26	0	0
20200211	安徽	1	408	34	6	1
20200211	山东	3	488	3	4	0
20200211	山西	1	18	1	0	0
20200211	广东	1	12	2	0	0
20200211	新疆	1	216	14	0	0
20200211	江苏	1	2	0	0	0
20200211	江西	1	32	1	1	0
20200211	河南	6	803	31	2	0
20200211	浙江	1	5	0	0	0
20200211	海南	1	13	1	0	0
20200211	湖北	8	86796	533	92	29
20200211	湖南	4	7221	103	104	29
20200211	福建	1	4520	82	28	7
20200211	重庆	1	3	1	0	0
20200211	陕西	2	849	78	10	0
20200211	黑龙江	1	1	0	0	0
20200212		179	206257	62	6	2
20200212	Île-de-France	1	5	0	0	0
20200212	云南	1	3227	95	7	0
20200212	四川	2	298	48	2	0
20200212	安徽	3	849	97	2	0
20200212	山东	1	2	0	0	0
20200212	山西	1	3028	498	32	0
20200212	广东	6	186	19	6	1
20200212	江苏	3	9	1	1	0
20200212	河北	1	0	0	0	0
20200212	河南	3	2192	61	3	0
20200212	浙江	2	8	0	0	0
20200212	湖北	4	308	39	8	0
20200212	湖南	2	279	4	0	0
20200212	福建	2	1139	5	0	0
20200212	辽宁	1	8	1	0	0
20200212	黑龙江	2	5	1	0	1
20200213		66	75250	28	5	2
20200213	上海	2	10	1	0	0
20200213	云南	1	1	0	0	0
20200213	北京	1	11	0	0	0
20200213	四川	4	1513	39	2	0
20200213	天津	3	310	18	2	0
20200213	山东	6	148	2	1	0
20200213	山西	2	1707	300	39	0
20200213	广东	6	1348	26	0	1
20200213	江苏	7	853	15	4	2
20200213	江西	1	195	9	0	0
20200213	河南	4	74429	432	523	6
20200213	浙江	3	388	8	3	0
20200213	湖北	4	19	1	0	0
20200213	湖南	2	5	0	0	0
20200213	甘肃	1	7	1	0	0
20200213	福建	2	9	0	0	0
20200213	贵州	1	5	0	0	0
20200213	重庆	2	220	22	5	0
20200213	陕西	3	79	3	0	0
20200214		27	33308	17	9	0
20200214	State of New South Wales	1	2094	2	1	1
20200214	上海	1	6	1	1	2
20200214	四川	2	379	12	1	0
20200214	天津	1	0	0	0	0
20200214	安徽	4	12	1	0	0
20200214	山东	4	16	1	0	0
20200214	山西	1	6	1	0	0
20200214	广东	3	31	1	0	0
20200214	广西	1	2	0	0	0
20200214	江苏	7	1057	26	10	0
20200214	江西	1	21	2	0	0
20200214	河北	7	20109	99	239	39
20200214	河南	6	471	19	2	0
20200214	浙江	1	16061	757	419	14
20200214	海南	1	5	0	0	0
20200214	湖北	21	50141	547	182	28
20200214	湖南	4	5806	140	111	6
20200214	福建	1	2	0	0	0
20200214	贵州	1	87	1	0	0
20200214	辽宁	3	15349	157	49	11
20200214	重庆	1	3	0	0	0
20200214	陕西	3	11	1	0	0
20200214	黑龙江	1	12860	116	3	1
20200215		30	55773	613	332	17
20200215	Kayin State	1	14	2	0	0
20200215	上海	2	11486	98	113	7
20200215	内蒙古	1	11	0	0	1
20200215	北京	4	1075408	9221	15237	529
20200215	吉林	2	2	0	0	0
20200215	四川	9	2166	83	19	2
20200215	宁夏	1	130	2	0	0
20200215	安徽	13	29484522	216728	82015	9755
20200215	山东	10	44	5	1	0
20200215	巴厘岛	1	7	0	0	0
20200215	广东	15	8658	122	80	5
20200215	广西	2	5555	165	18	0
20200215	江苏	14	4952	108	9	2
20200215	江西	4	114	6	0	0
20200215	河北	12	4088	114	41	10
20200215	河南	12	12268	30	5	0
20200215	浙江	10	18635	558	363	4
20200215	海南	2	204	3	1	1
20200215	湖北	19	95386	1936	1221	42
20200215	湖南	5	1211	6	0	0
20200215	甘肃	1	1031	8	4	0
20200215	福建	6	492	4	0	1
20200215	贵州	2	315	2	0	0
20200215	辽宁	2	4	1	0	0
20200215	重庆	7	610	78	6	0
20200215	陕西	9	1680	64	21	2
20200215	黑龙江	3	772	8	4	0
20200216		8	5158	9	1	0
20200216	北京	3	59131	384	535	5
20200216	四川	4	1708	19	0	1
20200216	天津	1	3	0	0	0
20200216	宁夏	1	8	1	0	0
20200216	安徽	7	2215	43	4	0
20200216	山东	9	173442	1031	275	37
20200216	广东	7	7049	195	123	9
20200216	广西	5	26	0	0	1
20200216	江苏	6	1702	42	23	0
20200216	江西	2	925	18	2	0
20200216	河北	9	168946	890	1773	52
20200216	河南	6	19478414	89497	60314	3317
20200216	浙江	12	32085	941	961	13
20200216	海南	7	23894	208	49	13
20200216	湖北	17	3180	97	33	12
20200216	湖南	10	4535	45	1	0
20200216	石勒苏益格-荷尔斯泰因	1	9	1	0	0
20200216	福建	4	1042	18	6	5
20200216	贵州	4	8165	156	22	7
20200216	辽宁	2	5	0	0	0
20200216	重庆	3	8	1	0	0
20200216	陕西	6	83	5	1	0
20200216	黑龙江	1	7	0	0	0
20200217		244	1920336	4221	350	83
20200217	Stockholm	1	278	7	1	0
20200217	四川	5	2294	49	3	1
20200217	安徽	3	1026	29	4	0
20200217	山东	3	15481	161	364	52
20200217	山西	1	0	0	0	0
20200217	广东	2	1379	1	2	0
20200217	江苏	2	731	16	1	1
20200217	江西	6	3585	270	39	3
20200217	河北	1	164	19	0	0
20200217	河南	3	120	17	2	0
20200217	浙江	2	21350	1091	165	3
20200217	湖北	7	1658	42	25	2
20200217	湖南	4	239	4	1	0
20200217	福建	1	228	14	0	0
20200217	贵州	1	1328	3	0	0
20200217	辽宁	1	0	0	0	0
20200217	重庆	1	214	5	0	0
20200217	黑龙江	2	4	0	0	2
20200218		127	509007	356	35	2
20200218	内蒙古	2	9507362	123369	66754	1788
20200218	北京	1	142	8	1	0
20200218	四川	4	5989	156	10	0
20200218	安徽	5	24127	627	156	2
20200218	山东	1	17814	305	39	3
20200218	山西	1	1	0	0	0
20200218	新疆	2	2	0	0	0
20200218	江苏	2	10	0	0	0
20200218	河南	2	1225	48	1	0
20200218	浙江	1	2	0	0	0
20200218	湖北	3	10	0	0	0
20200218	湖南	1	7	0	1	0
20200218	福建	1	5	0	0	0
20200218	贵州	5	19	1	0	0
20200218	辽宁	1	0	0	0	0
20200218	陕西	1	8	1	0	0
20200218	黑龙江	1	0	0	0	0
20200219		111	50622	75	17	0
20200219	上海	1	182	15	9	0
20200219	吉林	1	0	0	0	0
20200219	四川	4	2237	133	0	0
20200219	宁夏	1	2	0	0	0
20200219	安徽	6	23878	76	26	2
20200219	山东	2	50707	515	754	9
20200219	广东	6	600	13	5	2
20200219	江西	1	0	0	0	0
20200219	河北	1	0	0	0	0
20200219	河南	6	58769	468	205	4
20200219	湖北	3	5	1	0	0
20200219	湖南	4	367	11	2	0
20200219	福建	1	316	28	3	1
20200219	贵州	1	3	0	0	0
20200219	辽宁	1	1	1	0	0
20200219	重庆	2	1703	155	31	0
20200219	陕西	1	4	0	0	0
20200219	香港	1	116	3	0	0
20200220		125	320361	248	34	1
20200220	上海	6	1401	27	6	1
20200220	北京	2	101	8	8	0
20200220	四川	4	1634	56	6	0
20200220	安徽	5	4927172	24298	32323	331
20200220	山东	2	9	1	0	0
20200220	山西	2	773	60	1	0
20200220	广东	2	11171	59	15	2
20200220	广西	1	0	0	0	0
20200220	江苏	1	1	0	0	0
20200220	江西	2	9350	77	44	0
20200220	河北	2	64	1	0	0
20200220	河南	4	1079493	8720	9543	111
20200220	浙江	1	4	0	0	0
20200220	海南	5	202	27	0	0
20200220	湖北	2	12307	61	42	0
20200220	福建	2	546	20	0	0
20200220	贵州	1	106	27	1	0
20200220	陕西	1	83	5	0	0
20200221		91	41468	172	25	9
20200221	云南	1	955	43	2	0
20200221	内蒙古	1	0	0	0	0
20200221	四川	1	305	67	6	0
20200221	天津	1	0	0	0	0
20200221	安徽	1	10	0	0	0
20200221	广东	2	14	2	1	0
20200221	江苏	2	108	1	0	0
20200221	江西	3	34504	114	168	3
20200221	河北	1	3	0	0	0
20200221	浙江	4	1403	18	0	0
20200221	海南	1	73	3	1	0
20200221	湖北	1	1	0	0	0
20200221	湖南	1	6	0	0	0
20200221	福建	1	2	0	0	0
20200221	贵州	7	532	19	1	5
20200221	重庆	1	267	35	5	0
20200221	陕西	3	135	13	0	0
20200222		161	304323	604	83	54
20200222	云南	1	865	21	0	0
20200222	北京	1	101627	862	119	23
20200222	吉林	1	0	0	0	0
20200222	四川	3	174	22	0	0
20200222	天津	1	1	0	0	0
20200222	安徽	2	18919	65	50	0
20200222	山东	1	2	0	0	0
20200222	山西	1	1018	4	0	1
20200222	广东	3	17	0	0	0
20200222	新疆	1	22	1	0	0
20200222	江苏	2	5	1	0	0
20200222	河北	2	0	0	0	0
20200222	河南	2	200	7	1	0
20200222	浙江	1	1246	26	8	0
20200222	湖北	3	497	11	6	0
20200222	湖南	3	273	20	1	1
20200222	甘肃	2	272	13	2	0
20200222	贵州	2	11	1	0	0
20200222	重庆	1	142	30	4	0
20200222	陕西	2	1714	29	7	1
20200223		52	56725	151	15	0
20200223	吉林	1	0	0	0	0
20200223	四川	1	4	1	0	0
20200223	安徽	1	21	0	0	0
20200223	山东	2	1436	16	10	0
20200223	山西	1	406	1	0	1
20200223	广东	2	580	4	1	0
20200223	江苏	3	5242	123	50	0
20200223	河北	3	104	9	0	0
20200223	河南	1	15	2	0	0
20200223	浙江	1	825	40	12	42
20200223	湖北	1	906	24	2	0
20200223	湖南	2	37109	382	479	29
20200223	福建	1	640	11	6	0
20200223	西藏	1	440	21	0	0
20200223	辽宁	1	3	0	0	0
20200223	重庆	1	376	90	4	0
20200224		46	72371	366	14	0
20200224	上海	2	588	111	23	0
20200224	北京	1	138	12	2	0
20200224	天津	1	1	0	0	0
20200224	安徽	4	230	6	0	0
20200224	山东	4	318	13	0	0
20200224	广东	2	5	0	0	0
20200224	江苏	1	342	58	4	0
20200224	河南	4	591	53	0	0
20200224	海南	1	12	2	0	0
20200224	湖北	1	5	1	0	0
20200224	福建	2	47549	1520	7	38
20200224	贵州	2	314	25	4	0
20200224	重庆	1	6	0	0	0
20200225		203	448274	326	53	3
20200225	云南	1	23	1	1	0
20200225	吉林	1	0	0	0	0
20200225	四川	1	7521	13	3	0
20200225	天津	1	2	0	0	0
20200225	安徽	2	2280	19	5	0
20200225	山西	1	1090	42	3	0
20200225	广东	4	20	3	1	0
20200225	江苏	3	12	1	0	0
20200225	江西	1	202	57	4	0
20200225	河南	8	8295	89	14	1
20200225	浙江	2	24	3	0	0
20200225	海南	1	9	0	0	0
20200225	湖北	2	16	2	0	0
20200225	福建	7	182	6	6	0
20200225	贵州	1	37	0	0	0
20200225	重庆	2	582	125	6	1
20200225	陕西	3	1321	4	9	0
20200225	黑龙江	3	247	13	3	0
20200226		106	384368	835	129	30
20200226	上海	3	33	3	0	1
20200226	吉林	1	2	1	0	0
20200226	四川	2	1091	33	13	0
20200226	天津	1	38	3	0	0
20200226	安徽	1	1467	6	5	2
20200226	山东	4	1299	27	4	0
20200226	广东	2	12571	44	33	5
20200226	江西	2	228	11	1	1
20200226	河北	1	44	1	0	0
20200226	浙江	2	2498	462	156	4
20200226	福建	2	1592	14	14	1
20200226	英格兰	1	29984	595	48	3
20200226	贵州	2	158	2	0	0
20200227		375	386569	2454	133	5
20200227	上海	2	325	17	1	1
20200227	云南	1	24	1	0	0
20200227	天津	1	6	1	0	0
20200227	安徽	1	579	37	17	0
20200227	广东	4	3826	44	8	7
20200227	广西	2	1345	23	26	0
20200227	河南	1	11	0	0	0
20200227	浙江	1	6	0	0	0
20200227	湖南	1	643	7	0	0
20200227	福建	1	483	14	1	0
20200227	辽宁	1	13	0	0	0
20200227	重庆	3	1584	22	7	0
20200227	陕西	3	581579	56042	323	1287
20200227	黑龙江	1	178	10	0	0
20200228		317	817149	2420	178	10
20200228	Hessen	1	452418	33831	483	11
20200228	上海	1	486	4	3	0
20200228	北京	1	170	7	0	0
20200228	吉林	1	1003	21	12	0
20200228	四川	1	176	2	0	0
20200228	安徽	6	734316	57752	550	625
20200228	广东	9	563	22	2	3
20200228	广西	1	3	0	0	0
20200228	江苏	1	8782	31	18	1
20200228	江西	1	339	1	3	0
20200228	河北	2	1124	13	0	0
20200228	河南	4	134	14	1	0
20200228	浙江	1	3	0	0	0
20200228	湖北	2	1390	235	50	0
20200228	湖南	2	405	43	7	1
20200228	福建	1	12793	264	10	1
20200228	辽宁	1	393	26	7	1
20200228	重庆	1	1	0	0	2
20200228	陕西	3	6964	49	48	6
20200228	黑龙江	1	73	2	1	0
20200229		25	78835	26	6	0
20200229	云南	2	710	34	7	0
20200229	四川	1	79	5	0	0
20200229	安徽	6	3977	213	72	3
20200229	山东	3	10966	89	27	0
20200229	广东	7	113	8	2	3
20200229	广西	5	13213	428	60	0
20200229	江苏	4	545991	44889	451	568
20200229	江西	1	9	3	0	0
20200229	河北	3	1128	313	142	0
20200229	河南	2	937	52	2	0
20200229	浙江	2	5	0	0	0
20200229	湖北	2	939	22	7	1
20200229	贵州	2	7	2	0	0
20200229	重庆	1	0	0	0	0
20200229	陕西	2	70	0	0	0
20200229	黑龙江	2	2	0	0	0
20200301		26	57548	37	4	0
20200301	上海	1	3	0	0	0
20200301	四川	4	1590	543	36	1
20200301	安徽	1	842	82	19	0
20200301	山东	5	1391	282	50	3
20200301	广东	3	14	1	0	0
20200301	新疆	2	159	8	3	0
20200301	江苏	2	71	10	6	0
20200301	江西	1	60269	608	563	6
20200301	河北	3	1415	197	31	2
20200301	河南	3	56009	1827	42	70
20200301	湖北	8	979	18	5	2
20200301	甘肃	3	30911	773	189	2
20200301	贵州	1	132	6	0	0
20200301	辽宁	1	7	1	0	0
20200301	重庆	4	1614	145	7	0
20200302		64	135777	227	26	0
20200302	吉林	2	42094	2074	248	9
20200302	四川	1	133	11	0	0
20200302	安徽	4	2852	40	4	1
20200302	山东	2	390	6	1	0
20200302	山西	2	178	35	5	7
20200302	广东	5	6581	121	40	0
20200302	广西	2	6	0	0	0
20200302	新疆	1	15	1	3	0
20200302	江苏	5	1497	49	0	2
20200302	江西	4	242	25	2	0
20200302	河南	4	75308	8568	415	3
20200302	浙江	3	448	16	2	0
20200302	海南	1	4	0	0	0
20200302	湖北	1	5	0	0	0
20200302	福建	1	8	0	1	0
20200302	贵州	2	57	3	2	0
20200302	陕西	1	2	1	1	0
20200302	黑龙江	3	359	8	3	0
20200303		101	1439351	1978	1635	64
20200303	四川	3	2182	119	7	1
20200303	天津	1	549	11	3	2
20200303	安徽	1	212	70	18	1
20200303	山东	4	254	15	0	0
20200303	广东	7	9453	326	26	1
20200303	江苏	1	241	2	1	0
20200303	江西	4	208	8	2	0
20200303	河南	2	65	1	1	0
20200303	浙江	2	10	1	0	0
20200303	甘肃	2	46	0	0	1
20200303	福建	1	2	0	0	0
20200303	贵州	1	35	0	0	0
20200303	辽宁	1	2265	111	12	5
20200303	黑龙江	2	8	0	0	0
20200304		98	889035	4517	242	10
20200304	Stockholm	1	5	0	0	0
20200304	云南	1	414	7	2	0
20200304	吉林	1	589	38	7	1
20200304	四川	1	689	20	19	0
20200304	安徽	1	10	0	0	0
20200304	山东	2	677	22	4	0
20200304	广东	2	1827	15	14	1
20200304	江苏	2	1066	11	1	0
20200304	江西	1	2501	20	4	0
20200304	河北	1	13	3	0	0
20200304	河南	3	46	3	0	0
20200304	浙江	1	1029	1	1	0
20200304	湖北	1	2	0	0	0
20200304	甘肃	2	9	0	0	0
20200304	福建	1	608	4	9	0
20200304	贵州	7	31	0	0	0
20200304	辽宁	1	2	0	0	0
20200304	重庆	3	303	57	3	0
20200305		78	996681	2857	149	17
20200305	四川	4	315	29	0	0
20200305	山东	3	49	2	0	0
20200305	山西	2	1737	21	1	0
20200305	广东	3	35165	110	9	32
20200305	广西	1	433	22	4	2
20200305	新疆	1	9	3	0	0
20200305	江苏	4	2037	70	14	1
20200305	江西	1	1261	37	3	1
20200305	河北	3	837	21	1	0
20200305	河南	3	4793	291	20	0
20200305	湖北	1	5	0	0	0
20200305	湖南	2	210	9	3	0
20200305	甘肃	1	70	1	0	0
20200305	福建	1	291	9	1	1
20200305	重庆	3	98	13	3	0
20200305	黑龙江	1	0	0	0	0
20200306		282	455487	2332	102	15
20200306	上海	2	703	103	8	2
20200306	云南	1	673	30	7	0
20200306	北京	1	2	0	0	0
20200306	吉林	1	0	0	0	0
20200306	四川	4	372	22	9	0
20200306	安徽	2	942	196	8	4
20200306	山东	2	185	3	0	0
20200306	山西	1	27	4	4	0
20200306	广东	5	688	11	0	0
20200306	广西	1	4	0	0	0
20200306	江苏	5	1340	48	15	0
20200306	江西	2	13187	45	12	1
20200306	河北	3	64403	487	93	10
20200306	河南	2	240	29	4	0
20200306	浙江	2	927	27	2	0
20200306	海南	5	615	28	0	4
20200306	湖北	3	23	1	1	0
20200306	重庆	2	5	2	0	0
20200306	陕西	2	65	1	0	0
20200306	黑龙江	2	1854	11	7	2
20200307		57	118925	95	70	2
20200307	云南	2	337	12	0	0
20200307	北京	1	144	3	0	0
20200307	四川	1	9	0	0	0
20200307	天津	1	8	0	0	0
20200307	山东	2	18	1	0	0
20200307	广东	3	4501	36	59	1
20200307	江苏	6	2580	147	27	1
20200307	河北	3	129	5	2	0
20200307	河南	4	1715	91	6	2
20200307	浙江	3	744	18	1	0
20200307	海南	4	27	2	0	0
20200307	湖南	1	0	0	0	0
20200307	福建	2	1642	47	17	2
20200307	贵州	1	1	0	0	0
20200307	辽宁	1	0	0	0	0
20200307	重庆	1	315	6	0	0
20200307	陕西	3	16	3	0	0
20200308		31	18496	29	3	0
20200308	内蒙古	2	928	15	1	0
20200308	台湾	1	342	66	25	0
20200308	四川	1	127	32	2	0
20200308	安徽	2	808	23	8	0
20200308	山东	4	249	27	1	1
20200308	广东	5	177	10	4	8
20200308	江苏	5	320	37	2	0
20200308	江西	4	5554	130	45	0
20200308	河南	2	692	55	21	0
20200308	浙江	2	6	3	0	0
20200308	海南	1	1	0	0	0
20200308	福建	1	9129	245	5	11
20200308	黑龙江	2	539	14	3	0
20200309		114	606610	1437	192	82
20200309	上海	1	2	0	0	0
20200309	四川	3	322	31	2	0
20200309	安徽	1	955	105	11	0
20200309	山东	3	138	4	0	0
20200309	山西	2	20	1	0	0
20200309	广东	2	600	2	0	1
20200309	广西	1	880	4	0	0
20200309	江苏	4	178	2	1	0
20200309	河南	3	644	15	3	0
20200309	浙江	1	68	6	0	0
20200309	湖北	1	3	0	0	0
20200309	福建	1	263	0	3	0
20200309	贵州	2	156	0	0	0
20200309	重庆	2	665	155	21	0
20200309	陕西	2	9780	54	6	0
20200310		77	1043856	1952	261	8
20200310	四川	1	17	0	0	0
20200310	宁夏	1	656	9	1	0
20200310	安徽	1	22	0	0	0
20200310	山东	2	86	3	0	0
20200310	山西	1	977	6	29	0
20200310	广东	5	536	32	4	0
20200310	江苏	6	3687	84	15	0
20200310	河北	1	489	20	6	1
20200310	河南	1	4	1	0	0
20200310	浙江	1	2387	794	80	0
20200310	湖北	3	33	3	0	1
20200310	福建	4	3606	45	9	5
20200310	贵州	2	420	6	1	0
20200310	重庆	1	25	4	0	0
20200310	陕西	1	34	1	0	0
20200310	黑龙江	2	149	1	0	0
20200311		88	362280	624	56	8
20200311	上海	1	44	2	0	0
20200311	云南	1	50	8	4	0
20200311	四川	3	10055	193	40	1
20200311	安徽	6	31	3	0	0
20200311	山东	2	37	1	0	0
20200311	广东	4	1078	41	4	2
20200311	广西	3	351	9	9	1
20200311	河南	1	1163	12	0	0
20200311	浙江	1	424	52	6	0
20200311	海南	1	116	5	0	0
20200311	湖南	1	514	14	1	0
20200311	福建	1	131	2	1	0
20200311	重庆	1	10	1	0	0
20200311	黑龙江	2	1758	14	20	3
20200312		75	405590	5899	314	39
20200312	四川	2	100	14	0	0
20200312	天津	2	77	4	1	0
20200312	山东	3	250	11	4	0
20200312	江苏	2	2133	22	7	4
20200312	江西	5	59	4	1	2
20200312	河南	3	294	6	2	0
20200312	浙江	2	434	3	1	0
20200312	湖南	3	685	17	4	2
20200312	福建	2	16	0	2	0
20200312	贵州	1	288	17	5	0
20200312	重庆	1	6	0	0	0
20200312	陕西	4	605	28	4	0
20200313		98	52054	126	19	0
20200313	上海	1	5	0	1	0
20200313	北京	2	632	4	0	0
20200313	四川	1	251	8	1	0
20200313	山西	1	2	1	1	0
20200313	广东	16	106	13	9	2
20200313	江苏	1	7	0	0	0
20200313	河北	1	794	7	0	0
20200313	河南	2	2564	188	20	0
20200313	湖北	1	5	0	0	0
20200313	湖南	1	34	0	0	0
20200313	福建	3	10338	210	14	4
20200313	西藏	1	18	2	5	0
20200313	贵州	1	181	11	0	0
20200313	辽宁	2	156	1	0	0
20200313	重庆	3	179	31	2	0
20200313	陕西	1	168	35	11	0
