20200101	吉林	1	114	5	3	0
20200101	宁夏	1	433	1	0	0
20200101	河北	1	523	15	3	0
20200101	黑龙江	1	0	0	0	0
20200102	内蒙古	1	104	7	2	0
20200102	河南	5	968	43	2	0
20200102	湖南	1	108	4	0	0
20200102	福建	1	23	1	0	0
20200103	安徽	1	1315	25	1	0
20200103	广东	1	265	14	1	0
20200103	河南	2	665	13	2	0
20200104	广东	1	496	19	2	0
20200104	河北	1	760	10	0	0
20200104	河南	3	10624	227	461	30
20200104	甘肃	1	1039	24	0	0
20200104	陕西	1	1123	6	1	0
20200105	宁夏	1	163	15	8	0
20200105	安徽	1	444	8	2	0
20200105	广西	1	0	0	0	0
20200105	河南	3	2072	33	7	0
20200105	福建	1	843	11	2	0
20200106	山东	1	282	3	0	0
20200106	浙江	1	1532	24	2	0
20200107	吉林	2	746	1	2	0
20200107	山东	1	0	0	0	0
20200107	江苏	1	90	6	0	0
20200107	河南	4	3237	52	18	2
20200108	四川	1	92	1	0	0
20200108	山东	1	1	0	0	0
20200108	河南	2	769	24	2	0
20200108	贵州	1	8271	49	23	0
20200108	黑龙江	1	0	0	0	0
20200109	广西	1	207	12	0	0
20200110	安徽	1	81	2	4	0
20200110	河南	2	487841	5007	152	4434
20200110	贵州	1	294	10	1	0
20200110	黑龙江	1	1244	49	11	0
20200111	四川	1	112	13	0	0
20200112	云南	1	3274	8	0	1
20200113	甘肃	1	0	0	0	0
20200113	贵州	1	424	33	0	0
20200113	重庆	1	190	7	0	0
20200113	黑龙江	1	1125	12	2	0
20200114	广西	1	359	7	0	0
20200114	河北	1	2956	18	7	0
20200114	河南	4	1993	39	9	0
20200114	福建	2	246	3	10	0
20200115	四川	1	72	2	0	0
20200115	广东	1	0	0	0	0
20200115	江西	1	1175	46	1	0
20200115	浙江	1	975	13	1	0
20200115	黑龙江	1	78	3	0	0
20200116	江西	2	1142	27	25	0
20200116	河南	1	721	33	4	0
20200117	吉林	1	0	0	0	0
20200117	河南	2	1194	15	5	0
20200117	福建	1	1282	14	1	0
20200117	黑龙江	1	0	0	0	0
20200118	吉林	1	0	0	0	0
20200118	四川	1	282	11	0	0
20200118	河南	2	2432	211	38	0
20200118	浙江	1	182	9	0	0
20200118	福建	1	1326	14	4	0
20200118	陕西	1	173	4	3	0
20200119	河南	2	2691	56	6	0
20200119	辽宁	1	95	2	2	0
20200119	重庆	1	391	18	2	0
20200119	陕西	1	573	10	1	0
20200120	吉林	1	7	0	0	0
20200120	广西	2	3198	19	3	0
20200120	河南	2	238	6	0	0
20200120	湖南	1	325	9	0	0
20200121	安徽	1	23	0	0	0
20200121	河南	4	573	5	2	0
20200121	重庆	1	777	57	5	0
20200122	北京	1	139	2	1	0
20200122	河南	6	79159	202	34	1
20200122	浙江	1	6	0	0	0
20200122	辽宁	1	674	12	3	0
20200122	黑龙江	3	37583	219	66	6
20200123	内蒙古	1	718	43	6	0
20200123	山西	1	142	6	0	0
20200123	河南	2	1848	50	5	0
20200123	贵州	1	82	9	0	0
20200123	黑龙江	4	22	3	0	0
20200124	吉林	1	0	0	0	0
20200124	山东	1	288	49	15	0
20200124	河南	5	1437	68	9	0
20200124	浙江	1	11470	1360	11	2
20200124	黑龙江	1	30827	831	60	14
20200125	北京	1	6	1	0	0
20200125	四川	1	611	2	1	0
20200125	山东	1	23895	66	39	0
20200125	广东	1	344	3	0	0
20200125	河南	10	60773	236	30	2
20200125	浙江	1	6	0	0	0
20200125	福建	1	305125	1286	91	4
20200126	山东	2	7402	136	9	1
20200126	江苏	1	1489	47	2	0
20200126	河南	5	6045	111	28	0
20200126	浙江	1	385	22	1	0
20200126	辽宁	1	734	10	8	0
20200126	黑龙江	2	2690	29	1	1
20200127	四川	1	3279	25	8	0
20200127	安徽	2	9832855	75892	15183	35018
20200127	河南	4	4546	638	72	2
20200127	浙江	2	659	18	2	0
20200127	福建	1	66	6	0	0
20200127	陕西	1	247	2	4	0
20200127	黑龙江	1	0	0	0	0
20200128	吉林	2	287	19	7	0
20200128	山西	1	109	4	0	1
20200128	广西	1	952	31	6	0
20200128	河南	4	5074	149	10	0
20200128	黑龙江	4	9405	193	21	0
20200129	四川	1	93	1	0	0
20200129	广东	2	495	5	0	0
20200129	江西	1	5437	99	10	0
20200129	河北	1	758	9	4	0
20200129	河南	6	5579	93	5	0
20200129	福建	1	545	8	3	0
20200129	贵州	1	1618	45	4	0
20200129	黑龙江	11	8934	219	57	20
20200130	四川	1	2401	136	12	0
20200130	河南	12	41345	628	81	33
20200130	甘肃	1	4	0	0	0
20200130	福建	1	259	16	0	0
20200130	贵州	1	107	5	0	0
20200130	重庆	1	823	133	11	0
20200130	黑龙江	5	2258	47	4	1
20200131		3	3	1	0	0
20200131	București	1	1	0	0	0
20200131	Central Singapore Community Development Council	2	10	1	0	0
20200131	Changwat Chon Buri	1	50	1	0	0
20200131	National Capital Region	1	3	0	0	0
20200131	上海	58	85229	524	310	33
20200131	云南	75	10121242	106028	11335	14235
20200131	内蒙古	34	323724	3043	699	211
20200131	北京	100	147220758	3196782	312346	662616
20200131	吉林	43	153420	969	506	118
20200131	四川	221	24991430	153103	19336	38157
20200131	天津	42	114657	1232	459	40
20200131	宁夏	17	15778	138	32	6
20200131	安徽	249	99586240	3244074	310579	629932
20200131	山东	303	7191664	93189	15163	11650
20200131	山西	114	208260429	6004278	540723	1045446
20200131	广东	320	35194336	309950	43732	77052
20200131	广西	76	21108942	187899	74942	31510
20200131	新疆	26	262011	1372	389	138
20200131	江苏	240	3299300	37095	6543	4815
20200131	江西	76	5460828	23013	2054	10968
20200131	河北	192	3818415	49598	9346	6208
20200131	河南	623	6676033	72992	14112	11045
20200131	浙江	157	17615975	129528	23416	35529
20200131	海南	14	43107	431	76	154
20200131	湖北	122	19297113	151174	18015	36634
20200131	湖南	104	5450027	45069	7130	7100
20200131	甘肃	56	307680	4566	306	192
20200131	福建	124	1830401	16755	3648	796
20200131	西藏	3	17674	108	15	8
20200131	贵州	81	27081768	300277	46491	38660
20200131	辽宁	82	274396	1505	454	157
20200131	重庆	68	172354	2288	1671	20
20200131	陕西	168	897808	6650	3241	885
20200131	青海	7	2223	54	6	2
20200131	首尔特别市	1	1434	11	8	1
20200131	香港	1	1	0	0	0
20200131	黑龙江	85	1116756	9094	2571	1800
20200201		56	29040	282	34	11
20200201	Abidjan	1	677	11	2	0
20200201	Aichi-ken	2	1	0	0	0
20200201	Andalucía	1	7172	29	8	3
20200201	Auckland	1	3	1	0	0
20200201	Bangkok	8	424	16	3	0
20200201	Budapest	2	16	0	0	0
20200201	Cairo Governorate	1	2	0	0	0
20200201	Calabarzon	1	553	0	0	0
20200201	Catalunya	1	33185	41	8	1
20200201	Central Singapore Community Development Council	6	1785	81	23	3
20200201	Changwat Chon Buri	2	130	8	9	0
20200201	Changwat Krabi	1	95868	1106	273	93
20200201	Changwat Nonthaburi	1	183	7	0	0
20200201	Changwat Prachuap Khiri Khan	1	849	7	8	0
20200201	Changwat Rayong	2	5	1	0	0
20200201	Changwat Samut Sakhon	1	346	5	0	0
20200201	Chiba-ken	1	13	0	0	0
20200201	Chuyskaya Oblast’	1	4	0	0	0
20200201	Daerah Khusus Ibukota Jakarta	1	1690	41	2	0
20200201	Dhaka Division	1	1035	12	4	1
20200201	Dubai	9	8180	69	25	4
20200201	East	1	15340	136	16	9
20200201	Gyeongsangbuk-do	1	1273	11	1	1
20200201	Incheon	2	12	1	0	0
20200201	Kanagawa	2	7805	59	41	2
20200201	Khouèng Bokèo	1	5	1	0	0
20200201	Khyber Pakhtunkhwa Province	1	1307	15	3	0
20200201	Krasnoyarskiy Kray	1	31	2	0	0
20200201	Kuala Lumpur	7	1170	10	6	0
20200201	Kyoto Prefecture	1	764	16	5	1
20200201	Lombardia	3	19	2	0	0
20200201	National Capital Region	11	5063	49	13	2
20200201	North	1	1	0	0	0
20200201	Phnom Penh	3	10	1	0	0
20200201	Phuket Province	1	582	13	0	0
20200201	Port Louis District	1	628	4	5	0
20200201	Province du Haut-Katanga	1	660	4	1	0
20200201	Provincia de Buenos Aires	1	247	3	0	0
20200201	Punjab Province	2	1515	18	2	1
20200201	Québec	2	1525	29	3	0
20200201	Ra’s al Khaymah	1	579	2	4	1
20200201	Rio de Janeiro	1	4	1	0	0
20200201	Sankt-Peterburg	6	34	6	0	0
20200201	Selangor	1	3	0	2	0
20200201	State of New South Wales	4	285	2	0	1
20200201	State of Queensland	2	15	1	0	1
20200201	State of Victoria	1	4420	94	79	1
20200201	State of Western Australia	1	898	38	19	0
20200201	Sverdlovskaya Oblast’	2	23	1	0	0
20200201	Takeo	1	4	0	0	0
20200201	Tanintharyi	1	8	0	0	0
20200201	Tokyo Prefecture	6	9192	43	26	1
20200201	Tỉnh Bắc Giang	1	56	0	0	0
20200201	Tỉnh Hưng Yên	1	28	1	0	0
20200201	Vientiane Prefecture	1	5	0	0	0
20200201	Western Cape	1	2	1	0	0
20200201	Xaignabouli	1	408	8	2	0
20200201	Ōsaka-fu	2	572	2	0	0
20200201	万丹省	1	13	0	0	0
20200201	上海	879	7233857	54790	13204	5407
20200201	不列颠哥伦比亚	5	596	13	4	0
20200201	中苏拉威西省	2	11	0	0	0
20200201	云南	1439	6017081	55071	8131	3931
20200201	京畿道	3	1897	35	12	1
20200201	伊利诺伊州	3	2689	111	12	6
20200201	佛罗里达州	1	6	1	0	0
20200201	俄亥俄州	2	366	76	4	0
20200201	兵库县	1	1318	8	2	4
20200201	内蒙古	846	2868370	22440	6173	1460
20200201	加利福尼亚州	7	828457	33281	1802	382
20200201	加姆珀哈	1	13	1	0	0
20200201	北京	1210	242280660	3544852	231473	647701
20200201	台湾	2	46	0	0	0
20200201	吉林	1449	4941395	69119	13322	11066
20200201	四川	3254	14508128	193045	40240	16208
20200201	圣约翰	1	37	4	0	0
20200201	天津	651	23561587	315073	32215	89696
20200201	宁夏	300	21151475	78055	2909	22964
20200201	安大略	3	928	8	1	0
20200201	安徽	3930	12349549	148776	24998	10135
20200201	山东	5081	23460993	214694	42710	23111
20200201	山口县	1	6	0	0	0
20200201	山西	1860	11240078	95551	13706	6662
20200201	巴伐利亚	1	1544	44	27	2
20200201	巴厘岛	2	3272	31	4	0
20200201	布宜诺斯艾利斯	2	7	0	0	0
20200201	广东	5332	23916442	197425	34556	20790
20200201	广西	1713	7557120	66231	19783	5993
20200201	德克萨斯州	4	57	2	0	0
20200201	托斯卡纳	2	1241	14	3	0
20200201	拉齐奥	1	681	27	0	0
20200201	新斯科舍	1	5	0	0	0
20200201	新疆	487	549236	10337	2129	661
20200201	曼德勒	1	0	0	0	0
20200201	江苏	4043	23382035	278827	42690	22226
20200201	江西	1530	15240800	82473	18304	11912
20200201	河北	4062	13599710	145266	25230	7620
20200201	河南	11839	49810303	638986	111744	23835
20200201	浙江	2692	10642531	135185	23592	6938
20200201	海南	377	755659	12358	2104	665
20200201	湖北	2055	7795204	127705	16413	5614
20200201	湖南	1977	11146316	91960	15105	5194
20200201	澳大利亚首都领地	1	28141	54	19	0
20200201	澳门	5	5898	30	7	2
20200201	甘肃	1145	2770199	32048	6522	1323
20200201	田纳西州	1	5	1	0	0
20200201	福建	2349	10078142	73426	16134	9296
20200201	穆哈拉格省	1	12	0	0	0
20200201	苏格兰	2	3604	13	8	0
20200201	英格兰	13	5736	150	51	1
20200201	莫斯科州	1	178	4	0	0
20200201	西哈努克市	3	12942	296	54	1
20200201	西米沙鄢	1	632	5	1	0
20200201	西藏	61	62939	473	68	12
20200201	贵州	1614	5853716	68382	11041	2245
20200201	辽宁	2045	4077197	47137	11455	2310
20200201	达喀尔区	1	47	0	0	0
20200201	重庆	1240	47530256	467707	68863	131522
20200201	釜山广域市	1	45756	738	152	72
20200201	陕西	3318	11879230	106348	25037	6265
20200201	青海	168	453436	4786	1147	215
20200201	首尔特别市	7	2716	36	14	0
20200201	香港	12	17783	132	12	3
20200201	黑龙江	3547	47395860	896075	83882	199193
20200202		4	3372	43	3	6
20200202	Abū Z̧aby	1	140	20	9	0
20200202	Bangkok	1	9	1	0	0
20200202	Budapest	1	28	0	0	0
20200202	Central Singapore Community Development Council	1	142	4	4	0
20200202	Changwat Chon Buri	1	1258	6	0	0
20200202	Distrito de Vila Real	1	2	0	0	0
20200202	Incheon	1	349	2	0	0
20200202	Kharkiv	1	2238	44	19	0
20200202	Respublika Khakasiya	1	203	7	0	0
20200202	State of South Australia	1	13004	32	5	0
20200202	Tokyo Prefecture	1	3	0	0	0
20200202	Ulsan	1	6	1	0	0
20200202	上海	60	2188051	18713	1420	1998
20200202	不列颠哥伦比亚	1	5	0	0	0
20200202	云南	201	249052	5095	801	34
20200202	内华达州	1	630	21	2	0
20200202	内蒙古	73	44025	1350	104	29
20200202	加利福尼亚州	2	2799	38	3	0
20200202	北京	95	2076626	23958	1544	620
20200202	吉林	139	99934	2162	585	26
20200202	四川	223	363890	15627	1403	62
20200202	天津	45	77844	4309	420	14
20200202	宁夏	61	26998	275	56	9
20200202	安大略	1	5	0	0	0
20200202	安徽	325	327867	8105	1039	652
20200202	山东	322	734663	14199	2235	797
20200202	山西	150	208273	3073	680	32
20200202	广东	336	578336	8072	1456	186
20200202	广西	131	241271	3229	1050	345
20200202	新疆	38	30830	873	141	3
20200202	江苏	319	671636	18310	2721	1208
20200202	江西	146	305511	2802	659	61
20200202	河北	272	260195	4905	1041	116
20200202	河南	1043	2400454	33270	5044	1389
20200202	浙江	202	444584	14384	2372	112
20200202	海南	32	25388	502	80	2
20200202	湖北	179	551653	11525	1141	187
20200202	湖南	186	180087	3956	620	111
20200202	甘肃	73	93476	1706	247	23
20200202	田纳西州	1	2	1	0	0
20200202	福建	156	617453	23705	3073	121
20200202	英格兰	2	14010	178	31	5
20200202	西哈努克市	1	1	0	0	0
20200202	西藏	1	185	2	0	0
20200202	贵州	274	475431	10204	1340	221
20200202	辽宁	164	67508	1516	378	71
20200202	重庆	93	208381	3267	691	28
20200202	陕西	240	669800	8490	1296	143
20200202	青海	21	1006442	14206	182	809
20200202	首尔特别市	1	559	4	3	0
20200202	香港	1	27	5	0	0
20200202	黑龙江	368	356520	5484	1015	92
20200203		12	33016	302	5	17
20200203	Muḩāfaz̧at Maysān	1	32	0	0	0
20200203	上海	29	76308	1015	213	42
20200203	云南	95	352393	3743	379	95
20200203	内蒙古	39	24811	734	123	6
20200203	北京	59	8706489	124792	5038	5081
20200203	台湾	1	191	2	5	0
20200203	吉林	92	545676	4279	374	43
20200203	四川	111	122327	2837	368	13
20200203	天津	35	7517	544	50	1
20200203	宁夏	18	8187	548	64	0
20200203	安徽	180	615214	9191	1637	169
20200203	山东	198	168179	3395	1584	65
20200203	山西	76	106807	2567	404	33
20200203	广东	160	776015	9261	1602	1286
20200203	广西	63	120769	1962	426	40
20200203	新疆	39	33505	2357	226	17
20200203	江苏	130	151732	3568	507	22
20200203	江西	86	271462	3267	672	35
20200203	河北	133	179208	5251	419	331
20200203	河南	361	644836	15652	2589	121
20200203	浙江	92	74114	1463	372	21
20200203	海南	11	23118	412	58	12
20200203	湖北	71	1458638	11628	690	696
20200203	湖南	57	227552	6599	277	512
20200203	甘肃	52	54374	1933	236	14
20200203	福建	60	86081	3826	542	25
20200203	西藏	1	43	2	0	0
20200203	贵州	88	119483	2634	343	10
20200203	辽宁	93	39145	1275	270	11
20200203	重庆	34	64184	2328	437	8
20200203	陕西	170	753248	8171	1058	103
20200203	青海	9	585	29	0	0
20200203	香港	1	22	2	0	0
20200203	黑龙江	183	643942	29538	3388	107
20200204		9	10049	69	6	1
20200204	Nouvelle-Aquitaine	1	14765	49	5	0
20200204	Vientiane Prefecture	1	3	1	0	0
20200204	上海	19	21011	546	132	2
20200204	云南	70	696742	11355	624	1093
20200204	内华达州	1	1274	15	1	0
20200204	内蒙古	26	17030	319	66	3
20200204	北京	43	2772974	13310	719	942
20200204	吉林	55	277052	1622	142	115
20200204	四川	71	175752	3862	454	109
20200204	天津	13	58248	810	94	84
20200204	宁夏	16	22862	390	61	0
20200204	安徽	115	462928	5621	668	55
20200204	山东	152	105512	4305	501	96
20200204	山西	60	59226	1278	218	26
20200204	广东	126	1207323	15448	1327	103
20200204	广西	44	79756	1775	616	7
20200204	新疆	60	72561	2883	429	12
20200204	曼德勒	1	1	0	0	1
20200204	江苏	104	384466	11815	1147	218
20200204	江西	41	24644	624	86	5
20200204	河北	128	816494	6546	560	465
20200204	河南	308	749867	10859	1710	117
20200204	浙江	66	100262	1378	214	30
20200204	海南	15	19397	482	116	2
20200204	湖北	72	162044	3632	971	151
20200204	湖南	55	78936	1895	324	24
20200204	甘肃	42	49632	817	84	4
20200204	福建	43	229888	1855	175	102
20200204	西藏	1	8	1	0	0
20200204	贵州	64	75655	1844	308	8
20200204	辽宁	72	1037352	5475	515	154
20200204	重庆	23	12170	605	80	1
20200204	陕西	126	285974	4800	687	38
20200204	青海	8	4805	223	46	0
20200204	黑龙江	126	71780	1467	279	12
20200205		1	0	0	0	0
20200205	上海	21	57060	715	67	17
20200205	云南	47	89392	1218	149	5
20200205	内蒙古	14	119775	926	164	6
20200205	北京	25	30914	933	160	16
20200205	台湾	3	8149	141	26	4
20200205	吉林	22	77172	2521	203	20
20200205	四川	54	123136	1548	239	11
20200205	天津	11	12186	224	35	5
20200205	宁夏	4	10896	298	95	0
20200205	安徽	114	268452	6932	814	29
20200205	山东	102	104777	3272	382	78
20200205	山西	36	125254	2662	284	36
20200205	广东	87	78145	1952	284	134
20200205	广西	34	167618	10903	522	55
20200205	新疆	15	19357	622	50	3
20200205	江苏	106	403162	7171	1183	92
20200205	江西	22	9044	172	19	5
20200205	河北	87	159792	2019	246	26
20200205	河南	215	219594	6940	800	23
20200205	浙江	38	66746	1564	132	9
20200205	海南	5	1299	81	9	1
20200205	湖北	51	85564	2330	369	26
20200205	湖南	44	102586	1221	185	14
20200205	甘肃	26	18145	607	115	4
20200205	砂拉越	1	3	0	0	0
20200205	福建	36	41092	735	141	10
20200205	贵州	96	766627	6027	832	21
20200205	辽宁	31	130831	2057	178	10
20200205	重庆	23	12679	590	124	1
20200205	陕西	90	119986	4265	978	23
20200205	青海	3	2423	86	13	0
20200205	黑龙江	75	116499	835	843	24
20200206		1	930714	2804	229	250
20200206	上海	13	54256	903	72	72
20200206	云南	38	33279	2631	339	0
20200206	内蒙古	15	3751	146	11	1
20200206	北京	20	742248	60666	1958	2362
20200206	吉林	32	127684	1877	323	41
20200206	四川	37	58973	2040	305	7
20200206	天津	9	17263	723	75	3
20200206	宁夏	7	7963	96	23	0
20200206	安徽	42	38926	885	161	1
20200206	山东	86	112087	1623	306	15
20200206	山西	31	96855	1525	387	14
20200206	广东	49	3552754	70345	15390	1435
20200206	广西	25	85529	1496	1087	8
20200206	新疆	14	6971	144	8	0
20200206	新罕布什尔州	1	67	5	1	0
20200206	江苏	56	201947	1871	181	39
20200206	江西	14	13938	398	72	7
20200206	河北	79	247533	1563	255	41
20200206	河南	118	262929	5075	910	22
20200206	浙江	34	98134	2451	243	10
20200206	海南	1	6	0	0	0
20200206	湖北	40	54790	1264	458	2
20200206	湖南	42	209622	1452	163	20
20200206	甘肃	14	16144	735	125	4
20200206	福建	25	20727	448	84	3
20200206	西藏	1	13	0	0	0
20200206	贵州	28	15749	706	124	5
20200206	辽宁	27	51293	709	77	5
20200206	重庆	23	20155	390	150	2
20200206	陕西	61	40921	2290	434	12
20200206	青海	1	363	13	2	0
20200206	香港	3	1286	34	6	0
20200206	黑龙江	47	21674	585	72	1
20200207		1	5	0	0	0
20200207	上海	12	10828	344	26	4
20200207	云南	20	15380	164	44	3
20200207	内蒙古	8	177	14	2	1
20200207	北京	17	39622	449	48	19
20200207	吉林	25	79333	196	41	3
20200207	四川	34	70266	1183	161	8
20200207	天津	5	1353	66	30	0
20200207	宁夏	3	166	9	2	0
20200207	安徽	54	279515	2625	413	30
20200207	山东	49	86823	1108	165	8
20200207	山西	16	6466	337	70	0
20200207	广东	25	21608	422	179	5
20200207	广西	20	46907	2088	977	10
20200207	新疆	5	27019	85	5	1
20200207	江苏	43	56754	1102	213	20
20200207	江西	10	5383	711	190	2
20200207	河北	33	17321	527	72	1
20200207	河南	82	112681	3783	762	18
20200207	浙江	18	9517	233	38	2
20200207	海南	3	1075	14	26	0
20200207	湖北	35	118278	2614	728	77
20200207	湖南	10	13026	319	27	2
20200207	甘肃	11	3869	101	10	0
20200207	福建	23	104004	1563	262	7
20200207	西藏	1	7	0	0	0
20200207	贵州	13	11834	315	33	3
20200207	辽宁	21	62698	538	151	10
20200207	重庆	12	22402	789	171	4
20200207	陕西	33	33197	971	156	3
20200207	青海	2	1060	4	2	0
20200207	黑龙江	48	28164	1034	137	6
20200208	上海	12	2851769	132896	1897	560
20200208	云南	15	50546	378	54	0
20200208	内蒙古	6	1662	30	6	0
20200208	加利福尼亚州	1	635	22	25	1
20200208	北京	10	4853	95	16	2
20200208	吉林	10	10682	145	51	1
20200208	四川	20	5785	350	29	0
20200208	宁夏	2	16278	182	26	0
20200208	安徽	41	52198	715	118	2
20200208	山东	33	85490	1228	216	8
20200208	山西	16	43723	430	52	12
20200208	广东	22	76240	1367	143	36
20200208	广西	10	6194	290	89	5
20200208	新疆	2	900	24	5	0
20200208	江苏	52	691567	3392	351	48
20200208	江西	7	9933	429	30	2
20200208	河北	29	8110	222	54	2
20200208	河南	60	117242	2675	439	9
20200208	浙江	16	17892	228	53	3
20200208	海南	4	14633	84	13	0
20200208	湖北	5	10232	348	174	0
20200208	湖南	17	9118	202	45	3
20200208	甘肃	5	1414	34	2	1
20200208	福建	11	5463	91	29	1
20200208	西藏	3	5663	54	15	0
20200208	贵州	8	1054	40	10	0
20200208	辽宁	17	16563	212	25	2
20200208	重庆	5	1072	36	6	5
20200208	陕西	22	8290	493	89	8
20200208	青海	1	332	13	1	0
20200208	黑龙江	26	37371	275	47	4
20200209	上海	7	2516	58	15	2
20200209	云南	5	8180	459	71	0
20200209	内蒙古	4	29545	668	152	2
20200209	北京	7	334661	7037	344	52
20200209	吉林	11	6381	328	120	3
20200209	四川	19	2021485	80319	8421	2211
20200209	天津	3	3239	23	3	3
20200209	宁夏	1	51	3	0	0
20200209	安徽	20	13026	461	42	1
20200209	山东	26	14527	239	51	2
20200209	山西	9	14643	104	43	3
20200209	广东	22	18887	282	58	1
20200209	广西	13	19244	349	85	4
20200209	新疆	1	98	5	0	0
20200209	江苏	29	140626	1835	161	5
20200209	江西	5	3479	66	1	2
20200209	河北	20	6762	214	37	6
20200209	河南	50	88031	2481	339	16
20200209	浙江	8	2799	74	26	1
20200209	海南	1	3171	69	31	2
20200209	湖北	12	33138	824	202	6
20200209	湖南	6	28843	98	11	1
20200209	甘肃	6	15083	482	65	0
20200209	福建	5	3486	52	1	0
20200209	贵州	13	7075	458	57	0
20200209	辽宁	7	521	31	6	0
20200209	重庆	3	4834	102	11	1
20200209	陕西	16	18286	361	65	0
20200209	黑龙江	22	12826	413	67	0
20200210	Central Singapore Community Development Council	1	65	4	0	0
20200210	上海	2	17	0	0	0
20200210	云南	9	19503	131	34	1
20200210	内蒙古	2	2256	59	16	0
20200210	北京	9	15931	37	5	0
20200210	吉林	6	7288	43	27	1
20200210	四川	7	2823	142	17	0
20200210	天津	1	11	0	0	0
20200210	宁夏	1	644	10	2	0
20200210	安徽	11	10621	319	50	6
20200210	山东	23	3697	115	19	0
20200210	广东	26	22061	437	111	9
20200210	广西	10	6170	96	24	1
20200210	新疆	4	879	71	6	0
20200210	江苏	23	20024	339	66	0
20200210	江西	5	19274	61	29	34
20200210	河北	16	9010	383	18	4
20200210	河南	36	201070	2265	427	36
20200210	浙江	12	4965	122	53	2
20200210	海南	1	158	7	0	0
20200210	湖北	12	25537	418	44	0
20200210	湖南	9	13749	183	42	3
20200210	甘肃	5	20477	141	37	0
20200210	福建	9	9556	198	22	0
20200210	贵州	11	8277	80	15	2
20200210	辽宁	8	7571	151	58	0
20200210	重庆	5	1971	18	19	1
20200210	陕西	7	14382	293	42	0
20200210	黑龙江	15	6551	73	28	0
20200211		3	0	0	0	0
20200211	Daegu	1	25	1	0	0
20200211	National Capital Region	1	3664	169	1	1
20200211	上海	14	12203	142	19	2
20200211	云南	14	6503	199	41	2
20200211	内蒙古	7	1342	9	4	0
20200211	北京	11	1946	57	16	2
20200211	吉林	6	1102	24	6	0
20200211	四川	15	201244	2046	104	54
20200211	天津	2	1702	13	1	0
20200211	宁夏	2	59	2	0	0
20200211	安徽	23	23056	282	61	5
20200211	山东	28	31572	545	99	6
20200211	山西	12	6708	296	12	5
20200211	广东	28	25555	295	44	6
20200211	广西	10	7282	65	12	0
20200211	新疆	8	9255	67	32	1
20200211	江苏	37	20102	396	72	8
20200211	江西	8	3730	55	15	3
20200211	河北	20	6878	198	38	1
20200211	河南	56	69035	1422	184	41
20200211	浙江	20	33841	173	28	5
20200211	海南	6	12612	223	104	5
20200211	湖北	21	43983	1257	115	19
20200211	湖南	9	2377	33	0	0
20200211	甘肃	7	159	12	8	0
20200211	福建	18	9811	149	30	1
20200211	贵州	5	14621	205	19	0
20200211	辽宁	8	1478	33	6	0
20200211	重庆	6	19400	403	29	0
20200211	陕西	13	12746	129	18	0
20200211	青海	2	926	25	0	0
20200211	黑龙江	9	5242	61	11	0
20200212		1	343699	2697	131	161
20200212	上海	10	2862	87	19	10
20200212	云南	14	28502	498	80	2
20200212	内蒙古	7	737	11	0	0
20200212	北京	14	73058	1140	62	37
20200212	吉林	10	4195	76	10	12
20200212	四川	8	6277	286	20	0
20200212	天津	2	85	4	0	0
20200212	宁夏	1	1456	253	99	0
20200212	安徽	22	397205	1963	135	107
20200212	山东	31	50194	348	49	96
20200212	山西	10	21155	211	11	1
20200212	广东	25	7972837	39264	5359	906
20200212	广西	13	41506	334	52	11
20200212	新疆	3	1177	47	10	0
20200212	江苏	27	173515	957	187	32
20200212	江西	4	2267	31	8	0
20200212	河北	24	80551	653	99	33
20200212	河南	44	555157	1662	324	464
20200212	浙江	20	34495	380	95	7
20200212	海南	1	1447	2	0	0
20200212	湖北	15	33579	288	33	27
20200212	湖南	14	31216843	297677	41830	16527
20200212	甘肃	3	180	7	2	0
20200212	福建	16	8717	75	6	3
20200212	西藏	1	41159	346	10	11
20200212	贵州	5	3091	73	6	0
20200212	辽宁	19	26050	698	158	2
20200212	重庆	5	3555	67	9	0
20200212	陕西	18	69063	475	72	68
20200212	黑龙江	23	152575	1083	63	68
20200213	Bangkok	1	5	0	0	0
20200213	上海	4	3006	31	12	1
20200213	云南	15	3346	216	25	3
20200213	内蒙古	3	2118	22	7	1
20200213	北京	8	5836	166	22	6
20200213	吉林	7	2513	49	5	0
20200213	四川	11	9620	305	81	1
20200213	天津	1	512	52	11	0
20200213	宁夏	3	32	2	0	0
20200213	安徽	17	97876	4688	320	18
20200213	山东	18	13152	289	101	2
20200213	山西	5	6580	202	50	0
20200213	广东	16	451534	3706	173	139
20200213	广西	5	4059	152	38	1
20200213	新疆	3	2320	328	27	0
20200213	江苏	17	6196	1232	239	4
20200213	江西	5	2422	41	12	1
20200213	河北	12	4221	228	43	2
20200213	河南	31	28694	1486	457	4
20200213	浙江	5	1130	46	9	0
20200213	海南	2	3685	34	11	0
20200213	湖北	3	34137	316	12	14
20200213	湖南	8	5625	75	12	5
20200213	甘肃	7	18846	223	76	3
20200213	福建	7	31444	341	28	20
20200213	西藏	1	62	2	1	0
20200213	贵州	4	2826	91	22	0
20200213	辽宁	6	528	13	7	1
20200213	重庆	1	642	42	0	0
20200213	陕西	13	11646	82	31	2
20200213	青海	1	28	0	0	0
20200213	黑龙江	8	5427	150	23	1
20200214		2	1242	30	8	1
20200214	Bangkok	1	1	0	0	0
20200214	Dubai	1	3519	47	2	0
20200214	上海	6	2181	68	3	4
20200214	云南	5	1192	19	0	2
20200214	北京	5	192	5	1	0
20200214	吉林	3	1033	25	2	0
20200214	四川	8	2163	33	12	1
20200214	天津	2	1449	16	5	2
20200214	宁夏	1	19	0	0	0
20200214	安徽	12	2706	84	7	4
20200214	山东	19	6750	89	52	6
20200214	山西	6	1917	67	22	0
20200214	广东	17	85529	644	39	11
20200214	广西	6	3468	23	13	0
20200214	江苏	17	414074	2758	226	66
20200214	江西	4	5893	159	54	1
20200214	河北	16	13970	443	60	1
20200214	河南	27	8954	323	41	1
20200214	浙江	8	186084	1907	224	37
20200214	湖北	2	67	3	0	0
20200214	湖南	4	945	41	2	1
20200214	甘肃	4	1804	42	10	0
20200214	福建	3	551	9	4	0
20200214	贵州	14	9600	193	37	1
20200214	辽宁	6	1227	35	8	0
20200214	重庆	3	12044	201	59	4
20200214	陕西	9	5001	245	47	0
20200214	黑龙江	8	2585	35	19	0
20200215		3	36529	343	20	2
20200215	云南	14	5824	119	21	1
20200215	内蒙古	4	78837	515	53	75
20200215	北京	3	404956	5963	654	232
20200215	吉林	2	66	3	0	0
20200215	四川	7	390275	1999	153	203
20200215	天津	1	585	69	5	2
20200215	宁夏	2	2565	89	15	1
20200215	安徽	14	16507	180	40	0
20200215	山东	17	428265	4019	355	263
20200215	山西	3	20501	1383	82	23
20200215	广东	14	648126	2793	197	404
20200215	广西	4	2977	78	12	0
20200215	江苏	11	891240	6030	864	521
20200215	江西	4	1125	16	1	0
20200215	河北	17	11681335	52254	6708	5474
20200215	河南	44	22124826	147946	17647	17851
20200215	浙江	6	4315	51	19	0
20200215	海南	1	49	4	5	0
20200215	湖北	2	4271	427	126	1
20200215	湖南	23	12216	270	50	1
20200215	甘肃	4	5117	190	24	0
20200215	福建	5	2569	16	1	0
20200215	贵州	3	17	2	0	0
20200215	辽宁	4	1162	22	2	0
20200215	重庆	3	6800	59	43	0
20200215	陕西	10	16255	604	31	26
20200215	青海	1	32	1	0	0
20200215	黑龙江	4	8833	505	61	0
20200216	Central Singapore Community Development Council	1	516	4	9	0
20200216	上海	1	484	4	2	0
20200216	云南	5	7369	151	27	0
20200216	内蒙古	2	2140	45	12	1
20200216	北京	4	4815	113	0	1
20200216	吉林	5	2113	58	10	0
20200216	四川	11	3627	74	12	2
20200216	天津	1	10	0	0	0
20200216	安徽	12	50612	257	47	3
20200216	山东	9	3501268	10732	219	796
20200216	山西	4	2980	112	49	0
20200216	广东	12	110911	385	60	43
20200216	广西	6	3840	141	27	0
20200216	江苏	16	14079	221	33	2
20200216	江西	4	642976	3875	126	330
20200216	河北	14	8250	61	7	0
20200216	河南	40	78664	1311	268	67
20200216	浙江	3	1648	76	6	0
20200216	海南	1	11305	21	5	10
20200216	湖北	6	2697	140	5	0
20200216	湖南	9	8967	246	113	1
20200216	甘肃	2	2062	18	5	0
20200216	福建	11	108139	1308	123	86
20200216	贵州	7	24358	410	28	3
20200216	辽宁	2	1254	15	0	0
20200216	重庆	2	11266	83	0	0
20200216	陕西	9	4700	608	121	2
20200216	青海	1	0	0	0	0
20200216	香港	1	208	6	0	0
20200216	黑龙江	5	213	6	4	0
20200217	云南	10	4801	175	37	1
20200217	北京	5	260717	548	24	21
20200217	吉林	1	74	0	0	0
20200217	四川	4	4075	361	42	1
20200217	天津	4	1908	105	5	0
20200217	宁夏	1	492	4	2	0
20200217	安徽	5	15217	258	47	7
20200217	山东	8	398	11	2	0
20200217	山西	1	83	1	0	0
20200217	广东	10	3409	83	66	3
20200217	广西	5	2883	43	16	1
20200217	新疆	1	2216	14	2	0
20200217	江苏	8	3197	49	4	0
20200217	江西	3	883	25	5	0
20200217	河北	8	1973	37	3	0
20200217	河南	14	18518	277	59	4
20200217	浙江	2	21830	72	9	0
20200217	湖北	3	994	47	30	1
20200217	湖南	4	681	2	0	0
20200217	甘肃	3	1019	109	66	1
20200217	福建	2	2088	12	4	1
20200217	贵州	4	2305	49	17	0
20200217	辽宁	3	31453	986	116	18
20200217	重庆	1	556	24	1	0
20200217	陕西	4	790	72	8	0
20200217	黑龙江	7	4065	57	14	1
20200218		1	0	0	0	0
20200218	上海	4	9872	163	54	1
20200218	云南	6	1767	26	1	0
20200218	北京	3	71	2	0	0
20200218	吉林	4	10755	76	19	0
20200218	四川	5	8238	354	27	1
20200218	天津	5	326	9	0	0
20200218	宁夏	2	44	0	0	2
20200218	安徽	6	3854	154	16	0
20200218	山东	8	2456	108	17	0
20200218	广东	9	4426	68	23	8
20200218	广西	1	19	3	0	0
20200218	江苏	3	4016	206	98	0
20200218	江西	3	4581	158	40	0
20200218	河北	5	2635	133	27	0
20200218	河南	15	75277	2930	449	8
20200218	浙江	3	141	7	0	0
20200218	海南	1	1	0	0	0
20200218	湖北	4	1195	22	12	0
20200218	湖南	8	2170	23	5	0
20200218	福建	4	1326	26	1	2
20200218	贵州	2	426322	5596	1099	283
20200218	重庆	5	3067	30	5	1
20200218	黑龙江	4	1628	59	9	0
20200219		1	0	0	0	0
20200219	上海	1	1369	4	0	0
20200219	云南	4	8012	27	12	0
20200219	内蒙古	3	2757	52	4	2
20200219	北京	1	674	7	0	0
20200219	吉林	2	12094	74	15	0
20200219	四川	5	8255	141	9	1
20200219	安徽	3	1811	20	2	2
20200219	山东	6	2702	49	13	0
20200219	广东	5	4884	88	14	1
20200219	广西	2	882	22	3	1
20200219	新疆	1	40	10	3	0
20200219	江苏	7	13260	193	55	2
20200219	江西	2	338	3	0	0
20200219	河北	4	3889	43	19	1
20200219	河南	18	110465	788	75	55
20200219	浙江	2	955	4	2	0
20200219	湖北	5	1718	63	8	1
20200219	湖南	4	32140	732	24	129
20200219	甘肃	1	288	10	0	0
20200219	福建	2	441	38	3	1
20200219	贵州	1	396	3	0	0
20200219	辽宁	1	1	0	0	0
20200219	重庆	3	1030	50	14	0
20200219	陕西	6	1743	258	23	0
20200219	黑龙江	7	11911	110	31	5
20200220	上海	1	557	11	2	0
20200220	云南	5	7990	95	23	4
20200220	内蒙古	1	545	9	0	0
20200220	北京	1	29	1	0	0
20200220	吉林	3	7	1	0	0
20200220	四川	3	2180	177	22	0
20200220	安徽	2	615	3	0	0
20200220	山东	3	795	13	2	0
20200220	山西	2	813	38	15	0
20200220	广东	5	2401	160	62	2
20200220	江苏	4	2387	108	2	1
20200220	河北	3	605	6	1	0
20200220	河南	19	20509	873	87	6
20200220	浙江	1	304	7	0	0
20200220	海南	1	130	7	1	1
20200220	湖北	6	2931	47	10	2
20200220	湖南	1	425	55	3	0
20200220	甘肃	1	3382	12	4	0
20200220	福建	2	618	5	0	0
20200220	贵州	5	1700	52	8	0
20200220	辽宁	2	1490	22	7	1
20200220	陕西	3	1612	81	8	0
20200220	黑龙江	4	899	25	8	0
20200221		2	0	0	0	0
20200221	云南	2	474	11	0	1
20200221	北京	2	409108	8315	1517	102
20200221	吉林	4	2343	21	2	5
20200221	四川	4	4362	116	43	0
20200221	安徽	1	1	0	0	0
20200221	山东	5	1747	23	15	0
20200221	山西	1	1183	18	3	0
20200221	广东	6	867	14	3	0
20200221	广西	1	57	3	0	0
20200221	江苏	3	2212	23	4	0
20200221	江西	2	85	7	0	0
20200221	河南	10	7572	262	32	0
20200221	浙江	1	0	0	0	0
20200221	湖北	1	45	3	0	0
20200221	湖南	4	9974	431	37	0
20200221	甘肃	1	3	0	0	0
20200221	福建	2	1126	60	3	1
20200221	贵州	3	202	3	0	1
20200221	辽宁	2	222	8	0	0
20200221	陕西	3	1767	96	10	0
20200221	黑龙江	3	1257	25	21	0
20200222		1	0	0	0	0
20200222	上海	2	655	8	2	1
20200222	云南	2	631	18	4	2
20200222	内蒙古	1	98	6	3	0
20200222	北京	3	577	8	7	0
20200222	吉林	1	19	0	0	0
20200222	四川	3	2555	26	9	0
20200222	天津	2	16315	235	49	0
20200222	安徽	2	911	17	1	0
20200222	山东	5	2419	76	17	1
20200222	山西	4	5538	24	5	0
20200222	广东	4	1518	126	28	1
20200222	广西	1	369	62	1	0
20200222	江苏	7	1918	75	8	1
20200222	江西	2	13	2	0	0
20200222	河北	4	915	13	4	2
20200222	河南	17	578887	3983	959	24
20200222	湖北	1	707	42	16	0
20200222	湖南	3	3533	47	18	0
20200222	甘肃	2	68	2	5	1
20200222	福建	4	1391	92	2	0
20200222	贵州	2	758	14	1	0
20200222	辽宁	1	39659	42	0	0
20200222	陕西	3	1396	41	8	0
20200222	黑龙江	3	1188	8	0	0
20200223		1	0	0	0	0
20200223	上海	1	99	1	0	0
20200223	云南	1	15	1	0	0
20200223	内蒙古	2	463	4	0	1
20200223	北京	1	13	1	0	0
20200223	吉林	1	0	0	0	0
20200223	四川	3	4413	199	43	3
20200223	宁夏	1	371	10	1	0
20200223	安徽	3	8039	68	8	0
20200223	山东	4	4383	77	6	1
20200223	山西	1	303	3	0	0
20200223	广东	6	32678	87	12	5
20200223	广西	1	937	3	0	0
20200223	新疆	1	6	0	0	1
20200223	江苏	3	11090	32	3	1
20200223	江西	1	302	51	5	0
20200223	河北	3	552	18	0	0
20200223	河南	12	15689	456	81	10
20200223	浙江	4	42317	97	13	9
20200223	湖北	2	18	2	0	0
20200223	甘肃	2	9	1	0	0
20200223	福建	1	1	0	0	0
20200223	贵州	2	1213	41	6	0
20200223	辽宁	1	4	0	0	0
20200223	重庆	2	184484	3540	178	265
20200223	陕西	1	169	5	2	0
20200223	黑龙江	3	673	29	14	0
20200224		1	0	0	0	0
20200224	北京	1	489	4	0	0
20200224	吉林	2	744	46	27	1
20200224	天津	1	293	3	7	0
20200224	宁夏	4	18815	114	5	9
20200224	安徽	5	305	11	1	0
20200224	山东	9	18657	219	34	5
20200224	山西	1	584	6	6	0
20200224	广东	11	11416	642	112	4
20200224	广西	1	684	1	1	0
20200224	新疆	1	2295	90	17	0
20200224	江苏	3	4313	308	7	1
20200224	江西	1	16	1	2	0
20200224	河北	4	1755	48	12	0
20200224	河南	6	11555	62	24	0
20200224	浙江	3	2871	50	11	0
20200224	湖北	6	29930	871	429	23
20200224	湖南	3	31451	222	37	5
20200224	甘肃	3	298	22	1	0
20200224	福建	5	6839	78	25	0
20200224	贵州	4	2134	68	3	1
20200224	辽宁	2	720	20	23	1
20200224	重庆	1	357	16	7	0
20200224	陕西	4	383	15	0	0
20200224	青海	1	256	4	0	0
20200224	黑龙江	4	1116	18	8	1
20200225		1	0	0	0	0
20200225	上海	1	9	2	0	0
20200225	云南	6	2923	44	6	0
20200225	内蒙古	1	185	5	0	0
20200225	北京	2	209	5	1	0
20200225	吉林	1	22	1	0	0
20200225	天津	1	8	0	0	0
20200225	安徽	2	1548	11	26	0
20200225	山东	6	2644	58	5	1
20200225	山西	1	1	1	0	0
20200225	广东	9	17686	703	191	33
20200225	广西	2	15	0	0	0
20200225	江苏	5	434	21	0	1
20200225	江西	1	77	3	0	0
20200225	河北	2	237	9	3	0
20200225	河南	7	4185	113	67	8
20200225	浙江	2	209	1	0	0
20200225	湖北	2	5	1	0	0
20200225	湖南	6	758	9	1	8
20200225	甘肃	2	1294	17	0	1
20200225	福建	1	6	1	0	0
20200225	贵州	1	373	12	0	0
20200225	陕西	6	39431	225	28	28
20200225	青海	1	708	7	3	0
20200225	黑龙江	2	787	16	1	0
20200226	Changwat Chon Buri	1	26	1	1	0
20200226	上海	1	0	0	0	0
20200226	云南	1	208	6	0	0
20200226	北京	1	75	2	1	0
20200226	吉林	1	0	0	0	0
20200226	天津	1	1522	87	17	0
20200226	安徽	2	295	3	0	0
20200226	山东	7	1304	46	5	2
20200226	广东	10	22643	567	45	32
20200226	江苏	6	1005	35	11	0
20200226	江西	1	1	0	0	0
20200226	河北	1	0	0	0	0
20200226	河南	10	22678	922	124	1
20200226	浙江	3	1274	52	2	0
20200226	湖北	2	1346	12	0	5
20200226	福建	2	1553	32	10	0
20200226	贵州	1	3	0	0	0
20200226	辽宁	1	1112	84	25	0
20200226	重庆	1	1	0	0	0
20200226	陕西	4	3864	61	1	3
20200226	黑龙江	2	12	0	0	0
20200227		1	0	0	0	0
20200227	上海	1	349	6	0	5
20200227	云南	2	552	30	5	0
20200227	北京	2	286	7	7	2
20200227	吉林	1	0	0	0	0
20200227	四川	1	1203	9	0	1
20200227	安徽	1	3	1	0	0
20200227	山东	2	895	23	1	1
20200227	山西	1	8599	179	106	1
20200227	广东	7	767	9	4	1
20200227	广西	2	5562	292	111	0
20200227	江苏	5	1511	37	9	1
20200227	江西	1	95	2	0	0
20200227	河北	2	889	46	2	0
20200227	河南	12	106890	3408	381	132
20200227	浙江	1	666	16	2	1
20200227	海南	1	98	19	0	0
20200227	湖北	2	31851	609	102	12
20200227	湖南	2	1121	50	4	1
20200227	甘肃	4	818	29	2	0
20200227	福建	5	61122	777	239	104
20200227	贵州	5	1900	39	0	0
20200227	辽宁	2	5530	74	23	0
20200227	陕西	1	300	5	1	0
20200227	黑龙江	2	264	5	0	0
20200228		2	0	0	0	0
20200228	北京	2	2059	37	2	2
20200228	四川	4	17	0	0	1
20200228	天津	1	498	29	3	1
20200228	安徽	2	86	6	0	0
20200228	山西	2	10259	374	91	2
20200228	广东	4	38612	114	12	110
20200228	广西	2	933	29	8	4
20200228	新疆	1	768	27	0	0
20200228	江苏	3	824	8	0	0
20200228	江西	1	1078	28	9	0
20200228	河北	4	870	26	2	0
20200228	河南	4	1200	25	5	0
20200228	浙江	1	588	12	4	2
20200228	海南	2	1175	68	40	1
20200228	湖北	1	3	0	0	0
20200228	湖南	1	295	3	1	1
20200228	福建	3	227	10	2	0
20200228	辽宁	1	2	0	0	0
20200228	陕西	3	317	3	2	0
20200229		1	0	0	0	0
20200229	Okinawa	1	4	0	0	0
20200229	云南	1	909	31	1	5
20200229	北京	4	999	23	0	1
20200229	吉林	1	0	0	0	0
20200229	四川	1	1494	43	1	0
20200229	天津	2	189	3	0	0
20200229	安徽	2	83	1	0	0
20200229	山东	2	9	0	0	0
20200229	广东	4	1748	22	43	0
20200229	广西	1	16	1	2	0
20200229	江苏	1	2350	71	43	0
20200229	江西	1	559	55	11	0
20200229	河北	2	179	5	0	0
20200229	河南	7	3141	150	28	2
20200229	浙江	1	418	25	0	2
20200229	湖北	5	16839	103	29	7
20200229	甘肃	1	461	21	3	0
20200229	福建	2	112729	5573	770	40
20200229	贵州	2	260	0	1	0
20200229	辽宁	1	8	0	0	0
20200229	重庆	1	219	3	3	0
20200229	黑龙江	1	922	12	0	0
20200301	云南	3	3639	83	62	10
20200301	吉林	1	40	0	0	0
20200301	四川	3	15	0	0	0
20200301	安徽	1	227	5	0	0
20200301	山东	5	819	9	4	0
20200301	山西	3	467	52	10	0
20200301	广东	2	1893	62	18	5
20200301	广西	3	63	0	0	0
20200301	江苏	3	8770	16	1	0
20200301	江西	2	1185	31	4	0
20200301	河北	1	18	1	0	2
20200301	河南	8	2127	89	26	4
20200301	浙江	7	494008	8297	1870	54
20200301	湖北	4	20511	472	121	0
20200301	湖南	5	6686	295	27	0
20200301	福建	4	1296	43	0	0
20200301	贵州	2	146	5	0	0
20200301	陕西	3	580	17	1	0
20200302	内蒙古	3	1170	8	0	0
20200302	四川	2	334	16	4	0
20200302	安徽	1	935	41	2	0
20200302	山东	5	264	14	0	0
20200302	江苏	2	1312	34	14	0
20200302	江西	1	165	4	0	0
20200302	河北	1	956	10	2	0
20200302	河南	5	1640	51	15	1
20200302	浙江	2	504	12	2	0
20200302	福建	4	18627	116	112	1
20200302	黑龙江	1	396	16	39	0
20200303	上海	1	0	0	0	0
20200303	云南	1	660	31	1	0
20200303	内蒙古	1	169	16	3	0
20200303	吉林	1	217	6	0	0
20200303	四川	4	675	14	1	0
20200303	安徽	2	1348	49	10	0
20200303	山东	4	687	21	0	0
20200303	山西	1	650	3	0	0
20200303	广东	5	1669	75	24	4
20200303	新疆	2	904	6	2	1
20200303	江苏	3	40976	246	31	9
20200303	江西	3	7	0	0	0
20200303	河北	3	4213	123	27	1
20200303	河南	8	1356	28	3	0
20200303	浙江	2	8515	373	104	1
20200303	湖北	2	2065	26	12	0
20200303	湖南	1	6	1	0	0
20200303	甘肃	1	0	0	0	0
20200303	福建	3	350	20	3	2
20200303	贵州	2	12	1	0	0
20200303	辽宁	2	570	15	0	1
20200303	陕西	2	1782	39	7	0
20200303	黑龙江	2	745	26	4	1
20200304	Lombardia	2	12	0	0	0
20200304	上海	3	148941	1098	179	32
20200304	云南	14	14683	274	31	56
20200304	内蒙古	1	4	1	0	0
20200304	北京	1	183	8	0	0
20200304	吉林	2	353	7	2	2
20200304	四川	1	200	9	0	0
20200304	安徽	3	42	2	0	0
20200304	山东	4	1280	43	15	0
20200304	山西	3	2888	26	5	0
20200304	广东	4	231	4	0	0
20200304	江苏	4	1328	19	1	0
20200304	江西	1	739	32	7	0
20200304	河北	2	736	22	6	0
20200304	河南	6	20661	634	113	5
20200304	浙江	3	5542	167	11	5
20200304	湖北	2	786	99	13	0
20200304	福建	18	8003	299	24	6
20200304	贵州	1	78	0	0	2
20200304	辽宁	3	13022	37	11	2
20200304	重庆	3	3586	59	5	0
20200304	陕西	1	24	0	0	0
20200304	黑龙江	2	464	17	0	0
20200305	Ōsaka-fu	2	50407	665	116	5
20200305	云南	4	2870	104	18	0
20200305	内蒙古	1	1059	22	3	0
20200305	北京	3	301	2	1	1
20200305	四川	1	521	10	2	0
20200305	安徽	1	503	7	0	0
20200305	山东	2	3065	94	15	0
20200305	广东	3	35253	176	69	9
20200305	广西	2	448	12	3	0
20200305	江苏	2	1037	27	0	0
20200305	江西	1	6	0	0	0
20200305	河北	3	1238	26	3	0
20200305	河南	2	113	7	0	0
20200305	浙江	1	230	8	0	0
20200305	海南	1	25	0	0	0
20200305	甘肃	2	883	12	2	0
20200305	福建	5	13701	158	21	85
20200305	贵州	1	164	8	0	0
20200305	辽宁	1	8	1	0	0
20200305	重庆	1	4	1	0	0
20200305	陕西	2	1028	68	4	0
20200305	黑龙江	1	137	6	2	0
20200306	上海	1	77	7	1	0
20200306	北京	1	38345	826	58	135
20200306	四川	2	270	23	3	0
20200306	山东	2	121	4	0	0
20200306	广东	6	870	30	3	3
20200306	江苏	1	4	0	0	0
20200306	河南	3	2317	40	4	0
20200306	湖南	1	884	12	2	0
20200306	辽宁	2	202	0	0	0
20200306	陕西	2	347	11	0	1
20200307	State of New South Wales	1	7	1	0	0
20200307	云南	1	3	1	0	0
20200307	内蒙古	2	442	32	4	0
20200307	吉林	5	275	23	0	0
20200307	四川	1	5	0	0	0
20200307	山东	1	5	0	0	0
20200307	广东	7	3098	84	31	1
20200307	江苏	6	7410	801	80	0
20200307	江西	1	1	0	0	0
20200307	河北	3	1343	36	6	0
20200307	河南	4	1649	25	1	1
20200307	浙江	2	9	0	0	0
20200307	湖北	2	398	15	0	0
20200307	福建	2	186538	488	19	4
20200307	贵州	2	88	3	0	0
20200307	辽宁	3	24	2	0	0
20200307	黑龙江	4	6621	94	15	5
20200308	Greater Accra Region	3	88	3	0	0
20200308	上海	1	323	30	5	0
20200308	云南	1	834	37	1	0
20200308	四川	1	410	2	0	0
20200308	安徽	3	1345	28	3	0
20200308	广东	1	807	38	9	0
20200308	广西	1	9159	102	19	0
20200308	江西	1	2	0	0	0
20200308	河北	1	2039	2	0	0
20200308	河南	5	19408	204	39	0
20200308	浙江	1	5023	281	7	1
20200308	湖北	1	233	2	3	0
20200308	湖南	2	5441	73	4	2
20200308	福建	2	9157	112	16	1
20200308	贵州	1	302	42	3	0
20200308	辽宁	1	267	0	2	0
20200308	黑龙江	3	518	6	1	0
20200309	云南	4	844	22	7	0
20200309	吉林	1	306	2	0	0
20200309	安徽	2	40354	813	90	9
20200309	山东	1	198	8	1	1
20200309	山西	3	3474	46	16	0
20200309	广东	4	993	32	16	6
20200309	江苏	2	1192	141	38	0
20200309	河北	11	353	27	2	0
20200309	河南	5	55787	949	50	44
20200309	浙江	2	5683	388	16	0
20200309	湖北	1	198	20	4	1
20200310	北京	2	3	0	0	0
20200310	四川	1	55	1	0	0
20200310	安徽	1	165	12	0	0
20200310	广东	1	2	0	0	0
20200310	新疆	1	2	0	0	0
20200310	江苏	3	12934	307	109	0
20200310	河南	6	1394	56	12	0
20200310	湖北	4	4192	165	21	12
20200310	辽宁	1	136	4	1	0
20200310	陕西	1	504	20	10	0
20200310	黑龙江	2	829	41	2	0
20200311	北京	1	1	0	0	0
20200311	吉林	1	193	0	0	0
20200311	四川	1	145	4	1	0
20200311	天津	2	75	1	0	0
20200311	山东	2	1094	20	4	1
20200311	山西	2	175	3	0	1
20200311	广东	4	2030	138	42	0
20200311	新疆	1	1043	213	15	0
20200311	江苏	3	86724	1348	257	9
20200311	河北	2	207	4	0	0
20200311	河南	2	64	4	1	0
20200311	浙江	2	335	20	3	0
20200311	湖北	1	9	1	0	0
20200311	湖南	1	309	13	5	0
20200311	福建	1	215	1	0	0
20200311	青海	1	175	5	0	0
20200312	云南	2	156	17	8	0
20200312	吉林	1	816	113	5	4
20200312	山东	1	133	14	0	0
20200312	广东	3	1150	12	2	1
20200312	江西	1	118	3	6	0
20200312	河北	3	187	14	1	0
20200312	河南	2	581	43	9	0
20200312	浙江	4	360	2	1	0
20200312	海南	3	1730	18	8	0
20200312	湖北	3	6123	32	21	1
20200312	湖南	1	2473	57	7	0
20200312	重庆	1	3	0	0	0
20200312	陕西	1	89	3	0	0
20200312	黑龙江	3	1356	20	5	0
20200313		2	3353	10	2	0
20200313	北京	3	1	0	0	0
20200313	四川	1	96	1	0	0
20200313	山东	5	480	8	0	0
20200313	广东	6	5204	304	71	2
20200313	江苏	3	62	6	1	0
20200313	河北	2	140	3	1	0
20200313	河南	4	454	21	2	0
20200313	湖南	1	0	0	0	0
20200313	福建	1	24	1	3	0
20200313	贵州	2	810	35	6	0
20200313	辽宁	1	332	16	16	0
20200313	重庆	1	507	119	31	0
20200313	陕西	1	2	0	0	0
