20200101	山东	1	300	2	0	0
20200101	山西	1	259	8	1	0
20200102	四川	2	8	0	0	1
20200102	江西	1	414539	20765	397	82
20200102	福建	1	0	0	0	0
20200103		1	2	0	0	0
20200103	山东	2	1214	4	0	2
20200103	辽宁	1	0	0	0	0
20200104	山东	1	0	0	0	0
20200104	新疆	1	1733	10	0	1
20200104	辽宁	1	0	0	0	0
20200104	陕西	2	543	34	2	0
20200105	河南	1	0	0	0	0
20200105	陕西	3	388	7	4	0
20200106	云南	1	3	1	0	0
20200106	辽宁	1	0	0	0	0
20200106	重庆	1	79	8	0	0
20200106	陕西	2	520	23	1	0
20200106	黑龙江	1	0	0	0	0
20200107	上海	2	335	9	0	1
20200107	陕西	6	69	0	0	0
20200108	江苏	1	1168	6	0	0
20200108	湖南	1	42597	965	21	16
20200108	陕西	2	1246	41	5	0
20200109	云南	3	15	2	0	0
20200109	广东	1	169083	772	42	3
20200110	吉林	1	0	0	0	0
20200110	广西	2	89	2	0	0
20200110	陕西	1	104	6	0	0
20200111	四川	1	170	10	0	0
20200111	陕西	3	246	8	0	0
20200112	福建	1	0	1	0	0
20200112	陕西	1	18	0	0	0
20200113	云南	1	1760	43	9	0
20200113	新疆	1	997	33	4	0
20200113	河南	1	3	0	0	0
20200113	湖南	2	15	2	1	0
20200114	福建	2	318	11	1	0
20200114	陕西	1	993	5	2	0
20200115	浙江	1	2	0	0	0
20200115	陕西	1	5	1	0	0
20200116	河南	1	12	0	2	0
20200116	辽宁	1	0	0	0	0
20200116	陕西	3	1620	50	4	0
20200117	河南	1	123	6	1	1
20200118	安徽	1	1092	18	0	0
20200118	江西	1	235	18	0	0
20200118	陕西	1	5	1	0	0
20200119	天津	2	264	17	0	0
20200119	安徽	1	811	12	2	4
20200119	河北	1	193	11	3	0
20200120		1	12279693	604163	8681	2068
20200120	上海	9	379282	3553	213	446
20200120	云南	5	1281492	10210	306	284
20200120	北京	34	660168468	17674610	349855	1410632
20200120	吉林	1	2	0	0	0
20200120	四川	7	81	4	0	0
20200120	天津	1	10	1	1	0
20200120	安徽	6	29621	554	25	81
20200120	山东	22	10853560	111442	3148	8790
20200120	山西	8	4397242	55572	2118	6487
20200120	广东	29	1075831	10587	576	1620
20200120	广西	1	31	0	0	0
20200120	新疆	2	3369	61	0	6
20200120	江苏	14	3064975	30480	1767	6069
20200120	江西	3	55	2	0	1
20200120	河北	6	178273	2158	56	120
20200120	河南	32	4213077	83991	1260	1432
20200120	浙江	11	407959	2874	112	155
20200120	海南	3	1749	6	1	2
20200120	湖北	17	143729911	2342825	32868	80758
20200120	湖南	6	446617	5941	231	7272
20200120	甘肃	1	1	1	0	0
20200120	福建	4	5624	64	3	4
20200120	贵州	7	21030882	344131	4952	8822
20200120	辽宁	1	272016	15473	472	27
20200120	重庆	1	438	2	0	0
20200120	陕西	12	149976	1419	43	119
20200120	青海	1	2	1	0	0
20200120	黑龙江	5	35	1	0	0
20200121		7	36863493	1524830	27007	9955
20200121	Bangkok	1	4	0	0	0
20200121	Changwat Chon Buri	1	1233	35	0	0
20200121	Changwat Samut Prakan	2	54868	629	26	0
20200121	State of Victoria	3	2346	24	0	0
20200121	Tatarstan	1	5	0	0	0
20200121	Tokyo Prefecture	1	3	0	0	0
20200121	Tỉnh Khánh Hòa	1	13	1	0	0
20200121	上海	63	47408251	757266	28421	86924
20200121	云南	39	3004314	40548	723	2803
20200121	光州广域市	1	93	7	0	0
20200121	内蒙古	31	63927	2249	38	17
20200121	北京	150	492273840	14298851	376043	448430
20200121	吉林	36	46869713	2640869	70375	15841
20200121	四川	135	161907595	8916183	222921	146083
20200121	天津	34	23725233	645921	12339	143931
20200121	宁夏	6	53	2	0	0
20200121	安徽	158	1888008	46712	1857	1534
20200121	山东	251	212450727	13541778	231897	101715
20200121	山西	72	21600667	288407	6992	8858
20200121	广东	409	43323732	630569	17890	28456
20200121	广西	59	33859215	2109716	48239	50450
20200121	新疆	22	80668	6458	59	9
20200121	江苏	183	26964684	797140	19439	11403
20200121	江西	85	818710	13786	337	197
20200121	河北	169	226212038	5236870	189608	251014
20200121	河南	343	43787817	601292	14371	18474
20200121	浙江	120	1927972	39824	871	948
20200121	海南	11	4006	53	5	0
20200121	湖北	284	21900024	767754	24411	11371
20200121	湖南	97	15411522	550711	9193	2950
20200121	甘肃	33	12111	369	23	21
20200121	福建	96	5233239	137039	2836	3726
20200121	英格兰	1	41	0	0	0
20200121	西藏	2	10	1	0	0
20200121	贵州	60	68501852	3127298	69515	21053
20200121	辽宁	83	4972258	41851	1078	1615
20200121	重庆	54	355261	11921	315	195
20200121	陕西	88	305739	6746	180	138
20200121	青海	1	36	1	0	0
20200121	香港	1	0	0	0	0
20200121	黑龙江	41	318897	15125	466	522
20200122		9	24131688	222724	1546	32662
20200122	Cayenne	1	3494	32	0	0
20200122	Central Singapore Community Development Council	2	52909	995	94	4
20200122	Chiba-ken	1	93	6	1	1
20200122	Jizan Region	1	750	38	5	0
20200122	Kemerovskaya Oblast’	1	0	0	0	0
20200122	Lombardia	1	79	4	0	0
20200122	Massachusetts	1	7	1	0	0
20200122	Muḩāfaz̧at Dhī Qār	1	3	0	0	0
20200122	National Capital Region	1	0	1	0	0
20200122	Phnom Penh	1	2063	17	2	0
20200122	Punjab Province	1	4	1	0	0
20200122	Sardegna	1	35307	2406	33	14
20200122	Tokyo Prefecture	2	81196	1806	487	13
20200122	Ōsaka-fu	1	1009	7	0	0
20200122	上海	78	14497124	642435	10524	22954
20200122	乔治亚	1	267	6	1	0
20200122	云南	54	99268	2636	120	48
20200122	内蒙古	46	127716	5271	214	88
20200122	北京	123	456119709	12960528	234897	502824
20200122	北海道	1	3	1	0	1
20200122	吉林	74	32862	856	134	21
20200122	四川	184	22238987	623895	10460	2597
20200122	天津	50	50390271	2245837	98147	29208
20200122	奥塔哥大区	2	3	0	0	0
20200122	宁夏	20	12224	363	19	2
20200122	安徽	268	15878766	1086153	19701	11599
20200122	山东	349	35188074	498118	8618	21195
20200122	山西	127	14198503	244226	19892	2717
20200122	广东	424	4852345	98713	5760	1210
20200122	广西	104	1213185	12409	439	704
20200122	新疆	46	403521	15223	287	322
20200122	明尼苏达州	1	0	0	0	0
20200122	江苏	273	6890575	163775	4835	943
20200122	江西	152	763490	19625	1034	262
20200122	河北	306	41520164	991559	22854	32706
20200122	河南	489	13417663	735934	9256	3294
20200122	浙江	193	72513205	3490478	75853	35203
20200122	海南	32	12309	199	8	4
20200122	湖北	362	22306865	179950	4442	14324
20200122	湖南	172	115939392	1993561	56599	115181
20200122	澳门	1	2004	191	21	0
20200122	犹他州	1	0	0	0	0
20200122	甘肃	45	104181	2826	146	17
20200122	福建	123	9040608	266512	5864	6001
20200122	胡志明市	1	104	2	0	0
20200122	艾伯塔	1	5	1	1	1
20200122	菩萨省	1	5	1	0	0
20200122	西藏	5	1260	46	3	0
20200122	贵州	78	2960918	55878	1406	268
20200122	辽宁	150	9145663	248598	8153	3168
20200122	重庆	81	125653	3530	88	20
20200122	陕西	129	4495586	117640	3150	1108
20200122	青海	14	3582	424	13	3
20200122	香港	9	13128458	291404	5950	5484
20200122	黑龙江	139	1252139	57185	1101	735
20200123		5	11208	808	20	0
20200123	Bolikhamxai	1	612	60	1	0
20200123	Central Singapore Community Development Council	1	3	0	0	0
20200123	Changwat Chon Buri	1	4	1	0	0
20200123	Changwat Samut Prakan	1	166	5	1	0
20200123	Fukui	1	63	13	0	0
20200123	Islamabad	1	484	22	0	0
20200123	Kuala Lumpur	2	15	1	0	0
20200123	National Capital Region	3	102	10	0	0
20200123	Shizuoka	1	17	0	4	2
20200123	State of New South Wales	1	16	2	0	0
20200123	上海	40	323014	10392	359	179
20200123	云南	41	23468	427	59	3
20200123	京畿道	1	2969	31	3	0
20200123	内蒙古	27	11067	222	18	7
20200123	北京	62	5256907	286399	7260	2196
20200123	吉林	79	130781	5419	378	49
20200123	四川	109	252977	6995	273	124
20200123	天津	29	167465	2270	87	155
20200123	宁夏	11	4693	124	8	2
20200123	安徽	146	1030184	14587	964	264
20200123	山东	241	40944116	2147720	48124	15322
20200123	山西	55	28076466	2270891	34650	4958
20200123	广东	231	185052217	4277648	139931	40746
20200123	广西	34	208860	15954	561	100
20200123	托斯卡纳	1	11	1	0	0
20200123	新疆	32	18140	389	38	17
20200123	比什凯克	1	229	2	0	0
20200123	江苏	210	600307	22522	1026	785
20200123	江西	121	767958	12917	315	891
20200123	河北	220	470086	23132	899	78
20200123	河南	317	2213890	56655	2097	833
20200123	浙江	136	4146823	206229	5764	1174
20200123	海南	16	96457	2927	68	10
20200123	湖北	225	1863822	36117	1294	942
20200123	湖南	137	455462	13391	540	269
20200123	澳门	1	5	1	0	0
20200123	甘肃	47	34240	1518	86	11
20200123	福建	103	1416704	31063	908	451
20200123	西藏	5	343	17	5	0
20200123	贵州	59	4091207	271506	5674	789
20200123	辽宁	113	184022	8190	319	37
20200123	重庆	68	203673	9185	536	51
20200123	陕西	97	329239	10390	401	72
20200123	青海	6	512947	24909	787	99
20200123	香港	1	841	14	2	1
20200123	黑龙江	110	133399	1730	65	20
20200124		2	23	0	0	0
20200124	Changwat Chon Buri	1	1943	10	1	1
20200124	Gyeongsangnam-do	1	639	10	3	1
20200124	National Capital Region	3	11	1	0	0
20200124	Omskaya Oblast’	1	1625	44	0	0
20200124	Phnom Penh	1	46	4	0	1
20200124	Siem Reab	1	5	1	0	0
20200124	上海	27	116114	4520	330	38
20200124	不列颠哥伦比亚	1	274	21	0	1
20200124	云南	30	26596	695	28	4
20200124	京畿道	1	584	216	10	0
20200124	内蒙古	26	79201	3919	145	9
20200124	北京	50	24040553	336413	9210	2562
20200124	吉林	38	370696	7609	184	19
20200124	四川	104	348569	11071	563	78
20200124	天津	16	2483	104	8	5
20200124	宁夏	7	3473	74	11	0
20200124	安徽	151	7417191	187689	5787	676
20200124	山东	191	741899	13456	756	347
20200124	山西	82	1795322	43963	2753	488
20200124	岐阜县	1	1276	73	3	0
20200124	广东	160	65181050	2957139	62817	50621
20200124	广西	40	726266	10088	278	333
20200124	新斯科舍	1	2	0	0	0
20200124	新疆	9	7442	424	46	1
20200124	江苏	147	3904468	76529	1879	2419
20200124	江西	111	591785	14362	590	1773
20200124	河北	150	6864897	214263	4451	3503
20200124	河南	483	6439641	148181	4436	1347
20200124	浙江	88	5549567	98108	1891	317
20200124	海南	17	154313	3823	175	110
20200124	湖北	271	26434076	460849	15425	2947
20200124	湖南	132	1647281	50577	1636	583
20200124	甘肃	23	11174	916	94	5
20200124	福建	59	962611	22789	525	217
20200124	西藏	3	251	11	0	0
20200124	贵州	62	2870895	45927	1072	233
20200124	辽宁	66	896558	92880	2951	134
20200124	重庆	57	142954	15146	405	35
20200124	陕西	92	15035171	647319	17385	1552
20200124	青海	6	70148	6615	118	7
20200124	黑龙江	79	115462	4863	71	11
20200125		11	639299	26373	419	90
20200125	Cairo Governorate	1	5	2	0	0
20200125	Canterbury	1	13	1	1	0
20200125	Comunidad de Madrid	1	7637	156	17	9
20200125	Greater Accra Region	1	3	0	0	0
20200125	Incheon	1	983	21	0	0
20200125	Lombardia	1	11	0	0	0
20200125	Perak	1	24	2	0	0
20200125	Selangor	3	666	9	0	0
20200125	Sverdlovskaya Oblast’	1	0	0	0	0
20200125	Thành Phố Đà Nẵng	1	6	1	0	0
20200125	Tỉnh Khánh Hòa	2	4	1	0	0
20200125	Île-de-France	1	23	0	0	0
20200125	Ōsaka-fu	1	8	1	1	0
20200125	上海	98	146391	2964	149	84
20200125	云南	89	116539	5656	369	30
20200125	内蒙古	100	13777860	272211	20161	3653
20200125	北京	81	182418940	6258094	287187	194668
20200125	台湾	1	356	3	0	0
20200125	吉林	114	108181	3297	209	88
20200125	四川	370	1397184	32410	1747	493
20200125	天津	69	67128871	797846	58171	43465
20200125	威尼托	2	22	0	0	0
20200125	宁夏	19	77670	5433	91	1
20200125	安徽	758	181594508	4597857	142261	114992
20200125	山东	657	14164434	220759	8196	2578
20200125	山西	299	10574638	170068	5948	2674
20200125	广东	793	55833034	1443375	53823	7470
20200125	广西	276	1817912	25043	841	2144
20200125	新疆	68	586469	13557	312	113
20200125	柔佛州	1	26	0	0	0
20200125	江苏	671	2465780	67666	3939	3566
20200125	江西	527	171857160	6313576	140651	27566
20200125	河北	472	142089108	5043913	207102	83000
20200125	河南	1436	32730712	555052	34042	7651
20200125	浙江	423	29717185	797077	13555	27750
20200125	海南	59	15718886	265411	13896	10392
20200125	湖北	811	12589164	171106	8247	4383
20200125	湖南	428	962221	12927	1062	421
20200125	澳门	3	4905	142	11	0
20200125	甘肃	115	1378701	76835	1861	137
20200125	福建	293	9187491	106911	3939	1826
20200125	西藏	5	7283	119	8	0
20200125	贵州	191	6801462	87818	2329	1868
20200125	辽宁	173	485175	17553	515	344
20200125	重庆	167	1123593	15203	864	1197
20200125	陕西	390	4405526	120384	3657	891
20200125	青海	11	1265231	64404	2499	399
20200125	首尔特别市	1	0	0	0	0
20200125	黑龙江	202	278266	3356	269	135
20200126		16	5700	48	0	1
20200126	Abū Z̧aby	1	4	0	0	0
20200126	Central Singapore Community Development Council	1	8	1	0	0
20200126	Chiang Mai Province	1	904	3	3	0
20200126	Chiba-ken	1	1108	14	1	0
20200126	Dubai	1	79	3	0	0
20200126	Fukui	1	3	0	0	0
20200126	Madhyamanchal	1	3	1	0	0
20200126	National Capital Region	5	764	51	5	0
20200126	Oita Prefecture	1	3	1	0	0
20200126	Selangor	1	3	0	0	0
20200126	Shizuoka	2	61	1	0	0
20200126	上海	117	265751	4936	553	166
20200126	不列颠哥伦比亚	1	3483	49	0	0
20200126	中米沙鄢	1	818	24	8	0
20200126	云南	149	262493	8876	606	270
20200126	京畿道	1	1793	9	1	0
20200126	内蒙古	125	327908	5043	203	45
20200126	北京	109	1013337	33527	827	285
20200126	台湾	1	15	1	0	0
20200126	吉林	194	186232	9322	656	144
20200126	四川	489	78904415	888757	55056	215281
20200126	天津	74	158133	3100	232	117
20200126	宁夏	26	18357	344	24	8
20200126	安徽	1032	110322540	3447554	122900	70608
20200126	山东	908	31938430	884980	27169	23525
20200126	山西	346	13562233	155560	11555	9662
20200126	广东	879	1725366	38414	2535	766
20200126	广西	319	17190065	71247	6996	9023
20200126	新疆	64	94703	2029	250	68
20200126	江苏	853	2290924	64225	4985	2245
20200126	江西	620	2271666	51792	2574	303
20200126	河北	665	12387154	405924	13666	6365
20200126	河南	1632	10158452	154087	12105	5211
20200126	浙江	518	26330622	217787	14977	8775
20200126	海南	93	11964317	147221	4846	3599
20200126	湖北	734	2753074	58909	9583	429
20200126	湖南	490	899842	15659	1226	218
20200126	澳门	1	5	0	0	0
20200126	甘肃	185	10161387	247692	5100	18379
20200126	福建	387	1743341	65729	2228	1138
20200126	穆哈拉格省	1	1	1	0	0
20200126	纽约州	1	343	94	7	0
20200126	英格兰	1	4128	100	9	0
20200126	西藏	2	11	2	0	0
20200126	贵州	221	1493912	26916	1326	468
20200126	辽宁	264	1393806	67166	4276	3005
20200126	重庆	200	450825	15472	1009	176
20200126	陕西	454	5080772	102612	3796	1541
20200126	青海	12	17123	317	39	4
20200126	香港	2	4895	245	7	0
20200126	黑龙江	283	292480	10561	772	140
20200127		12	44998	1517	30	1
20200127	Calabarzon	1	419	61	4	0
20200127	Comunitat Valenciana	1	231	8	0	0
20200127	Donets’ka Oblast’	1	3	0	0	0
20200127	National Capital Region	3	1635	21	7	0
20200127	Province du Haut-Katanga	1	1527	16	4	0
20200127	Provincia de Buenos Aires	1	2	0	0	0
20200127	State of Victoria	1	115	7	0	0
20200127	Terengganu	1	1114	8	0	0
20200127	Tokyo Prefecture	2	25914	62	2	1
20200127	Tỉnh Quảng Ninh	2	566	11	1	0
20200127	上海	88	670479	24428	1319	1878
20200127	云南	148	230281	9517	654	33
20200127	内蒙古	84	64575	1427	327	23
20200127	北京	95	195788257	7617700	167529	79563
20200127	吉林	100	805503	63895	1816	1837
20200127	四川	394	1582764	55384	2761	1268
20200127	天津	88	155869	3958	519	45
20200127	宁夏	26	5319275	581667	19309	677
20200127	安徽	599	3040133	113941	4413	917
20200127	山东	619	2792377	109260	6098	1920
20200127	山西	290	1343189	44825	2431	598
20200127	布列塔尼半岛	1	4	0	0	0
20200127	广东	801	8314406	173906	11629	2675
20200127	广西	250	631293	24259	1357	160
20200127	戈公省	1	4	0	0	0
20200127	新疆	59	141185	6343	539	95
20200127	曼德勒	1	1	0	0	0
20200127	江苏	604	2405967	124317	6666	3577
20200127	江西	453	802727	20926	2453	311
20200127	河北	469	1005680	87841	2097	207
20200127	河南	994	2647795	129551	6730	1298
20200127	浙江	351	912738	110465	1729	309
20200127	海南	93	251118	11657	1424	211
20200127	湖北	463	10213118	241682	10662	3420
20200127	湖南	369	2470587	76251	4850	532
20200127	甘肃	140	1385756	82357	2345	941
20200127	砂拉越	1	6	1	0	0
20200127	福建	311	3479085	245395	5186	2388
20200127	西藏	7	1442	85	2	3
20200127	贵州	192	1539694	86454	3464	553
20200127	辽宁	202	305484	8946	765	128
20200127	重庆	169	340331	10567	1259	106
20200127	陕西	395	7563058	658369	11921	7966
20200127	青海	15	501560	33133	1012	241
20200127	首尔特别市	2	2535	38	1	0
20200127	香港	3	2303	132	10	0
20200127	黑龙江	210	142940	2979	572	28
20200128		18	59722	2032	41	10
20200128	Al Wakrah	1	7	1	0	0
20200128	Andalucía	1	521	79	0	0
20200128	Bangkok	1	7	0	0	0
20200128	Catalunya	1	514	10	0	0
20200128	Changwat Chon Buri	1	535	78	1	2
20200128	Córdoba Province	1	5	1	0	0
20200128	Dubai	2	164	11	0	0
20200128	Ibaraki	2	8	1	0	0
20200128	Jeollanam-do	1	416	29	1	0
20200128	Kampong Speu	1	4	0	0	0
20200128	Kuala Lumpur	1	3	1	0	0
20200128	Lombardia	1	7	1	0	0
20200128	Melaka	1	5	2	0	0
20200128	Muḩāfaz̧at al Başrah	1	3	1	0	0
20200128	National Capital Region	1	8	1	0	0
20200128	Ndzuwani	1	13	1	0	0
20200128	Okinawa	2	3	1	0	0
20200128	Phnom Penh	1	34	4	0	1
20200128	Provincie Zuid-Holland	1	3	1	0	0
20200128	Saitama-ken	1	1922	43	4	1
20200128	Siem Reab	1	22	1	0	0
20200128	Tokyo Prefecture	3	4358	16	5	5
20200128	Tỉnh Khánh Hòa	1	27	1	0	0
20200128	上海	125	34213025	260167	10594	12032
20200128	云南	216	1564074	18968	1482	550
20200128	俄亥俄州	1	2	0	0	0
20200128	内蒙古	142	809536	12145	652	255
20200128	加利福尼亚州	1	523	17	0	0
20200128	北京	232	558897654	29545132	802774	366668
20200128	卡斯蒂利亚-莱昂	1	5	0	0	0
20200128	台湾	3	95	6	0	0
20200128	吉林	221	883591	48954	3207	603
20200128	四川	652	16528631	920840	28047	19635
20200128	天津	118	129543	4588	245	237
20200128	宁夏	42	40280	1598	113	14
20200128	安大略	3	49	6	1	0
20200128	安徽	806	102039482	954488	36848	17910
20200128	山东	1070	12622100	389774	11791	11673
20200128	山西	388	4051171	107318	3563	1508
20200128	巴伐利亚	1	9	0	0	0
20200128	广东	1208	88251000	3152060	99145	51982
20200128	广西	343	7397953	109545	2153	1192
20200128	托斯卡纳	1	168	14	2	2
20200128	拉齐奥	2	593	6	2	0
20200128	新疆	100	7293630	346025	10069	8055
20200128	曼德勒	1	2	0	0	0
20200128	江苏	844	40466920	540292	12827	8705
20200128	江西	524	1192478	40988	1900	360
20200128	河北	912	265157576	8167076	180254	331765
20200128	河南	1577	15929834	476366	20563	6826
20200128	浙江	475	8702640	282139	10870	4381
20200128	海南	127	331086	17898	781	74
20200128	湖北	881	139030986	2894235	109540	50708
20200128	湖南	512	9609827	251700	7984	2952
20200128	澳门	2	8950	87	30	1
20200128	甘肃	221	12252328	281207	8569	1981
20200128	砂拉越	1	1	0	0	0
20200128	福建	585	15758500	794642	24896	6985
20200128	纽约州	1	4	1	0	0
20200128	西米沙鄢	2	2967	27	1	1
20200128	西藏	19	13287	211	15	8
20200128	贵州	331	127534785	2214428	60651	46982
20200128	辽宁	374	6715519	282934	11172	6139
20200128	重庆	225	757855	46675	2297	450
20200128	陕西	624	62593725	842568	30587	12564
20200128	青海	24	65078	3986	164	34
20200128	香港	4	8850	659	25	6
20200128	黑龙江	359	1976401	42159	1522	980
20200129		29	1482142	15289	621	274
20200129	Abū Z̧aby	1	11	2	0	0
20200129	Bangkok	2	1712	27	1	0
20200129	Changwat Chon Buri	1	2	0	0	0
20200129	Changwat Pathum Thani	1	2119	29	1	0
20200129	Changwat Samut Prakan	1	6	2	1	0
20200129	Chiang Mai Province	1	3	1	0	0
20200129	Coast Region	1	11	0	0	0
20200129	Comunidad de Madrid	2	9	3	0	0
20200129	Distrito de Faro	1	0	0	0	0
20200129	Dubai	1	3	1	0	0
20200129	Grand Est	2	28	2	1	0
20200129	Jeju-do	1	1017	23	0	0
20200129	Kanagawa	1	440	16	0	0
20200129	Kuala Lumpur	1	1	0	0	0
20200129	Kyoto Prefecture	1	38634	454	14	111
20200129	Lombardia	2	16	0	0	0
20200129	Melaka	1	1	0	0	0
20200129	Miyazaki	1	27	1	0	0
20200129	National Capital Region	4	9408	1422	25	3
20200129	North	1	8702	252	17	17
20200129	North East	1	76	4	2	1
20200129	Pahang	1	5	0	1	0
20200129	Phnom Penh	2	13	0	0	0
20200129	Phuket Province	1	2	0	0	0
20200129	Provincie Zeeland	1	48	2	0	3
20200129	Provinsi Papua	1	581	16	2	2
20200129	Selangor	1	8	1	0	0
20200129	Siem Reab	1	378	3	1	0
20200129	Sogn og Fjordane Fylke	1	473	10	0	0
20200129	State of New South Wales	2	118	2	0	0
20200129	State of Victoria	1	165	9	0	0
20200129	State of Western Australia	1	95	10	1	0
20200129	São Paulo	1	2	0	0	0
20200129	Tokyo Prefecture	3	1606	91	4	0
20200129	Tỉnh Khánh Hòa	2	675	13	7	0
20200129	Tỉnh Lâm Đồng	1	213	3	0	0
20200129	Vientiane Prefecture	2	1669	100	6	1
20200129	万丹省	1	1115	356	98	0
20200129	上海	213	122351761	3871271	70403	68008
20200129	不列颠哥伦比亚	1	8	1	0	1
20200129	云南	306	962594	38225	1554	495
20200129	京畿道	1	11	1	0	0
20200129	伊利诺伊州	1	2	1	0	0
20200129	佛罗里达州	2	14	3	1	0
20200129	俄亥俄州	3	3546	488	49	1
20200129	内蒙古	230	169344	5936	565	169
20200129	加利福尼亚州	1	558	3	0	0
20200129	北京	371	30058210	713180	15312	15565
20200129	台湾	2	16	2	0	0
20200129	吉林	413	4282951	286812	16791	2309
20200129	四川	836	55977306	886289	48496	13755
20200129	天津	279	25669247	1086258	17193	5505
20200129	宁夏	82	270701	5404	372	51
20200129	安徽	1314	15158525	180879	10942	2381
20200129	山东	1936	12205564	251974	13772	13679
20200129	山西	625	3247948	148546	6371	5766
20200129	岐阜县	1	2153	24	13	0
20200129	巴登-符腾堡	1	85	0	0	0
20200129	广东	1675	56850124	1426077	31271	83650
20200129	广西	408	1222517	33809	1556	554
20200129	新疆	171	15531914	146574	4496	1054
20200129	曼德勒	1	4	0	0	0
20200129	江苏	1513	7834551	424208	14528	5677
20200129	江西	763	8022517	401678	14812	4167
20200129	河北	1391	33091023	672920	19198	11992
20200129	河南	2572	4664865	145860	9231	4036
20200129	浙江	767	3281654	163795	9665	1748
20200129	海南	172	726671	27325	1074	1770
20200129	湖北	1307	3307793	110253	7916	2042
20200129	湖南	727	3220384	51566	2614	617
20200129	澳门	1	11	0	0	0
20200129	甘肃	353	11920698	972838	13548	1837
20200129	福冈县	1	7	0	0	0
20200129	福建	826	4591298	168631	7804	1790
20200129	纽约州	1	3	0	0	0
20200129	英格兰	1	4	0	0	0
20200129	西藏	6	2071	54	2	0
20200129	西西里岛	1	8	0	0	0
20200129	贵州	345	576553	24323	1429	396
20200129	辽宁	680	50904259	1019028	17969	44757
20200129	重庆	347	2586469	93735	2306	1541
20200129	陕西	851	110130021	2153513	58730	196555
20200129	青海	46	118612	9427	404	46
20200129	香港	4	21	1	1	0
20200129	黑龙江	639	39652616	1217946	22671	26741
20200130		23	59957	1783	25	30
20200130	Auckland	3	796	23	0	0
20200130	Bangkok	4	758	9	9	0
20200130	Catalunya	1	0	0	0	0
20200130	Central Singapore Community Development Council	1	13	0	0	7
20200130	Chungcheongbuk-do	1	10	0	0	0
20200130	Daerah Khusus Ibukota Jakarta	1	6	0	0	0
20200130	Dubai	1	2870	77	4	1
20200130	Gunma-ken	1	4	0	0	0
20200130	Hiroshima-ken	1	18	4	1	0
20200130	Kanagawa	2	1459	23	0	0
20200130	Kayin State	1	3	0	0	0
20200130	Lombardia	2	35	7	0	0
20200130	Lunda Norte Province	1	1258	58	2	0
20200130	L’vivs’ka Oblast’	1	10	1	0	1
20200130	National Capital Region	3	16	0	1	0
20200130	Negeri Sembilan	1	1	0	0	0
20200130	North	1	722	5	0	0
20200130	Primorskiy Kray	1	0	0	0	0
20200130	Provincie Noord-Holland	1	776	18	2	0
20200130	Rio de Janeiro	1	2	0	0	0
20200130	Saipan Municipality	2	1257	40	1	3
20200130	State of South Australia	1	4	0	0	0
20200130	State of Victoria	1	5	0	0	0
20200130	Sverdlovskaya Oblast’	1	3	0	0	0
20200130	Yangon Region	1	47	1	0	0
20200130	Île-de-France	1	6	1	1	0
20200130	Ōsaka-fu	2	73	11	0	0
20200130	上海	281	1704546	19241	1244	1977
20200130	云南	368	3356188	108245	2932	1273
20200130	京畿道	1	534	25	2	0
20200130	俄亥俄州	2	11	0	0	0
20200130	内蒙古	295	350672	10079	734	412
20200130	加利福尼亚州	1	4	0	0	0
20200130	北京	377	190554848	7001792	155078	65670
20200130	吉林	436	781044	41860	1951	873
20200130	四川	1158	6761418	243533	16904	14809
20200130	埃斯特雷马杜拉	1	5	2	0	0
20200130	天津	219	524722	27470	1918	597
20200130	宁夏	106	148652	3757	294	213
20200130	安大略	3	35790	406	18	70
20200130	安徽	1943	93859890	3310365	60974	35521
20200130	山东	2437	29737654	760668	31852	32210
20200130	山形县	1	23	1	0	0
20200130	山西	783	2581154	56239	4932	2097
20200130	广东	1736	17089802	690707	15343	8372
20200130	广西	492	1536538	63787	3061	868
20200130	德克萨斯州	2	19	3	0	0
20200130	托斯卡纳	2	2039	66	2	4
20200130	敖德萨州	1	107	21	1	0
20200130	新疆	229	408561	17770	790	451
20200130	江苏	1914	3599994	112263	8117	5407
20200130	江西	922	1938856	41010	3636	1747
20200130	河北	1729	25039228	813852	24251	11370
20200130	河南	3227	65117571	2467670	54735	22138
20200130	浙江	896	3736125	142770	9625	3459
20200130	海南	127	212330	4418	338	121
20200130	湖北	1423	29263372	1050756	32959	35877
20200130	湖南	875	3336790	57351	3842	1455
20200130	甘肃	343	708436	23799	1784	828
20200130	砂拉越	1	1065	37	3	0
20200130	福建	794	5431860	198942	10012	8244
20200130	纽约州	1	7	0	0	0
20200130	苏格兰	1	42	0	0	0
20200130	西米沙鄢	1	11	1	3	0
20200130	西藏	16	16564	150	29	5
20200130	贵州	575	1331139	33202	1916	1264
20200130	辽宁	630	1646202	57799	3582	1464
20200130	重庆	430	665589	17820	1337	511
20200130	陕西	1386	2596985	89407	6292	1685
20200130	青海	74	233989	9368	422	188
20200130	首尔特别市	2	302	18	0	0
20200130	香港	4	39	1	0	0
20200130	黑龙江	673	2891681	73565	2468	3376
20200131		16	33241	252	4	4
20200131	Al Minţaqah ash Sharqīyah	1	5	1	0	0
20200131	Almaty	1	7771	221	21	0
20200131	Bangkok	2	3134	7	0	2
20200131	Calabarzon	1	463	13	0	0
20200131	Catalunya	1	15	2	0	0
20200131	Central Singapore Community Development Council	1	9	1	0	0
20200131	Chiang Mai Province	2	2512	121	16	22
20200131	Chittagong	1	587	19	0	0
20200131	Dubai	2	455	17	0	0
20200131	Incheon	1	666	11	1	0
20200131	Khouèng Bokèo	1	4	1	0	0
20200131	Kumamoto	1	0	0	0	0
20200131	Lombardia	1	5	0	0	0
20200131	Louangnamtha	1	475	79	10	0
20200131	National Capital Region	3	715	4	0	0
20200131	Oberösterreich	1	7	0	0	0
20200131	Panamá	1	307	6	0	0
20200131	Phnom Penh	1	8	0	0	0
20200131	Port Louis District	1	5	0	0	0
20200131	Selangor	1	1204	35	0	1
20200131	State of New South Wales	1	39752	1080	58	29
20200131	State of Victoria	1	620	42	1	0
20200131	Tỉnh Lào Cai	1	1617	89	3	0
20200131	Tỉnh Vĩnh Phúc	1	53	2	0	0
20200131	Wien	1	41529	1461	146	699
20200131	Yangon Region	2	26	2	0	0
20200131	上海	272	1331028	83147	1727	677
20200131	不列颠哥伦比亚	3	4261	128	22	0
20200131	中央吕宋	1	5	0	0	0
20200131	云南	454	880208	19347	1548	263
20200131	京畿道	2	85	3	0	0
20200131	俄亥俄州	1	0	0	0	0
20200131	内蒙古	238	301222	8898	778	150
20200131	利蒙	1	2	1	0	0
20200131	加利福尼亚州	2	31765	1685	94	17
20200131	北京	340	122366920	3097339	75102	251681
20200131	台湾	3	35369	112	16	4
20200131	吉林	319	439424	12288	1074	336
20200131	四川	1125	13567443	177402	9643	4122
20200131	天津	224	1277548	26122	2172	536
20200131	宁夏	106	100798	2771	329	108
20200131	安徽	2015	11882265	175746	13105	8718
20200131	山东	1989	58796568	1357609	39414	102051
20200131	山西	766	35681965	583265	26626	33023
20200131	广东	1701	20431623	572324	20890	8169
20200131	广西	593	2121811	60623	2412	711
20200131	托斯卡纳	1	340	6	0	0
20200131	新疆	207	1303317	21567	1432	435
20200131	江苏	1916	16522355	280810	14369	14418
20200131	江西	947	21091915	259255	7930	3874
20200131	河北	1484	80778582	3583860	100173	10316
20200131	河南	3582	42268166	2369084	100234	23702
20200131	浙江	909	8040701	191147	9723	15028
20200131	海南	157	352816	7451	1028	286
20200131	湖北	1343	3650337	108253	9338	3135
20200131	湖南	967	3307325	90809	6475	2165
20200131	澳门	2	8	1	0	0
20200131	甘肃	350	466064	16466	1530	353
20200131	福建	797	10490942	395232	12589	10171
20200131	纽约州	2	10	1	0	0
20200131	胡志明市	1	8	0	0	0
20200131	西哈努克市	6	44	0	0	0
20200131	西藏	26	30130	548	37	5
20200131	贵州	760	1077505	33672	2421	429
20200131	辽宁	558	116692949	7005822	214029	121761
20200131	重庆	465	1831406	34222	2671	2406
20200131	陕西	1450	32428357	957142	18188	26049
20200131	青海	40	50089	3843	183	38
20200131	香港	6	11937	21	1	2
20200131	马里兰州	1	3	0	0	0
20200131	黑龙江	627	11909589	456384	18976	50323
20200201		30	6152865	99810	1230	59763
20200201	Abū Z̧aby	1	5	1	2	0
20200201	Auckland	1	619	29	1	1
20200201	Bangkok	2	3728	23	6	2
20200201	Cairo Governorate	1	14	1	0	0
20200201	Calabarzon	2	2	0	0	0
20200201	Central Singapore Community Development Council	2	1337	18	3	0
20200201	Distrito Capital	1	4	0	0	0
20200201	East	1	79	7	2	0
20200201	Estado de Baja California	1	6	1	0	0
20200201	Höfuðborgarsvæði	1	728	8	0	0
20200201	Kuala Lumpur	1	3	0	0	0
20200201	Massachusetts	1	315	5	0	1
20200201	Nairobi	1	1854	40	13	0
20200201	National Capital Region	5	1608	12	4	0
20200201	Phnom Penh	2	71	11	5	0
20200201	Selangor	2	18367	27	27	1
20200201	State of Tasmania	1	1372	37	4	0
20200201	Tel Aviv District	1	2832	17	0	0
20200201	Tokyo Prefecture	1	1	0	0	0
20200201	Vientiane Prefecture	1	7	0	0	0
20200201	Wien	2	360	11	4	2
20200201	Île-de-France	2	228	10	3	0
20200201	上海	182	4369974	153830	27062	2558
20200201	云南	345	850670	36140	2135	513
20200201	俄亥俄州	2	767	41	4	0
20200201	内华达州	1	2011	59	6	19
20200201	内蒙古	193	540228	6494	507	8860
20200201	加利福尼亚州	1	36	4	2	0
20200201	北京	277	191579411	4744282	150089	329009
20200201	吉林	281	495872	31020	1464	629
20200201	四川	906	2370535	72416	5576	2451
20200201	天津	136	168379	6849	1104	122
20200201	宁夏	62	87704	3555	377	23
20200201	安大略	2	2181	36	13	0
20200201	安徽	1367	10584014	392307	23925	25224
20200201	山东	1397	31992313	1433776	51196	20336
20200201	山西	536	1335920	32302	3061	722
20200201	广东	1583	39037948	1147189	36617	19330
20200201	广西	489	3943139	54711	2474	4219
20200201	新疆	170	4244748	79080	4507	18990
20200201	明尼苏达州	1	333	4	1	0
20200201	江苏	1331	2646984	88379	7399	8534
20200201	江西	765	1569728	41295	3679	849
20200201	河北	1025	3185534	93256	4496	3350
20200201	河南	2415	76079722	1060416	29473	100056
20200201	浙江	714	83481927	3066815	328873	104996
20200201	海南	130	193029	3030	315	103
20200201	湖北	1055	11034900	376842	13849	46058
20200201	湖南	830	2292402	81155	4142	1778
20200201	澳门	3	410	11	0	0
20200201	甘肃	273	1253859	14568	861	683
20200201	福建	602	2891252	133312	7281	9199
20200201	纽约州	2	1517	367	50	0
20200201	西哈努克市	2	590	16	6	0
20200201	西藏	30	36176	2394	140	8
20200201	贵州	566	30571560	630574	49761	29359
20200201	辽宁	455	1362032	47958	2878	1480
20200201	重庆	359	1966182	30966	2554	1445
20200201	陕西	994	16336200	515412	17876	16274
20200201	青海	38	86617	2891	141	20
20200201	香港	3	25	6	1	0
20200201	黑龙江	530	17034103	491312	16106	6508
20200202		13	4035632	27283	675	545
20200202	Aichi-ken	1	1682	81	37	0
20200202	Auckland	2	586	11	1	0
20200202	Calabarzon	2	607	15	0	0
20200202	Dubai	1	4	0	0	0
20200202	Fukui	2	1142	55	2	1
20200202	Gyeongsangbuk-do	1	5	0	0	0
20200202	Incheon	1	6	0	0	0
20200202	Jeollanam-do	1	27488	1299	45	3
20200202	Kemerovskaya Oblast’	1	3	0	0	0
20200202	Khulna	1	38	4	0	0
20200202	National Capital Region	2	798	148	20	0
20200202	Negeri Sembilan	1	46	7	9	0
20200202	Northern Province	1	9	0	0	0
20200202	Paraíba	1	488	24	0	0
20200202	Selangor	1	231	13	1	0
20200202	State of New South Wales	1	6	0	0	0
20200202	State of Queensland	3	28728	1893	33	14
20200202	São Paulo	1	473	13	1	0
20200202	Tỉnh Quảng Ninh	1	4	0	0	0
20200202	上海	186	10794524	181349	5039	4778
20200202	云南	294	514928	15680	1504	355
20200202	京畿道	3	628	6	0	0
20200202	佛罗里达州	2	5	2	0	0
20200202	俄亥俄州	1	1001855	62939	506	761
20200202	内蒙古	157	16348662	274168	11549	36055
20200202	加利福尼亚州	3	519	12	0	1
20200202	北京	256	567024796	13283904	303921	480081
20200202	吉林	273	229262	9150	1046	120
20200202	四川	778	3706884	90512	6527	1596
20200202	天津	150	23053782	1207518	44209	74581
20200202	宁夏	51	354391	10841	1038	827
20200202	安大略	1	569	6	2	0
20200202	安徽	1085	54535702	686726	33096	37917
20200202	山东	1107	63069671	818019	25511	87442
20200202	山西	482	16960342	276643	11268	2175
20200202	广东	1396	123822109	1759404	76810	91761
20200202	广西	486	1521225	24034	2072	680
20200202	新疆	131	699345	77863	2771	2073
20200202	江苏	1282	4069299	146779	11272	3057
20200202	江西	685	53389727	815305	23590	64325
20200202	河北	894	17395160	288158	16463	3219
20200202	河南	1835	44291447	875305	31378	52609
20200202	浙江	596	2590381	65868	4147	990
20200202	海南	105	113401	3203	385	135
20200202	湖北	920	55251624	431346	27577	9198
20200202	湖南	708	6901837	232017	8482	5495
20200202	甘肃	198	1694113	43472	2985	6496
20200202	福建	524	41517956	794084	23187	51567
20200202	英格兰	1	13	0	0	0
20200202	西藏	13	2509	99	9	4
20200202	贵州	562	66318130	535188	23058	10922
20200202	辽宁	421	1599323	37012	2908	438
20200202	重庆	286	972898	24624	1377	1547
20200202	陕西	736	3489254	77070	6604	1328
20200202	青海	26	9846	495	38	0
20200202	首尔特别市	1	22	3	0	0
20200202	香港	4	17	0	0	0
20200202	马里兰州	1	1	0	0	0
20200202	黑龙江	456	317200	7443	1255	144
20200203		13	5648317	236961	6742	1148
20200203	An Mhí	1	93	5	0	0
20200203	Andalucía	1	869	11	1	0
20200203	Bahia	1	2	0	0	0
20200203	Bangkok	1	6	1	0	0
20200203	Calabarzon	1	31	1	0	0
20200203	Chiba-ken	1	3	0	0	0
20200203	Comunidad de Madrid	1	174	6	0	0
20200203	Davao	1	318	12	0	0
20200203	National Capital Region	1	2565	76	7	0
20200203	Pahang	1	2	1	0	0
20200203	Provincia de Buenos Aires	1	0	0	0	0
20200203	State of New South Wales	3	487106	6514	138	491
20200203	Thành Phố Đà Nẵng	1	348	11	4	0
20200203	Tỉnh Khánh Hòa	1	10992	488	13	1
20200203	West	1	0	0	0	0
20200203	上海	189	3573855	42457	2279	2427
20200203	云南	215	3840860	52664	2987	954
20200203	俄亥俄州	2	14	0	0	0
20200203	信德省	1	3	1	0	0
20200203	内蒙古	151	11293155	177642	11519	4722
20200203	加利福尼亚州	1	238	19	3	1
20200203	北京	203	351653441	7438177	143592	189102
20200203	台湾	1	776	68	15	1
20200203	吉打	2	3457	38	11	0
20200203	吉林	249	1709671	168516	7936	1146
20200203	哈里亚纳邦	1	805	24	6	0
20200203	四川	705	60400652	555760	22774	11753
20200203	天津	102	178154	5000	744	126
20200203	宁夏	39	98108	2428	272	26
20200203	安徽	1024	29010473	873600	35269	42398
20200203	山东	955	32273722	866286	25156	14366
20200203	山西	430	63386857	556822	50458	33757
20200203	巴登-符腾堡	1	69	12	0	0
20200203	广东	1218	16237638	434997	15606	13910
20200203	广西	395	2460200	137395	6053	1748
20200203	新疆	125	176311	6807	1018	52
20200203	江苏	1078	5696336	132948	9114	3701
20200203	江西	600	14273365	198451	8095	5432
20200203	河北	717	5635858	78522	3566	1491
20200203	河南	1715	21969374	832442	25045	16874
20200203	浙江	543	7182112	67992	3682	3638
20200203	海南	118	205968	5709	623	158
20200203	湖北	815	6214429	207651	10400	5635
20200203	湖南	639	9996631	181969	8106	1448
20200203	澳门	1	588	27	1	0
20200203	甘肃	193	1168660	25187	2195	1420
20200203	福建	470	19060068	732752	12696	11161
20200203	西藏	10	16689	224	8	1
20200203	贵州	389	4058669	93087	3715	2400
20200203	辽宁	387	7599077	395815	15438	4197
20200203	重庆	278	688973	18695	1467	210
20200203	釜山广域市	1	1335	190	19	0
20200203	陕西	648	3175512	85969	5636	4148
20200203	青海	25	60071	1024	57	23
20200203	首尔特别市	3	624	26	5	0
20200203	香港	4	29090	140	48	2
20200203	黑龙江	357	1344006	33449	1453	1429
20200204		14	9129049	181925	3206	1080
20200204	Calabarzon	1	540	6	3	0
20200204	Jeju-do	1	10	0	0	0
20200204	Jeollanam-do	1	60	12	2	0
20200204	Luanda Province	1	2573	56	2	0
20200204	Nordrhein-Westfalen	2	642	70	5	2
20200204	Provincie Zuid-Holland	1	4	0	0	0
20200204	Punjab Province	1	111	6	0	0
20200204	Vientiane Prefecture	1	0	0	0	0
20200204	上海	154	893916	12913	1019	807
20200204	中米沙鄢	3	437	18	1	0
20200204	云南	262	4382110	302286	11605	719
20200204	京畿道	2	42	2	1	0
20200204	伊利诺伊州	1	626	12	0	0
20200204	俄亥俄州	3	1742	132	7	1
20200204	内蒙古	139	189471	3527	293	77
20200204	北京	204	76576816	4046812	187158	17420
20200204	台湾	1	59	6	5	3
20200204	吉林	206	1713675	82683	2430	699
20200204	四川	621	2745975	76042	5174	2181
20200204	天津	95	413762	5960	503	326
20200204	宁夏	35	975379	8169	356	133
20200204	安徽	981	5648200	259080	10658	1899
20200204	山东	941	4296982	79035	5078	2530
20200204	山西	379	6454519	436770	8867	3974
20200204	广东	1045	35840048	1314427	46494	90397
20200204	广西	425	636628	25896	2390	200
20200204	德克萨斯州	2	12	0	1	0
20200204	新疆	114	159201	8032	496	212
20200204	江苏	871	10274898	488515	13033	4141
20200204	江西	538	11021359	293836	8590	1687
20200204	河北	641	1969992	85181	4395	2077
20200204	河南	1571	8007379	159652	13220	2911
20200204	浙江	480	38104751	465022	16866	15860
20200204	海南	111	384368	18357	1035	83
20200204	湖北	753	7198168	289986	9864	5215
20200204	湖南	564	1435083	56870	4860	390
20200204	澳门	4	1743	21	1	0
20200204	甘肃	204	523606	9383	1015	149
20200204	福建	462	2560365	54737	2606	3253
20200204	纽约州	1	4	1	0	0
20200204	艾伯塔	1	55	3	0	2
20200204	西藏	10	16353	1104	53	8
20200204	贵州	442	661234	24904	1863	126
20200204	辽宁	311	8841959	149434	4162	1858
20200204	重庆	257	1041820	34227	1934	551
20200204	陕西	577	7311195	369833	9639	5354
20200204	青海	25	20089	272	45	4
20200204	香港	3	887	29	9	0
20200204	黑龙江	310	1006686	25539	915	1330
20200205		14	228094	4023	186	17
20200205	Aichi-ken	1	313	86	13	1
20200205	Andalucía	1	194	7	0	0
20200205	Budapest	1	231	6	3	0
20200205	Canton de Vaud	1	4	1	1	0
20200205	Central Singapore Community Development Council	1	10	1	0	0
20200205	Chiang Mai Province	1	9862	220	9	13
20200205	East	2	516	3	1	0
20200205	Gyeongsangbuk-do	1	3	0	0	0
20200205	Ibaraki	2	5	0	0	0
20200205	Islamabad	1	585	20	5	2
20200205	Lombardia	1	16	3	0	0
20200205	Muḩāfaz̧at al ‘Aqabah	1	70	6	0	0
20200205	Nairobi	1	15	0	0	0
20200205	National Capital Region	3	1332	39	4	0
20200205	Nordrhein-Westfalen	1	1211	87	9	2
20200205	North	1	332	17	3	0
20200205	Province of KwaZulu-Natal	1	4	0	0	0
20200205	Selangor	1	4	0	0	0
20200205	Tatarstan	1	5	0	0	0
20200205	Tokyo Prefecture	1	72	2	1	0
20200205	Tỉnh Bến Tre	1	12	1	0	0
20200205	Wilaya d’ Alger	1	100	4	0	0
20200205	Île-de-France	1	1	0	0	0
20200205	上海	157	207470	9144	937	109
20200205	不列颠哥伦比亚	2	572	12	0	0
20200205	云南	235	826132	50572	3055	372
20200205	京畿道	1	63	4	0	0
20200205	俄亥俄州	1	1312	140	5	4
20200205	内蒙古	150	1906721	70773	1394	1625
20200205	加利福尼亚州	1	5	0	0	0
20200205	北京	243	22786243	1552398	72873	109840
20200205	台湾	1	19631	1160	146	197
20200205	吉林	208	898673	86659	2598	657
20200205	四川	713	4494343	261121	7807	14114
20200205	天津	124	299194	12331	519	952
20200205	宁夏	62	66228	4761	176	14
20200205	安大略	1	12837	728	40	7
20200205	安徽	1040	16199232	488287	20989	9172
20200205	山东	988	19541889	877959	25344	36786
20200205	山西	442	1771985	105125	5048	785
20200205	布宜诺斯艾利斯	1	312	2	0	0
20200205	广东	1158	14603453	571848	17736	8484
20200205	广西	370	1314706	32656	2615	464
20200205	托斯卡纳	1	3	0	0	0
20200205	新疆	124	6490742	543252	19809	4091
20200205	東加里曼丹省	1	2	1	1	0
20200205	江苏	972	4317082	111962	7900	3424
20200205	江西	622	1745279	57018	3185	611
20200205	河北	710	2696662	142020	5493	1916
20200205	河南	1667	17900691	835474	30640	109009
20200205	浙江	588	3718726	95502	8414	2242
20200205	海南	108	157366	4875	557	84
20200205	湖北	804	4615317	172975	9430	4535
20200205	湖南	621	16157336	147951	5675	23633
20200205	澳门	3	1297	27	3	0
20200205	甘肃	184	206177	8257	777	121
20200205	福建	460	85500776	808943	56000	77854
20200205	西藏	14	14197	627	36	3
20200205	贵州	521	675693	24799	2827	154
20200205	辽宁	364	675301	18447	1465	449
20200205	重庆	284	58630813	3127743	230971	323042
20200205	陕西	726	8936388	730357	10204	2187
20200205	青海	22	152879	7700	308	29
20200205	香港	3	615	74	3	0
20200205	黑龙江	302	1453331	122854	4505	6025
20200206		12	1334296	122279	3037	1011
20200206	Central Singapore Community Development Council	3	19	0	0	0
20200206	Changwat Samut Prakan	2	772	9	3	0
20200206	Kuala Lumpur	1	0	0	0	0
20200206	National Capital Region	5	6946	45	21	1
20200206	Phuket Province	2	7712	203	16	10
20200206	Sankt-Peterburg	1	107	3	0	0
20200206	São Paulo	1	8544	92	77	0
20200206	Tokyo Prefecture	1	499	8	3	0
20200206	Yangon Region	1	10	1	0	0
20200206	上海	148	4747997	319431	7905	4789
20200206	云南	302	1079276	28724	1577	344
20200206	内蒙古	121	418507	14879	748	629
20200206	北京	196	70191323	2482805	62367	52391
20200206	吉林	216	13471305	629303	12679	1843
20200206	四川	618	4603392	177151	7966	4784
20200206	天津	102	328986	21908	1110	318
20200206	宁夏	35	24282	2856	53	19
20200206	安徽	1023	24039290	763906	39845	8074
20200206	山东	928	21198606	624936	23778	40333
20200206	山西	415	1998285	132699	6922	1392
20200206	广东	1014	83512216	2391664	70187	320192
20200206	广西	382	1322144	71800	4086	1087
20200206	新疆	122	249222	18945	942	213
20200206	江苏	925	11524119	604412	19090	18925
20200206	江西	568	13489012	736091	27846	12385
20200206	河北	664	2620830	77722	4020	1384
20200206	河南	1669	25185702	781121	31858	20262
20200206	浙江	517	1777239	65022	2810	957
20200206	海南	107	810664	56813	1293	493
20200206	湖北	761	18911633	376009	16341	4852
20200206	湖南	571	23370627	938336	23969	42288
20200206	甘肃	193	2743753	202546	10213	1111
20200206	福建	471	4579975	49762	3321	14802
20200206	西藏	15	24522	390	31	36
20200206	贵州	445	1964484	48453	4659	944
20200206	辽宁	337	7738253	270385	10633	13517
20200206	重庆	268	589755	20226	2031	256
20200206	陕西	674	1912247	74738	5457	2315
20200206	青海	20	15301	942	257	5
20200206	黑龙江	370	926116	49958	2188	532
20200207		24	5495500	195383	2831	1859
20200207	Auckland	1	68	3	0	0
20200207	Bangkok	1	30	1	0	0
20200207	Calabarzon	1	168	5	0	1
20200207	Comunidad de Madrid	1	4	0	0	0
20200207	Flanders	1	15651	4076	12	3
20200207	Jeollanam-do	1	40763	1730	162	4
20200207	Kuala Lumpur	1	12	3	0	0
20200207	State of New South Wales	2	38052	611	29	5
20200207	State of Queensland	1	1	0	0	0
20200207	Tỉnh Bình Dương	1	5	1	0	0
20200207	Tỉnh Khánh Hòa	1	242	6	0	0
20200207	Tỉnh Thanh Hóa	1	165	25	0	0
20200207	上海	184	6434926	396559	13162	17865
20200207	云南	288	1185543	20664	1937	196
20200207	俄亥俄州	1	5	0	0	0
20200207	内蒙古	211	912797	37728	1978	536
20200207	加利福尼亚州	2	1498	98	1	1
20200207	北京	283	425401255	10784632	278320	148292
20200207	台湾	1	9	0	0	0
20200207	吉林	272	34646891	654400	16257	6230
20200207	四川	874	14162850	137828	13028	6185
20200207	天津	140	15545444	668496	19349	9663
20200207	宁夏	60	42738	3098	279	14
20200207	安徽	1241	8493203	279881	16445	6132
20200207	山东	1200	9241460	142621	9555	3639
20200207	山西	557	2809174	99927	8418	2472
20200207	巴登-符腾堡	1	9133	1739	34	8
20200207	广东	1429	53900216	636915	33172	44206
20200207	广西	452	1779152	44952	2905	881
20200207	托斯卡纳	1	603	11	1	0
20200207	新疆	174	1979721	43938	1876	7810
20200207	江苏	1215	16902389	368534	20841	7665
20200207	江西	722	6785753	165211	10906	3697
20200207	河北	834	7439485	199251	8574	2666
20200207	河南	2318	51631398	1317369	76701	254501
20200207	河口省	1	121	14	4	3
20200207	浙江	578	3742358	129897	6514	2329
20200207	海南	124	392771	4572	897	53
20200207	湖北	1048	31528832	1157331	38458	28611
20200207	湖南	673	8020726	278242	12712	3270
20200207	澳门	1	15	0	0	0
20200207	甘肃	225	1025053	22016	1586	236
20200207	福建	527	4948234	87585	6004	3076
20200207	纽约州	2	32	1	1	0
20200207	西哈努克市	3	349	16	5	0
20200207	西藏	12	11942	1364	28	0
20200207	贵州	608	4353723	219892	9190	3219
20200207	辽宁	410	1412330	26432	2828	819
20200207	重庆	318	511349	26163	1902	326
20200207	陕西	943	2738494	134315	8110	914
20200207	青海	20	19385	344	22	7
20200207	香港	1	14	1	0	0
20200207	黑龙江	419	706295	22756	2105	228
20200208		16	93193	12875	173	90
20200208	Bangkok	1	4	2	0	0
20200208	Blantyre District	1	1	0	0	0
20200208	Changwat Chon Buri	1	26	1	0	0
20200208	Comunidad de Madrid	1	695	6	0	1
20200208	Dubai	2	2035	86	5	0
20200208	Ishikawa-ken	1	455	16	2	0
20200208	Luanda Province	1	2936	740	154	0
20200208	Massachusetts	1	2029	336	115	1
20200208	National Capital Region	1	73	1	0	0
20200208	Pahang	2	16	1	1	0
20200208	Phnom Penh	1	723	61	10	0
20200208	State of New South Wales	1	20664	463	17	12
20200208	State of Victoria	1	79	3	0	0
20200208	万丹省	1	12975	240	7	1
20200208	上海	183	2361412	112396	2358	1832
20200208	东爪哇省	1	1	0	0	0
20200208	云南	255	921020	17984	1685	200
20200208	内蒙古	166	1716017	148853	3124	1028
20200208	加利福尼亚州	1	2	0	0	0
20200208	加姆珀哈	1	29889	723	37	11
20200208	北京	257	9222670	333609	11393	6478
20200208	台湾	1	2546	62	2	2
20200208	吉林	230	771949	53028	3210	1111
20200208	四川	772	1437535	76172	7955	553
20200208	天津	111	249756	11408	1562	343
20200208	宁夏	54	27517	1503	497	7
20200208	安徽	1073	12265937	364293	16608	22260
20200208	山东	1187	17528535	666830	19316	4589
20200208	山西	494	1212366	71553	7039	917
20200208	广东	1088	23517200	1326399	60261	8405
20200208	广西	353	1011658	27216	2197	209
20200208	新疆	152	313208	15917	953	76
20200208	江苏	1033	60942024	2508906	60455	24491
20200208	江西	590	1336098	44358	4195	477
20200208	河北	828	5688867	352920	13908	3089
20200208	河南	1878	40012585	1166624	113149	16561
20200208	浙江	500	5080136	205714	7082	1034
20200208	海南	84	157167	6036	762	24
20200208	湖北	888	2507034	69256	8494	793
20200208	湖南	564	17295008	964758	31718	4143
20200208	澳门	1	108	2	0	0
20200208	甘肃	219	1668437	46490	3733	383
20200208	福建	420	1390204	58528	2666	1257
20200208	西哈努克市	1	4	0	0	0
20200208	西藏	14	40969	937	67	30
20200208	贵州	561	1692736	106415	5828	1011
20200208	辽宁	387	3470295	68638	4667	589
20200208	重庆	295	982310	36780	2921	517
20200208	陕西	774	2748728	105137	7599	1104
20200208	青海	26	7012	334	74	2
20200208	首尔特别市	1	4	0	0	0
20200208	香港	2	21716	524	3	1
20200208	黑龙江	418	1683440	41304	1585	402
20200209		19	3944	101	0	3
20200209	Bangkok	1	6092	297	17	1
20200209	Central Singapore Community Development Council	1	808	42	1	0
20200209	Chiang Mai Province	1	1382	29	2	4
20200209	East	1	322	39	0	0
20200209	Hiroshima-ken	2	75	2	0	0
20200209	Jalal-Abad	1	42	5	0	0
20200209	Kuala Lumpur	2	2440	25	2	12
20200209	National Capital Region	8	2956	118	12	0
20200209	Niamey	1	1980	111	5	0
20200209	Punjab Province	2	14	0	0	0
20200209	State of New South Wales	3	649	4	2	0
20200209	Sverdlovskaya Oblast’	1	15	2	0	1
20200209	São Paulo	1	9	1	0	0
20200209	Thành Phố Hải Phòng	2	74	4	0	1
20200209	Tokyo Prefecture	1	21	0	1	0
20200209	West	1	93	8	8	1
20200209	Xaignabouli	2	59	1	1	1
20200209	上海	293	2990381	79071	3873	1409
20200209	不列颠哥伦比亚	1	241	11	1	0
20200209	云南	384	651952	30331	2099	255
20200209	京畿道	2	2461	532	107	0
20200209	内蒙古	249	252757	9637	902	72
20200209	北京	382	17062242	465300	16630	3061
20200209	台湾	1	2	0	0	0
20200209	吉林	393	393823	20118	1652	144
20200209	四川	1163	1925667	90636	8235	469
20200209	天津	178	153144	11258	849	145
20200209	宁夏	86	622321	19472	2285	210
20200209	安徽	1718	15700357	448037	23269	20140
20200209	山东	1814	12803780	582073	28176	12114
20200209	山西	807	1579786	59580	9176	1082
20200209	广东	1644	7870703	206058	13051	2765
20200209	广西	445	789646	40876	2344	657
20200209	新疆	228	459857	16666	1516	284
20200209	曼尼托巴	1	126	8	0	0
20200209	江苏	1585	6942033	225181	14774	2526
20200209	江西	885	3386600	117561	8147	1080
20200209	河北	1356	26281801	812896	31491	14505
20200209	河南	3252	12746230	502781	33612	6057
20200209	浙江	794	5143362	190979	7710	1225
20200209	海南	133	306164	8488	691	88
20200209	湖北	1589	9394061	564479	36004	13823
20200209	湖南	822	3132575	100257	9033	656
20200209	澳门	2	108696	306	78	5
20200209	甘肃	488	2572457	153317	15836	1696
20200209	福建	643	5001599	197217	23101	1682
20200209	英格兰	3	17014459	639172	12978	3510
20200209	西藏	16	151222	12943	224	40
20200209	贵州	817	28544297	1037377	45560	8001
20200209	辽宁	576	2368544	133332	4074	546
20200209	重庆	444	25457359	811048	40834	3753
20200209	陕西	1279	3123831	117194	9408	918
20200209	青海	62	209913	15645	554	69
20200209	香港	8	764	49	8	0
20200209	黑龙江	552	881189	36650	1991	275
20200210		17	1795680	12014	567	707
20200210	Abū Z̧aby	1	220	11	6	0
20200210	Auckland	1	220	11	2	0
20200210	Catalunya	1	1584	96	23	1
20200210	Changwat Tak	1	325	10	0	0
20200210	Comunitat Autònoma de les Illes Balears	1	5	0	0	0
20200210	East	1	81	14	0	0
20200210	Hiroshima-ken	1	62	3	0	0
20200210	Jeju-do	1	0	0	0	0
20200210	Jeollabuk-do	2	82	3	2	1
20200210	Kampala District	1	104	2	0	0
20200210	Khabarovskiy Kray	1	113	18	3	0
20200210	Kuala Lumpur	2	676	257	16	0
20200210	National Capital Region	3	490	105	26	1
20200210	North	1	30	7	0	0
20200210	Provincie Zuid-Holland	1	144	10	0	0
20200210	State of New South Wales	2	10	0	0	2
20200210	São Paulo	1	120	4	0	0
20200210	Tỉnh Bắc Ninh	1	1603	27	1	0
20200210	Vientiane Prefecture	1	5	0	0	0
20200210	Yangon Region	1	609	32	1	0
20200210	上海	215	33439568	506503	31979	89059
20200210	云南	278	638005	32831	1633	133
20200210	内蒙古	179	19141683	209323	15108	16478
20200210	北京	263	60783478	1198569	39229	37483
20200210	台湾	3	206	0	0	0
20200210	吉林	258	52219015	502298	45073	33118
20200210	四川	792	2826057	94489	8217	1215
20200210	坎帕尼亚	1	3409	286	10	2
20200210	天津	125	125299	6207	841	45
20200210	宁夏	76	27146064	1456916	43114	6406
20200210	安徽	1184	9262310	278024	19038	4737
20200210	山东	1157	15815288	150147	11436	6454
20200210	山西	443	99405664	1246564	101348	177639
20200210	广东	1107	43733198	638950	25948	17849
20200210	广西	316	3297238	73883	3686	3238
20200210	康提	1	73	2	0	1
20200210	新疆	201	7699279	302919	8659	10909
20200210	江苏	1076	46054692	640594	46924	47054
20200210	江西	544	22633230	365899	70031	5925
20200210	河北	853	23407950	243507	23048	9568
20200210	河南	1912	18983184	477451	24741	7253
20200210	浙江	493	3259184	90123	6080	2315
20200210	海南	94	2868121	32241	1936	912
20200210	湖北	972	49906817	722533	29952	15761
20200210	湖南	579	1686750	46233	3694	477
20200210	澳门	1	95	1	3	0
20200210	甘肃	275	7697116	495499	22404	13284
20200210	福建	473	40185600	607650	18583	20766
20200210	纽约州	1	341	22	10	6
20200210	胡志明市	1	12	1	1	0
20200210	西藏	15	729230	2547	105	110
20200210	西部大区	1	611	24	1	0
20200210	贵州	645	85373716	1784115	206813	167070
20200210	辽宁	423	5632341	97459	3512	5269
20200210	重庆	329	7184738	124998	7227	6926
20200210	陕西	819	3367661	137240	10326	1040
20200210	青海	26	33768	1047	196	7
20200210	香港	3	3105	178	26	4
20200210	黑龙江	400	6799902	126038	3019	1073
20200211		19	1253492	22020	222	202
20200211	Ash Shāriqah	1	12	1	0	0
20200211	Kayin State	1	5	0	1	0
20200211	Kuala Lumpur	1	1	0	0	0
20200211	Lombardia	1	13	0	0	0
20200211	Muḩāfaz̧at al Aḩmadī	1	524	6	0	0
20200211	North East	1	489	8	3	0
20200211	Phnom Penh	1	470	39	2	1
20200211	State of Victoria	1	71	0	0	0
20200211	West	1	13	0	0	0
20200211	上海	162	836955	19889	1264	299
20200211	云南	197	554949	14477	1499	194
20200211	内蒙古	124	477200	8983	437	280
20200211	北京	197	127415946	2279805	111161	123313
20200211	吉林	201	11839826	107548	5006	1051
20200211	四川	636	4111702	306922	17633	6239
20200211	坎帕尼亚	1	13324	1451	42	27
20200211	天津	77	131668	16100	877	42
20200211	宁夏	52	1204956	132310	5245	938
20200211	安大略	1	1005	16	0	0
20200211	安徽	795	14029161	215721	11858	7806
20200211	山东	724	8852973	308943	11554	2211
20200211	山西	366	10692133	154993	13239	5140
20200211	广东	968	37555641	787157	30335	14503
20200211	广西	301	1203508	38341	2027	306
20200211	新疆	129	189087	9906	1117	100
20200211	東加里曼丹省	1	35	3	0	0
20200211	柔佛州	1	493	2	0	0
20200211	江苏	772	20357296	593023	37685	19405
20200211	江西	413	73277214	553030	25566	27097
20200211	河北	566	5362483	69995	4818	2429
20200211	河南	1310	24459635	421012	22172	8087
20200211	浙江	427	8302553	560505	14873	5584
20200211	海南	82	318303	18687	691	42
20200211	湖北	759	9983624	121633	10739	2808
20200211	湖南	471	4056205	82250	4252	2211
20200211	甘肃	198	2850557	192190	21345	5772
20200211	砂拉越	1	1047	68	7	0
20200211	福建	392	7471979	123768	5132	2990
20200211	西藏	5	1804	62	35	4
20200211	贵州	456	6088778	67220	4479	1351
20200211	辽宁	289	3534664	187439	9385	12939
20200211	重庆	238	823424	31136	2419	348
20200211	釜山广域市	1	70	4	2	0
20200211	陕西	602	3973775	129042	8520	1538
20200211	青海	20	29137	892	78	6
20200211	香港	2	22141	2103	149	7
20200211	黑龙江	304	5247026	51511	2249	1318
20200212		12	68842	2208	30	13
20200212	Auckland	1	1510	14	0	0
20200212	Central Singapore Community Development Council	1	3	0	0	0
20200212	Comunitat Valenciana	2	1954	390	46	2
20200212	Daejeon	2	21	1	0	0
20200212	Jeju-do	1	2	0	0	0
20200212	Khouèng Bokèo	1	3	1	1	0
20200212	Lombardia	2	42052	2044	34	2
20200212	Luanda Province	1	583	23	7	0
20200212	North Darfur	1	46	3	0	0
20200212	North East	1	2	1	0	0
20200212	Phnom Penh	1	315	46	5	0
20200212	Sabah	1	2049	168	1	0
20200212	Saitama-ken	2	1537	111	8	1
20200212	State of New South Wales	3	43389	531	35	41
20200212	State of Victoria	1	13	0	0	0
20200212	Tokyo Prefecture	2	794	48	30	0
20200212	Vientiane Prefecture	1	340	10	9	0
20200212	Vientiane Province	1	379	57	51	0
20200212	Ōsaka-fu	1	9	1	0	0
20200212	上海	212	6129009	241833	13723	9604
20200212	云南	333	1040931	23352	2747	339
20200212	俄亥俄州	1	998	16	3	0
20200212	内蒙古	132	296644	14901	974	515
20200212	加利福尼亚州	3	12485	1508	50	3
20200212	北京	281	419766092	8902530	253951	681412
20200212	吉林	206	5872752	80390	1762	1995
20200212	四川	1082	8258863	259667	17782	12031
20200212	天津	108	1296307	74834	2956	3252
20200212	宁夏	61	103835	8898	334	94
20200212	安徽	924	102678214	1240539	98945	112526
20200212	山东	891	65838861	2167511	65391	34672
20200212	山西	399	19861919	337716	42627	26419
20200212	广东	1401	23525309	682420	26351	38195
20200212	广西	493	3117713	85725	4358	803
20200212	弗吉尼亚州	1	109	7	1	0
20200212	新疆	138	4958224	179527	5370	5759
20200212	江苏	867	21843164	358804	17025	11515
20200212	江西	725	30100746	357997	15536	51297
20200212	河北	715	130799849	2400112	151305	161753
20200212	河南	1390	33201206	410532	24988	13587
20200212	浙江	574	6309724	255193	13398	4964
20200212	海南	111	625916	12873	1828	1669
20200212	湖北	1543	10080274	230878	18498	12097
20200212	湖南	861	48215666	692432	36408	24463
20200212	澳门	1	35	3	1	0
20200212	甘肃	230	1204255	46793	4672	1244
20200212	福建	566	17556461	220927	25645	3194
20200212	胡志明市	1	5	1	0	0
20200212	莫斯科州	3	15	1	0	0
20200212	西哈努克市	1	1471	64	2	0
20200212	西藏	11	5612	156	8	0
20200212	贵州	752	167957006	1526725	80935	155888
20200212	辽宁	328	529967	25026	1455	221
20200212	重庆	530	11794092	270040	13406	13849
20200212	陕西	597	28335959	1113169	96716	16047
20200212	青海	28	80917	1626	139	32
20200212	香港	2	467	10	1	0
20200212	黑龙江	352	732893	17210	1404	628
20200213		22	325335	7127	115	48
20200213	Central Singapore Community Development Council	1	856	22	1	0
20200213	Changwat Chon Buri	1	5202	188	32	4
20200213	Changwat Samut Prakan	1	2362	12	2	0
20200213	Dar es Salaam Region	2	10	2	0	0
20200213	Lombardia	1	11182	138	1	0
20200213	Makkah Province	1	1423	553	48	1
20200213	Okayama-ken	1	886	405	10	0
20200213	Santa Fe Province	1	1414	60	4	0
20200213	Thành Phố Hà Nội	3	21	0	0	0
20200213	Yangon Region	2	19	2	2	0
20200213	上海	136	1181028	27538	2247	207
20200213	云南	429	1480712	42746	3467	1091
20200213	佛罗里达州	2	1963	54	10	1
20200213	内蒙古	137	2878324	14580	974	1177
20200213	北京	172	22317252	384839	10402	19421
20200213	台湾	2	29	1	0	0
20200213	吉林	163	627506	25703	957	288
20200213	四川	1455	10984225	333564	18315	10917
20200213	夏威夷州	1	60	11	4	2
20200213	天津	76	54585	4045	430	20
20200213	宁夏	61	236054	10217	898	111
20200213	安徽	883	7427705	223676	10961	2711
20200213	山东	593	23902007	390344	11422	20646
20200213	山西	367	2955518	56908	6762	1269
20200213	广东	1323	263542929	11843031	258790	106930
20200213	广西	517	2338815	41170	3741	626
20200213	拉齐奥	1	549	32	11	0
20200213	新疆	108	751627	32228	1241	1204
20200213	江苏	797	12447140	331533	12746	3683
20200213	江西	771	11209645	135725	8067	3538
20200213	河北	541	3885721	166543	8100	8468
20200213	河南	1160	2907580	89026	8110	1496
20200213	浙江	507	12983567	263225	18333	11303
20200213	海南	100	745772	17288	1233	231
20200213	湖北	1039	9082446	135567	13269	4502
20200213	湖南	884	7214235	129919	7446	3476
20200213	澳门	1	64	2	0	1
20200213	甘肃	201	1861849	112907	10424	1127
20200213	福建	613	28770270	372118	19172	12529
20200213	胡志明市	1	778	27	5	0
20200213	西藏	7	23169	678	96	4
20200213	贵州	1051	4065616	106916	10288	2281
20200213	辽宁	264	644433	33350	952	226
20200213	重庆	583	4317454	66115	6571	3658
20200213	陕西	537	1818674	62653	5713	1623
20200213	青海	18	72098	3323	171	17
20200213	首尔特别市	2	13	2	0	0
20200213	香港	3	10000	105	4	3
20200213	黑龙江	323	281678	9298	1202	109
20200214		8	191683	4971	2256	66
20200214	Bangkok	1	5	1	0	0
20200214	Chungcheongbuk-do	1	2655	183	3	1
20200214	Colorado	1	294	5	1	0
20200214	Greater Accra Region	2	1383	10	1	0
20200214	Khouèng Oudômxai	1	434	123	19	0
20200214	National Capital Region	1	25	0	0	0
20200214	Provincia de Buenos Aires	1	49	9	5	0
20200214	State of New South Wales	2	2018	6	0	0
20200214	上海	96	585548	6781	623	908
20200214	云南	232	698577	15082	1225	374
20200214	京畿道	1	4	0	0	0
20200214	内蒙古	120	1852797	18103	1045	1938
20200214	北京	141	1781387	71928	1331	456
20200214	吉林	144	2594828	66427	2538	204
20200214	四川	740	3142792	115806	8392	1636
20200214	天津	82	58308	2642	303	50
20200214	宁夏	40	59181	3813	162	65
20200214	安徽	626	3398688	94456	8156	1294
20200214	山东	503	175733279	7129181	281543	183450
20200214	山西	280	6399614	255031	11810	2767
20200214	广东	853	85826601	794780	33354	79736
20200214	广西	324	1861221	46015	2659	521
20200214	新疆	97	209306	10073	553	79
20200214	江苏	572	3052370	112893	8245	2370
20200214	江西	431	19215912	438352	17360	5387
20200214	河北	451	12939160	469329	16687	2525
20200214	河南	909	5529099	105347	7197	2391
20200214	浙江	328	2447181	141811	4576	899
20200214	海南	105	875460	13782	572	1136
20200214	湖北	623	6629254	138880	9575	1632
20200214	湖南	473	1725504	52607	3715	388
20200214	澳门	2	1747	704	76	3
20200214	甘肃	125	463539	29716	4124	257
20200214	福建	437	9968519	283921	9396	7626
20200214	西藏	11	82733	1254	103	18
20200214	贵州	548	1026972	33759	3405	251
20200214	辽宁	227	955011	29965	593	9674
20200214	重庆	272	389387	14064	1324	217
20200214	陕西	429	5085703	212869	11010	4046
20200214	青海	13	23095	466	75	1
20200214	首尔特别市	1	4	0	0	0
20200214	香港	2	624	42	4	0
20200214	黑龙江	254	2847095	37251	1554	4090
20200215		8	31773	2338	152	14
20200215	Bangkok	1	1	0	0	0
20200215	Central Singapore Community Development Council	2	3	1	0	0
20200215	Chungcheongnam-do	1	0	0	0	0
20200215	Daejeon	1	1935	98	0	0
20200215	Jeju-do	1	802	66	14	0
20200215	State of New South Wales	1	8	1	0	0
20200215	Tỉnh Bình Dương	1	1844	75	1	1
20200215	Tỉnh Khánh Hòa	1	4	0	0	0
20200215	上海	94	2777125	33327	1474	2351
20200215	乔治亚	1	8	0	0	0
20200215	云南	161	973887	25351	1571	217
20200215	内蒙古	81	663598	4036	229	65
20200215	加利福尼亚州	1	2	0	0	0
20200215	北京	123	14349292	292469	9808	4272
20200215	台湾	1	124	6	1	0
20200215	吉打	1	293	14	1	1
20200215	吉林	137	222862	10044	458	207
20200215	四川	543	5933317	293943	13147	34291
20200215	天津	68	55455	2564	297	16
20200215	宁夏	25	72442	6654	276	27
20200215	安徽	574	9769965	469042	14533	1932
20200215	山东	537	14422594	199285	8828	7060
20200215	山西	238	4296086	144311	6877	2941
20200215	广东	809	13440575	733534	29982	11036
20200215	广西	255	1506258	29550	1643	773
20200215	新疆	75	245660	18179	889	193
20200215	曼德勒	1	17	0	0	0
20200215	江苏	536	3378223	122271	6427	1473
20200215	江西	484	10745547	255433	9986	5606
20200215	河北	407	6198399	133780	6945	1913
20200215	河南	927	18071161	530120	25497	9150
20200215	浙江	295	7460969	427550	23715	2954
20200215	海南	77	134627	8606	362	64
20200215	湖北	638	189830007	4549253	176661	108161
20200215	湖南	432	12636549	513772	25231	9325
20200215	澳门	2	21338	539	46	43
20200215	甘肃	119	1653913	80314	14077	851
20200215	福建	349	9897468	99700	4484	6254
20200215	西藏	11	69084	782	98	4
20200215	贵州	382	13184567	207463	6879	3125
20200215	辽宁	240	1003378	22248	1143	746
20200215	重庆	197	800871	18696	1473	564
20200215	陕西	323	1359555	45556	3613	417
20200215	青海	18	17153	381	54	4
20200215	香港	2	31	0	0	0
20200215	黑龙江	241	589574	17853	4228	528
20200216		10	608837	60157	829	116
20200216	Capital Governorate	1	5	0	0	0
20200216	Dubai	1	5	0	0	0
20200216	Jeollanam-do	1	2	1	0	0
20200216	Krasnoyarskiy Kray	1	182	9	2	0
20200216	National Capital Region	1	329	59	3	0
20200216	State of New South Wales	3	179	1	0	0
20200216	State of Victoria	1	9	1	0	0
20200216	Tokyo Prefecture	1	21404	573	18	55
20200216	Tỉnh Bình Dương	2	12	0	0	0
20200216	West	1	354	8	0	0
20200216	上海	99	1670287	28313	1673	931
20200216	云南	185	628425	23375	1416	550
20200216	内蒙古	90	223207	4539	221	48
20200216	北京	101	188838	15951	471	355
20200216	吉林	141	119926	3909	565	70
20200216	四川	450	2336553	98673	8707	838
20200216	天津	70	320060	10594	1078	29
20200216	宁夏	18	19913	292	27	1
20200216	安徽	534	20091840	684525	22820	3514
20200216	山东	508	1990423	102795	5356	1636
20200216	山西	270	591791	16890	2795	151
20200216	广东	742	37758002	1697476	69019	13670
20200216	广西	228	639786	19522	1198	1736
20200216	新泽西州	2	11	0	0	0
20200216	新疆	95	1365005	77693	3725	3780
20200216	普利亚	1	4	1	0	0
20200216	江苏	619	2332258	73549	6663	959
20200216	江西	447	1525118	93131	5247	1154
20200216	河北	412	1837623	113337	3457	878
20200216	河南	809	17870343	844392	30753	14695
20200216	浙江	262	2042830	46229	3041	480
20200216	海南	56	4714327	141012	4813	2322
20200216	湖北	508	3670019	147116	10164	1616
20200216	湖南	381	2046053	79190	5050	1335
20200216	甘肃	133	1526843	45020	1537	157
20200216	福建	294	1226540	22035	2450	1215
20200216	西藏	9	6266	281	20	6
20200216	贵州	316	579338	23317	2240	185
20200216	辽宁	224	241279	6512	537	73
20200216	重庆	229	478300	16585	1695	67
20200216	陕西	332	2319290	97932	4944	467
20200216	青海	9	3584	182	28	1
20200216	首尔特别市	1	5	1	0	0
20200216	香港	2	1169	7	6	0
20200216	黑龙江	269	409084	19014	1190	405
20200217		15	140116	14882	126	49
20200217	Bangkok	2	6	0	0	0
20200217	Comunitat Valenciana	1	4	0	0	0
20200217	National Capital Region	1	45	4	4	0
20200217	Vientiane Prefecture	1	6	1	0	0
20200217	上海	90	24775971	1060446	28852	16277
20200217	不列颠哥伦比亚	1	18086	2564	13	5
20200217	云南	112	312662	9010	542	124
20200217	内蒙古	80	653918	5049	301	79
20200217	北京	108	2223309	25022	2155	564
20200217	吉林	133	890737	16158	1103	135
20200217	四川	330	1718020	117549	4415	902
20200217	天津	40	23355	1400	136	12
20200217	宁夏	23	91236	7815	518	64
20200217	安徽	413	10226812	440347	14485	1708
20200217	山东	438	14864658	657398	24311	9137
20200217	山西	165	297944	12635	2474	74
20200217	广东	554	54829369	504210	23929	34077
20200217	广西	201	1064492	25396	1965	499
20200217	新不倫瑞克	1	47	1	0	0
20200217	新疆	65	408888	10168	752	485
20200217	江苏	482	2605341	113510	9458	2128
20200217	江西	340	21128818	248332	22006	28359
20200217	河北	333	22960317	213255	20723	6763
20200217	河南	665	32365158	520741	31564	19228
20200217	浙江	197	790751	20859	2870	190
20200217	海南	51	3130295	89302	1413	756
20200217	湖北	471	2001104	86716	7433	515
20200217	湖南	323	1698965	76950	2657	719
20200217	甘肃	75	140016	6753	922	29
20200217	福建	262	7097644	174085	14449	4779
20200217	西藏	11	1699873	159510	781	123
20200217	贵州	185	1806586	40455	2051	445
20200217	辽宁	216	4831610	199916	29796	5044
20200217	重庆	141	4169763	115500	3759	205
20200217	陕西	285	878108	34539	2918	188
20200217	青海	19	89083	859	82	198
20200217	香港	2	114	8	4	0
20200217	黑龙江	254	190216	6842	991	49
20200218		17	1889741	7117	363	447
20200218	Bolikhamxai	1	838	53	4	0
20200218	Departamento de Cundinamarca	1	949	11	0	0
20200218	Kuala Lumpur	1	0	0	0	0
20200218	Negeri Sembilan	1	20	1	0	0
20200218	State of New South Wales	1	15539	170	9	4
20200218	State of Victoria	1	109	11	0	0
20200218	Thành Phố Hà Nội	1	2717	119	10	0
20200218	Waikato	2	5619	1251	16	1
20200218	Đắk Lắk Province	1	669	11	6	0
20200218	上海	113	43923464	1199617	31163	33873
20200218	不列颠哥伦比亚	1	533	5	0	1
20200218	云南	148	751536	10627	987	86
20200218	内蒙古	114	12507206	71736	2682	5994
20200218	北京	199	221859630	5295949	150444	242532
20200218	吉林	166	1514245	20513	2478	644
20200218	四川	420	173228818	4143722	97599	354075
20200218	天津	70	228241	5541	973	24
20200218	宁夏	27	86680	947	61	18
20200218	安徽	482	4865539	68802	4404	1269
20200218	山东	608	24934895	273750	17694	8677
20200218	山西	262	10454538	145521	9442	4444
20200218	广东	806	209910751	3247003	79967	85003
20200218	广西	232	2324906	230572	9815	2082
20200218	德克萨斯州	1	258	5	0	0
20200218	新疆	85	8953360	286718	9202	5805
20200218	江苏	580	90381072	1346244	103626	67098
20200218	江西	287	53211141	411899	22462	8846
20200218	河北	502	115703464	1352926	48236	38231
20200218	河南	939	77801150	630882	34917	11646
20200218	浙江	250	6132574	276430	17289	2379
20200218	海南	57	92454	1313	127	31
20200218	湖北	546	9222875	161212	8147	6088
20200218	湖南	331	7103748	228409	23081	15505
20200218	澳门	1	743	28	2	0
20200218	甘肃	112	2420545	90589	3478	820
20200218	福建	261	5432665	161003	2646	1561
20200218	英格兰	1	1035	8	0	0
20200218	西藏	21	1209938	79342	1515	430
20200218	贵州	185	569088	13710	1091	279
20200218	辽宁	289	2234960	24121	6583	471
20200218	重庆	161	765939	19051	1787	298
20200218	陕西	299	1506663	41350	5018	1103
20200218	青海	15	26263	767	171	179
20200218	首尔特别市	1	96	12	2	0
20200218	香港	4	1696	225	7	4
20200218	黑龙江	284	1613889	24884	1994	338
20200219		17	58823	1939	67	19
20200219	Auckland	1	63	2	0	0
20200219	Changwat Tak	1	329	20	4	0
20200219	Cidade de Maputo	1	635	20	2	0
20200219	N'Djamena	1	870	144	39	13
20200219	North Kalimantan	1	405	2	1	0
20200219	Port Louis District	1	4	0	0	0
20200219	Saskatchewan	1	1	0	0	0
20200219	上海	112	41068652	1684404	34859	34747
20200219	不列颠哥伦比亚	1	67	2	0	0
20200219	云南	171	943748	13113	1467	197
20200219	内蒙古	120	1302998	39435	3921	1205
20200219	北京	184	46747153	727235	19579	9803
20200219	吉林	172	505247	9622	2548	57
20200219	四川	469	2010737	82356	4469	513
20200219	天津	67	251669	5458	406	341
20200219	宁夏	25	52853	1364	96	3
20200219	安大略	1	95	1	0	0
20200219	安徽	542	6872163	273926	11121	19809
20200219	山东	613	24921140	802306	25474	4828
20200219	山西	281	27439591	913932	29055	7427
20200219	巴登-符腾堡	1	34299	1263	32	2
20200219	广东	769	25544187	1390931	58270	30075
20200219	广西	201	1052278	19735	3153	1272
20200219	新疆	126	1060965	28614	1983	894
20200219	江苏	523	7684043	264001	9083	2825
20200219	江西	260	21984014	231014	8588	2668
20200219	河北	499	11940847	167067	14702	10502
20200219	河南	976	34073396	801755	37279	15352
20200219	浙江	231	5604402	113700	3582	1928
20200219	海南	69	254041	8196	1387	42
20200219	湖北	559	2521252	86425	8273	1246
20200219	湖南	324	12741632	757446	17379	23710
20200219	甘肃	109	658942	9646	2541	73
20200219	福建	265	14630316	624754	22678	4200
20200219	西藏	6	35271	2087	279	16
20200219	贵州	203	943517	42334	1883	441
20200219	辽宁	274	3177510	32997	5148	610
20200219	重庆	140	529172	18975	1102	192
20200219	陕西	319	1077611	53720	4358	334
20200219	青海	19	11492899	624328	47124	21560
20200219	黑龙江	343	1805810	83596	3469	2477
20200220		9	204528	17565	543	46
20200220	Central Singapore Community Development Council	1	1559	51	28	0
20200220	Changwat Prachin Buri	1	30	1	0	0
20200220	Hiroshima-ken	1	80	30	1	0
20200220	Kharkiv	1	126	6	0	0
20200220	Lombardia	1	1125	46	0	0
20200220	National Capital Region	2	1088	75	2	0
20200220	National Capital Territory of Delhi	1	4439	103	19	0
20200220	Saitama-ken	1	4	0	0	0
20200220	Selangor	2	5	0	0	0
20200220	上海	115	542656	22710	1387	551
20200220	云南	129	760992	32400	1744	281
20200220	兵库县	1	629	7	0	0
20200220	内蒙古	114	286324	13328	1871	133
20200220	加利福尼亚州	1	5773	304	22	2
20200220	北京	167	8230696	201844	5859	3331
20200220	吉林	175	6381353	726891	22055	828
20200220	四川	372	6747864	627265	16540	2574
20200220	天津	95	1257428	97441	2531	2111
20200220	宁夏	32	282351	3701	1669	9
20200220	安徽	600	3435611	215831	12924	780
20200220	山东	746	66644073	2878588	157954	54857
20200220	山西	242	2331351	126306	10864	1365
20200220	广东	814	33228177	1056470	33589	32904
20200220	广西	229	4072956	243838	9478	3733
20200220	新疆	109	543423	19825	2466	366
20200220	江苏	645	13732865	671051	35379	15254
20200220	江西	289	17753492	132598	4747	2558
20200220	河北	604	3274735	136804	15031	3308
20200220	河南	1166	10036241	472149	29580	7980
20200220	浙江	264	1752729	61390	7029	630
20200220	海南	66	185839	13460	423	182
20200220	湖北	566	3319070	138386	9614	4711
20200220	湖南	334	2181803	62583	5714	759
20200220	澳门	3	1258	23	2	0
20200220	甘肃	144	656130	17604	4550	1087
20200220	福建	301	3854709	203573	3166	2207
20200220	英格兰	7	299846	1501	1867	3
20200220	西藏	7	44736	412	76	10
20200220	贵州	182	5818829	57941	3435	1308
20200220	辽宁	332	816671	61501	2557	280
20200220	重庆	171	14454694	74130	5498	5122
20200220	陕西	382	1678276	49551	7360	901
20200220	青海	9	16789	282	73	4
20200220	首尔特别市	2	1031	119	0	1
20200220	香港	3	42274	868	13	38
20200220	黑龙江	406	792544	21389	1486	499
20200221		17	79865	3364	45	9
20200221	National Capital Region	1	111	23	4	2
20200221	Sankt-Peterburg	1	47	4	1	0
20200221	上海	105	285660	21453	964	625
20200221	云南	92	1766002	55918	1976	360
20200221	俄亥俄州	1	3	0	0	0
20200221	兵库县	1	70	1	0	0
20200221	内蒙古	112	204098	3455	1171	118
20200221	北京	162	2534636	91446	2890	2017
20200221	吉林	233	1995645	89652	7568	931
20200221	四川	323	7469365	433354	14739	5822
20200221	天津	86	318455	15975	1895	91
20200221	宁夏	28	206219	1924	305	17
20200221	安大略	1	0	0	0	0
20200221	安徽	510	5761076	264511	11971	1795
20200221	山东	644	4251296	101268	21498	1290
20200221	山西	210	82910659	536207	32256	37231
20200221	广东	659	13508696	430590	12695	2292
20200221	广西	201	1131957	71127	2766	715
20200221	新疆	85	353755	10120	3178	94
20200221	本吉拉省	2	1799	570	91	4
20200221	江苏	402	4139036	238730	8716	2783
20200221	江西	229	39812045	1427850	22766	6234
20200221	河北	562	145759375	943958	53963	132367
20200221	河南	875	4381720	182745	13580	2766
20200221	浙江	234	3183797	134152	5772	7028
20200221	海南	51	113805	6411	323	46
20200221	湖北	539	4611023	294361	14210	1672
20200221	湖南	241	1159394	32241	2154	334
20200221	甘肃	107	500338	9512	2925	270
20200221	福建	236	15210173	181458	5311	6477
20200221	西藏	7	36441	1642	601	1
20200221	贵州	137	806097	28294	2477	296
20200221	辽宁	304	2986079	32567	6799	335
20200221	重庆	135	6729630	114092	4504	2236
20200221	陕西	326	5029552	67514	5655	2392
20200221	青海	13	166437	2544	508	44
20200221	香港	1	3	0	0	0
20200221	黑龙江	377	287835	25718	1675	159
20200222		21	1195938	59769	1192	224
20200222	Changwat Tak	1	15262	642	11	4
20200222	Coast Region	1	12	1	0	0
20200222	Comunitat Valenciana	1	2428	83	9	3
20200222	Khouèng Phôngsali	1	374	53	5	0
20200222	Lombardia	1	658	101	33	0
20200222	National Capital Region	1	61	3	0	3
20200222	Phnom Penh	1	1047	99	8	0
20200222	Pulau Pinang	2	6625	279	40	0
20200222	State of New South Wales	1	2727	70	2	0
20200222	万丹省	1	18	1	0	0
20200222	上海	102	2233713	88119	3660	1154
20200222	云南	114	1196850	28738	1903	253
20200222	内蒙古	123	1564706	56892	4383	1956
20200222	利古里亞	1	633	21	0	0
20200222	北京	149	19881138	624784	17878	37390
20200222	吉林	232	1141336	62218	2336	399
20200222	四川	301	2698175	118804	4835	3449
20200222	天津	84	629774	15444	2643	48
20200222	宁夏	37	383115	28397	1769	795
20200222	安大略	1	0	0	0	0
20200222	安徽	429	6617479	245494	10479	4078
20200222	山东	581	5654786	151968	21311	2303
20200222	山西	199	20553987	391730	23283	6475
20200222	广东	648	52013457	725628	25172	32707
20200222	广西	203	2298487	130301	3542	884
20200222	托斯卡纳	1	1058	31	12	2
20200222	新疆	91	4237242	197866	2300	1495
20200222	江苏	417	5390565	161607	7674	2955
20200222	江西	207	42587183	253045	11310	8009
20200222	河北	570	5419895	149099	8584	5050
20200222	河南	1004	45688307	1034478	90772	12772
20200222	浙江	194	801382	40453	2361	400
20200222	海南	48	10877869	77347	1068	17284
20200222	湖北	414	8160588	124628	7141	1590
20200222	湖南	241	2303635	79500	3022	1506
20200222	甘肃	111	1432553	38497	4626	557
20200222	皮埃蒙特	1	1846	99	24	1
20200222	福建	202	30131473	988163	17355	21273
20200222	西藏	6	14085	467	152	2
20200222	贵州	165	14330562	258125	5608	9052
20200222	辽宁	286	729549	8800	854	148
20200222	重庆	112	1611203	63728	3871	2966
20200222	陕西	281	3333719	157625	6359	2479
20200222	青海	18	155164	2421	1121	9
20200222	黑龙江	375	5522475	109255	12064	1608
20200223		17	1700715	121269	2679	237
20200223	Bangkok	1	664	12	3	0
20200223	Chungcheongbuk-do	1	1900	215	4	0
20200223	Daerah Khusus Ibukota Jakarta	1	98	0	0	0
20200223	Emilia-Romagna	2	789	16	0	0
20200223	Ibaraki	1	5626	65	112	1
20200223	State of Western Australia	1	2209	47	3	0
20200223	Yangon Region	1	1	0	0	0
20200223	上海	123	941211	18277	1193	645
20200223	云南	124	2677061	21931	2999	1962
20200223	内蒙古	114	15841495	207757	5522	1415
20200223	利古里亞	1	594	1	1	0
20200223	北京	175	39466759	1022051	19253	8636
20200223	吉林	217	7536977	175239	6809	608
20200223	四川	360	5110025	238547	7032	8437
20200223	天津	59	963906	64508	1657	3351
20200223	威尼托	1	206	2	0	0
20200223	宁夏	38	769770	28170	1656	766
20200223	安徽	376	5151580	99215	4242	1242
20200223	山东	679	4643969	156843	14352	3190
20200223	山西	227	82533875	1259926	37126	10377
20200223	广东	602	83679486	3851534	106257	36677
20200223	广西	211	3631042	162807	2817	761
20200223	新疆	93	719966	40317	1002	297
20200223	江苏	422	2602673	140101	5711	3397
20200223	江西	227	7353731	134212	5085	2565
20200223	河北	499	6253791	130594	12138	1564
20200223	河南	975	131677609	4937637	132331	771382
20200223	浙江	242	1375345	72196	1442	731
20200223	海南	40	102095	4064	2006	17
20200223	湖北	485	6728189	354120	12289	11772
20200223	湖南	254	828877	40942	2336	685
20200223	甘肃	99	249530	5181	921	65
20200223	福建	215	2827949	110001	4905	645
20200223	纽约州	1	321	7	1	0
20200223	西藏	3	883	31	1	1
20200223	西西里岛	2	6166	207	57	3
20200223	贵州	147	1296150	72618	1883	1218
20200223	辽宁	218	1331893	16004	2375	305
20200223	重庆	102	511927	25669	589	272
20200223	陕西	328	2799214	75900	4648	929
20200223	青海	17	35399	562	137	24
20200223	首尔特别市	1	0	0	0	0
20200223	黑龙江	332	4152286	65048	3778	2363
20200224		8	4910093	495767	21955	2938
20200224	Auckland	1	1006	54	0	1
20200224	Central Singapore Community Development Council	3	485	28	5	0
20200224	Chungcheongnam-do	2	97	2	0	0
20200224	Jeollanam-do	1	8	0	0	0
20200224	Khouèng Bokèo	2	153	1	0	0
20200224	Lombardia	2	561	25	11	0
20200224	National Capital Region	1	18	1	0	0
20200224	Tỉnh Bắc Ninh	1	79	24	1	1
20200224	Ōsaka-fu	2	470	3	0	7
20200224	上海	117	7937109	361453	6622	3841
20200224	不列颠哥伦比亚	1	203	3	1	0
20200224	云南	104	171930	8097	352	368
20200224	内蒙古	97	2081339	44291	2475	5901
20200224	北京	164	62874173	1706995	34097	26952
20200224	吉林	208	1085544	39575	1278	645
20200224	四川	318	1315506	33866	2183	335
20200224	坎帕尼亚	1	290	11	3	0
20200224	天津	72	1612504	106913	7675	1595
20200224	威尼托	2	603	11	0	0
20200224	宁夏	31	30485	2075	151	33
20200224	安徽	418	2799708	165839	4308	3266
20200224	山东	736	29646106	1222209	56445	94528
20200224	山西	261	4002517	42855	5326	430
20200224	广东	674	23468839	668750	25213	7178
20200224	广西	221	7395885	311254	7191	1261
20200224	托斯卡纳	2	5242	39	0	4
20200224	拉齐奥	1	9	0	0	0
20200224	新疆	106	370750	15886	1122	1622
20200224	柔佛州	1	1436	14	0	0
20200224	江苏	492	15883373	241083	6556	5806
20200224	江西	301	5788609	204435	6800	6680
20200224	河北	514	17712556	467800	16236	12665
20200224	河南	911	6345396	134805	12517	1549
20200224	浙江	285	1705237	78637	8977	830
20200224	海南	58	421099	50539	2656	116
20200224	湖北	533	6167184	215082	6867	1530
20200224	湖南	265	1061882	49658	1706	1503
20200224	甘肃	83	189544	11375	1198	164
20200224	福建	218	2882263	53777	1591	1663
20200224	西哈努克市	1	652	53	0	0
20200224	西藏	6	5855	536	150	0
20200224	贵州	189	17310813	282053	5669	2647
20200224	辽宁	197	2098506	81771	2329	3021
20200224	重庆	131	1823421	59406	2475	2494
20200224	陕西	313	2527284	113537	6364	701
20200224	青海	12	3933	82	14	2
20200224	首尔特别市	2	856	6	10	0
20200224	香港	2	4367	107	7	2
20200224	马尔凯	1	1457	581	128	0
20200224	黑龙江	294	451458	11601	1921	279
20200225		8	75403	1552	27	19
20200225	Chungcheongnam-do	1	384	9	1	3
20200225	Friuli Venezia Giulia	1	1726	25	11	1
20200225	Jeollanam-do	3	8639	19	0	1
20200225	Phnom Penh	1	4340	67	76	0
20200225	State of New South Wales	1	402	4	5	1
20200225	Sverdlovskaya Oblast’	1	44421	1592	88	2
20200225	Vientiane Prefecture	2	297	4	0	0
20200225	万丹省	1	739	15	2	0
20200225	上海	86	465854	7097	558	102
20200225	云南	95	1088123	12238	2508	54
20200225	内蒙古	84	6318974	212283	6575	28990
20200225	北京	137	93714334	3069373	55624	22713
20200225	吉林	179	276464	17370	1219	108
20200225	四川	251	1457300	80069	3060	2593
20200225	坎帕尼亚	1	3	0	0	0
20200225	天津	49	82756	2239	478	36
20200225	宁夏	12	69645	2679	270	100
20200225	安大略	1	1	0	0	0
20200225	安徽	309	1381656	73875	4334	425
20200225	山东	521	5687134	141472	13618	2328
20200225	山西	162	735720	21698	1683	1438
20200225	广东	567	24541888	671774	34506	25915
20200225	广西	141	1056758	73565	4493	1537
20200225	新疆	57	365426	12092	760	1212
20200225	江苏	300	11039366	252487	11262	3138
20200225	江西	211	51716405	584677	14083	15580
20200225	河北	465	5779029	208235	13037	29319
20200225	河南	537	9329492	158474	9563	2210
20200225	浙江	173	406473	15990	1022	214
20200225	海南	42	33760	2681	291	7
20200225	湖北	432	14169243	93529	7363	1968
20200225	湖南	203	779588	22522	2111	506
20200225	甘肃	45	61506	2405	412	44
20200225	福建	186	676482	24473	1168	855
20200225	英格兰	1	2	0	0	0
20200225	西藏	2	10	1	0	0
20200225	贵州	125	3606427	87329	3366	2324
20200225	辽宁	189	9817735	272190	3202	41834
20200225	重庆	112	433046	21500	1632	525
20200225	陕西	230	1321182	74319	3119	646
20200225	青海	15	98773	2368	129	17
20200225	香港	1	68	3	0	0
20200225	黑龙江	303	1464862	90340	2887	2171
20200226		14	20285	1101	29	9
20200226	Aichi-ken	1	0	0	0	0
20200226	East	1	5	0	0	0
20200226	Emilia-Romagna	3	40425	81	13	19
20200226	Lombardia	2	18	0	0	0
20200226	West	1	2880	214	5	2
20200226	上海	60	662563	27509	1198	599
20200226	云南	92	1904535	36416	7394	124
20200226	光州广域市	1	1	0	0	0
20200226	内蒙古	100	373383	4708	408	393
20200226	北京	187	3648266	102360	2648	3557
20200226	吉林	214	210187	14473	570	45
20200226	四川	193	541397	23966	2550	348
20200226	坎帕尼亚	1	1707277	82721	6541	48
20200226	天津	46	40889	1423	220	79
20200226	威尼托	1	3	0	0	0
20200226	宁夏	12	5761	85	18	0
20200226	安徽	282	8054674	138132	8932	831
20200226	山东	527	3366824	102303	6968	3075
20200226	山西	189	436754	16194	1910	348
20200226	广东	503	60677071	899118	68263	16312
20200226	广西	119	250057	18334	1180	112
20200226	拉齐奥	1	40	2	0	0
20200226	新疆	104	378443	18173	2228	14265
20200226	江苏	260	77348368	2002139	30049	112697
20200226	江西	214	8392665	154574	6999	3319
20200226	河北	476	17980280	566886	20189	169914
20200226	河南	608	5890327	288083	13840	4949
20200226	浙江	153	1652142	57090	2094	3440
20200226	海南	43	44785	1927	175	13
20200226	湖北	338	1207755	31799	3572	645
20200226	湖南	176	286004	8382	579	560
20200226	甘肃	52	88423	1307	211	9
20200226	福建	132	659713	23043	1110	363
20200226	贵州	114	1073796	39631	3329	2227
20200226	辽宁	162	358074	13231	1352	209
20200226	重庆	109	7407563	88894	4940	13538
20200226	陕西	201	1007658	21573	4003	917
20200226	青海	10	7397	909	41	2
20200226	首尔特别市	1	168	54	6	0
20200226	黑龙江	265	294650	11599	1030	486
20200227		25	1167904	22274	2033	832
20200227	Bangkok	1	3772	320	26	0
20200227	Davao	1	40	2	0	0
20200227	Emilia-Romagna	1	5	1	0	0
20200227	Khouèng Phôngsali	1	0	0	0	0
20200227	Lombardia	2	1286	88	40	7
20200227	Phnom Penh	1	7	1	0	0
20200227	Primorskiy Kray	2	858	14	0	1
20200227	State of New South Wales	2	13159	156	11	3
20200227	上海	162	8277956	344499	10334	3514
20200227	云南	96	1665789	26953	1689	182
20200227	佛罗里达州	1	15901	1337	34	12
20200227	内蒙古	128	4593272	17144	1081	818
20200227	北京	327	626111893	23311025	1149788	675080
20200227	吉林	254	603124	18715	1766	104
20200227	四川	305	9326161	183536	18168	2218
20200227	坎帕尼亚	1	53688	303	62	12
20200227	天津	66	833180	93657	3496	1204
20200227	宁夏	32	200018	12232	1382	202
20200227	安徽	350	33850631	686279	44207	15620
20200227	山东	710	73436981	931892	29907	30528
20200227	山西	242	23848153	492660	44748	8834
20200227	广东	899	314391428	10610971	363589	126704
20200227	广西	156	2994414	66603	3688	978
20200227	新疆	88	1193535	19556	1735	294
20200227	江苏	426	203515189	7153523	594852	31562
20200227	江西	284	135878333	1959339	117669	48496
20200227	河北	604	82366200	1040611	170815	23908
20200227	河南	811	41020928	563141	31937	12713
20200227	浙江	292	5758503	197585	9691	4276
20200227	海南	58	511614	8337	364	137
20200227	湖北	602	35608232	463017	32735	9349
20200227	湖南	301	12214132	349747	8950	8117
20200227	甘肃	99	1398598	20751	3137	274
20200227	福建	237	5863912	138990	4209	1519
20200227	科贾埃利省	1	1238	264	45	1
20200227	西藏	10	364998	7369	171	75
20200227	贵州	186	6520252	71048	4721	732
20200227	辽宁	275	25445372	442052	13521	8368
20200227	重庆	118	2726025	47018	2524	844
20200227	陕西	285	14051261	177665	7014	13737
20200227	青海	18	22018	2122	24	8
20200227	香港	5	496915	35406	1063	292
20200227	黑龙江	317	2148365	31136	2202	379
20200228		17	72382	4396	241	21
20200228	Bangkok	1	1	0	0	0
20200228	Central Singapore Community Development Council	1	509	5	4	0
20200228	Comunidad de Madrid	1	2002	9	1	0
20200228	Comunitat Autònoma de les Illes Balears	1	3	0	0	0
20200228	Daegu	1	0	0	0	0
20200228	Dubai	1	379658	10246	1910	18
20200228	Jeollanam-do	1	0	0	0	0
20200228	Phnom Penh	3	616	31	0	0
20200228	Phuket Province	1	9	0	0	0
20200228	上海	104	771655	40462	1065	455
20200228	不列颠哥伦比亚	2	215	12	3	0
20200228	云南	71	412632	18566	2624	800
20200228	京畿道	2	558	6	0	0
20200228	佛罗里达州	1	52163	358	179	191
20200228	内蒙古	76	87013	3353	527	89
20200228	北京	124	24965787	673634	18557	2690
20200228	台湾	2	451	4	0	0
20200228	吉林	189	3171544	20906	2062	859
20200228	四川	234	5734165	450641	22398	2072
20200228	塔那那利佛	1	617	63	1	0
20200228	天津	64	116403	5295	262	97
20200228	宁夏	18	146017	14076	1097	69
20200228	安大略	9	1657	11	1	0
20200228	安徽	301	1595314	85974	4035	995
20200228	山东	559	3748955	243203	10027	1795
20200228	山西	223	536454	16734	2914	816
20200228	广东	617	20472611	1330022	98184	11750
20200228	广西	126	539838	23914	1375	101
20200228	拉齐奥	1	7660	105	109	0
20200228	新疆	70	4031125	141151	5369	1388
20200228	江苏	378	49330735	1401827	65928	5815
20200228	江西	203	13337447	1091869	67244	11578
20200228	河北	394	52296043	1420381	25438	267847
20200228	河南	583	3760516	113211	9147	599
20200228	浙江	224	3466379	166960	8294	2393
20200228	海南	34	175528	10009	336	83
20200228	湖北	446	4934774	319460	9236	1168
20200228	湖南	284	11472662	92501	8521	1574
20200228	甘肃	70	224205	9477	798	112
20200228	皮埃蒙特	1	721	22	8	0
20200228	福建	218	33475965	1147795	39403	11141
20200228	西藏	5	477	10	4	0
20200228	贵州	128	841253	41618	2911	226
20200228	辽宁	194	3053820	144562	24876	556
20200228	重庆	109	260213	21512	1954	100
20200228	陕西	255	8393501	342018	33658	1641
20200228	青海	10	68383	971	98	54
20200228	首尔特别市	2	2232	49	10	0
20200228	香港	5	55122	10332	189	30
20200228	黑龙江	317	1217422	29176	6757	223
20200229		16	61876	7248	58	21
20200229	Auvergne-Rhône-Alpes	1	3	1	0	0
20200229	Calabarzon	1	15	0	0	0
20200229	Catalunya	2	100	6	0	0
20200229	Chiba-ken	1	240	6	0	0
20200229	Hessen	1	12137	36	19	4
20200229	Jeju-do	1	2607	56	6	1
20200229	Jeollabuk-do	1	3	0	0	0
20200229	Jeollanam-do	1	6	0	0	0
20200229	Lombardia	3	39783	921	166	10
20200229	Provincia de Pichincha	1	2	0	0	0
20200229	Provincie Zuid-Holland	1	237	3	0	0
20200229	Île-de-France	2	298	43	6	0
20200229	上海	79	2836599	91457	3742	366
20200229	不列颠哥伦比亚	3	11	3	0	0
20200229	云南	59	71245	2802	289	12
20200229	内蒙古	90	291230	2712	1584	23
20200229	加利福尼亚州	1	3947	185	61	0
20200229	北京	131	464927	14900	653	214
20200229	台湾	1	1730	16	5	0
20200229	吉林	170	183394	11315	774	95
20200229	四川	203	9219282	223180	17316	2923
20200229	坎帕尼亚	1	37	1	0	0
20200229	天津	53	120786	3789	729	64
20200229	威尼托	2	14	0	0	0
20200229	宁夏	18	102735	9774	1006	84
20200229	安大略	3	4	0	0	0
20200229	安徽	249	9442198	622357	14080	3701
20200229	山东	450	27833681	1076038	184289	11219
20200229	山西	172	475832	37186	2273	531
20200229	广东	466	2084698	129111	5528	2212
20200229	广西	118	4153006	190480	28346	2577
20200229	托斯卡纳	4	125417	932	41	21
20200229	新疆	53	161611	5974	845	153
20200229	普利亚	1	1071	56	27	0
20200229	江苏	332	6061580	235831	6917	4205
20200229	江西	172	4814951	145244	9936	1478
20200229	河北	375	8850057	415438	12146	13691
20200229	河南	569	16066090	813414	20235	3354
20200229	浙江	196	761669	52367	2444	318
20200229	海南	25	14056044	245926	4623	24650
20200229	湖北	370	8142814	382517	28988	4361
20200229	湖南	184	407371	17718	1699	224
20200229	甘肃	65	78393	2108	440	9
20200229	福建	170	6074741	302663	20988	1057
20200229	西藏	2	61	4	0	0
20200229	贵州	98	673521	13189	625	82
20200229	辽宁	189	745266	58217	2393	1180
20200229	重庆	84	65189	3303	278	24
20200229	陕西	203	1893245	104647	4187	829
20200229	青海	6	628	14	0	0
20200229	首尔特别市	1	0	0	0	0
20200229	香港	1	84	5	2	0
20200229	黑龙江	297	4032570	194226	14704	2612
20200301		17	1145919	101958	5249	1493
20200301	Catalunya	1	408	5	0	0
20200301	Changwat Samut Prakan	1	211	8	0	0
20200301	Hessen	1	42	5	4	0
20200301	Jeollabuk-do	1	488	11	0	0
20200301	Khuzestan	1	15507	48	16	0
20200301	Kuala Lumpur	1	1080	4	6	0
20200301	Louangnamtha	1	8	1	0	0
20200301	Nairobi	2	0	0	0	0
20200301	Omskaya Oblast’	2	105	8	1	0
20200301	Provincia del Guayas	1	237	3	0	0
20200301	Sabah	1	2885	68	19	0
20200301	Sardegna	1	4	0	1	0
20200301	Steiermark	1	515	1	0	0
20200301	São Paulo	1	3	0	0	0
20200301	Tokyo Prefecture	1	7844	300	29	1
20200301	Tỉnh Đồng Nai	1	22	1	0	0
20200301	Yangon Region	1	1	0	0	0
20200301	Île-de-France	1	5	0	0	0
20200301	上海	140	350948	18081	778	566
20200301	云南	81	453369	38581	1366	292
20200301	内蒙古	103	4289492	30560	1155	146
20200301	北京	106	422275	5954	523	62
20200301	卡斯蒂利亚-拉曼恰	1	99	9	0	0
20200301	台湾	1	2	1	0	0
20200301	吉林	180	4002170	345688	19298	8143
20200301	四川	217	1090404	43606	2769	642
20200301	天津	49	345818	14799	1197	918
20200301	威尼托	1	10534	604	40	4
20200301	宁夏	13	72686	4024	341	21
20200301	安徽	293	83946144	2310959	59143	83944
20200301	山东	563	6512267	138819	6931	1862
20200301	山西	157	2208327	158915	5371	489
20200301	岛根县	1	1201	19	8	0
20200301	广东	551	11544359	415276	18825	10307
20200301	广西	138	1242895	64102	2942	7644
20200301	托斯卡纳	2	6220	266	33	5
20200301	新疆	68	902788	55156	3184	1670
20200301	江苏	327	2585977	195881	6077	2830
20200301	江西	179	141629152	3708721	281994	32701
20200301	河北	446	6977182	189397	7196	5829
20200301	河南	658	29385398	1665129	134191	5026
20200301	洛哈	1	4	0	0	0
20200301	浙江	242	1510922	83836	8488	1571
20200301	海南	43	18099	1036	76	8
20200301	湖北	435	12526235	448960	13888	23461
20200301	湖南	201	1563629	63200	5543	1455
20200301	甘肃	46	156932	6814	199	37
20200301	福建	191	2749924	143382	7259	1593
20200301	贵州	101	161509	8742	612	118
20200301	辽宁	233	605728	17894	2536	140
20200301	重庆	75	269117	18768	1326	70
20200301	陕西	177	1590338	57678	2021	907
20200301	青海	5	59194	1313	55	48
20200301	香港	3	174	4	0	0
20200301	黑龙江	354	824809	59435	2492	754
20200302		14	4254262	191190	2985	520
20200302	Catalunya	2	61125	190	34	7
20200302	Central Singapore Community Development Council	1	13	0	0	0
20200302	Changwat Surat Thani	1	11	0	0	0
20200302	Comunidad de Madrid	2	11	0	0	0
20200302	Comunitat Valenciana	1	2	0	0	0
20200302	Hiroshima-ken	1	18	5	2	0
20200302	Jalal-Abad	1	12	1	1	0
20200302	Jeju-do	2	434	7	0	0
20200302	Lombardia	2	819	14	2	0
20200302	São Paulo	1	2	0	0	0
20200302	West	1	54	2	0	2
20200302	上海	93	4160965	129316	3728	539
20200302	云南	63	540637	35099	1618	314
20200302	内蒙古	91	464581	11044	576	480
20200302	加那利群岛	1	15	1	0	0
20200302	北京	180	14873451	624865	20872	7856
20200302	吉林	154	259784	24879	1212	138
20200302	四川	233	1293607	44930	3121	949
20200302	坎帕尼亚	1	1470	6	5	0
20200302	天津	55	293279	21274	919	88
20200302	宁夏	12	104165	12267	451	116
20200302	安徽	249	46655413	470506	27462	22169
20200302	山东	456	163878811	2915605	557470	37975
20200302	山西	159	426713	19564	1469	421
20200302	广东	430	35315369	1407929	35182	11483
20200302	广西	115	1012213	55201	2266	768
20200302	新疆	67	256378	8204	316	97
20200302	江苏	270	2075478	68446	4300	731
20200302	江西	182	44984420	864366	42776	8678
20200302	河北	412	15505383	282910	30733	5415
20200302	河南	551	32691349	491129	35220	5398
20200302	浙江	172	2357177	118716	5237	2153
20200302	海南	42	26036	1240	98	20
20200302	湖北	383	62866183	1836125	110920	105008
20200302	湖南	170	868630	48787	1506	857
20200302	甘肃	65	146595	7861	357	20
20200302	福建	202	24978893	1539583	35008	19565
20200302	西藏	9	1501	104	4	1
20200302	贵州	86	1797898	91482	2046	263
20200302	辽宁	240	1297336	104702	5902	499
20200302	重庆	82	349096	11470	1640	90
20200302	陕西	161	416667	17984	1307	118
20200302	青海	19	2747	118	9	1
20200302	黑龙江	294	186258	6971	345	55
20200303		12	183735	8803	334	149
20200303	Daerah Khusus Ibukota Jakarta	1	199	15	3	0
20200303	Erbil	1	257	14	3	0
20200303	Khouèng Bokèo	1	129	1	0	0
20200303	Kuala Lumpur	1	11	2	1	0
20200303	万丹省	1	39050	151	55	24
20200303	上海	81	1725258	85319	1941	408
20200303	不列颠哥伦比亚	1	92051	5391	276	54
20200303	云南	67	221347	9881	1656	63
20200303	内蒙古	65	503279	11466	280	40
20200303	北京	109	34244142	1414130	46403	10891
20200303	吉林	143	158294	3378	789	20
20200303	四川	194	10370588	276433	12748	2930
20200303	圣地亚哥首都大区	1	2	0	0	0
20200303	天津	51	189544	24281	342	310
20200303	宁夏	14	77975	7406	461	32
20200303	安徽	197	65177419	441312	26982	23073
20200303	山东	429	12453426	103270	5470	2404
20200303	山西	153	159565	5943	793	102
20200303	布宜诺斯艾利斯	1	3	1	0	0
20200303	广东	397	2618727	114254	5471	1955
20200303	广西	101	960757	37767	1008	4395
20200303	新疆	71	539879	9307	371	131
20200303	江苏	270	21861610	405583	7498	1060
20200303	江西	136	382337949	4876248	283830	128592
20200303	河北	279	1399776	30814	1788	972
20200303	河南	472	5912081	112986	6607	1580
20200303	浙江	158	8860314	45103	1567	1906
20200303	海南	29	151395	7139	1604	84
20200303	湖北	348	11469750	101539	7297	4315
20200303	湖南	148	20820789	282309	31687	20642
20200303	澳门	1	21383	42	0	0
20200303	甘肃	44	62675	2580	211	10
20200303	福建	164	5036899	211001	2106	2613
20200303	西藏	7	249849	12428	1590	871
20200303	贵州	96	3256777	47638	1916	532
20200303	辽宁	249	3307673	55748	1705	751
20200303	重庆	98	2750825	202970	4504	750
20200303	陕西	155	6796664	120234	8185	1965
20200303	青海	3	11316	166	8	0
20200303	香港	1	35	0	0	0
20200303	黑龙江	275	830548	29316	2961	137
20200304		9	51748	8441	66	40
20200304	Andalucía	1	46	4	2	0
20200304	Aragon	2	8242	367	50	0
20200304	Bangkok	1	2904	50	36	1
20200304	Comunidad de Madrid	2	1010	15	0	0
20200304	Dubai	1	171	7	2	0
20200304	Khammouan	1	9	0	0	0
20200304	Lombardia	1	2040	85	47	0
20200304	上海	46	4283317	61928	3605	488
20200304	云南	59	318591	7303	1659	37
20200304	内华达州	1	292	7	4	0
20200304	内蒙古	64	2239941	10085	1407	108
20200304	北京	100	8639180	531274	10563	2841
20200304	吉林	152	158015	4255	394	28
20200304	四川	173	32719329	1124936	44861	8539
20200304	圣地亚哥首都大区	1	10	1	0	0
20200304	天津	35	689186	53250	2124	752
20200304	宁夏	18	67663	4884	296	62
20200304	安徽	162	17693887	988073	66617	4644
20200304	山东	401	3334808	119769	9515	1616
20200304	山西	110	314303	27267	1006	57
20200304	广东	374	17332693	251443	17900	9548
20200304	广西	110	1340618	74424	2102	5246
20200304	德克萨斯州	1	3	0	0	0
20200304	新疆	66	264699	13138	722	143
20200304	江苏	245	1227289	67562	3695	1032
20200304	江西	129	110780777	1504357	75449	97486
20200304	河北	274	606235	35647	2308	525
20200304	河南	382	13502576	554193	15502	24382
20200304	浙江	153	4576124	259346	6957	5562
20200304	海南	24	123125	3338	233	83
20200304	湖北	321	1498978	91027	4629	1200
20200304	湖南	151	675291	25376	3213	341
20200304	澳门	2	5935	209	13	1
20200304	甘肃	50	8278571	459811	24204	5329
20200304	福冈县	1	1	0	0	0
20200304	福建	153	7841735	132815	4818	8441
20200304	纽约州	1	127	20	1	0
20200304	西藏	6	29388	638	234	3
20200304	贵州	95	68947	5474	382	96
20200304	辽宁	188	216788	10681	768	71
20200304	重庆	73	448259	32422	812	216
20200304	陕西	139	2999942	55308	3276	196
20200304	青海	8	6984	258	18	4
20200304	黑龙江	265	139412	8077	699	62
20200305		12	148743	20309	302	384
20200305	Almaty	1	5	0	0	0
20200305	Catalunya	1	1	0	0	0
20200305	Lombardia	1	5	0	0	0
20200305	Madhyamanchal	1	2	0	0	0
20200305	Pahang	1	250	15	1	0
20200305	上海	52	594944	36970	701	175
20200305	云南	58	166120	10962	701	106
20200305	内蒙古	62	68050	3704	153	23
20200305	北京	92	8571232	212184	14223	1240
20200305	吉林	130	543571	22398	964	1640
20200305	四川	154	874504	48038	3807	2046
20200305	天津	41	114470	5211	208	79
20200305	宁夏	12	55101	4176	213	47
20200305	安徽	150	548297	35375	1676	330
20200305	宾夕法尼亚州	1	82	2	0	0
20200305	山东	340	1841526	51994	4631	1023
20200305	山西	107	153733	7300	878	32
20200305	广东	341	2710628	178628	9718	1675
20200305	广西	73	3766153	102359	2184	19604
20200305	新疆	53	277354	4156	210	461
20200305	江苏	192	4165947	135300	7488	3677
20200305	江西	133	266866559	3298584	127020	112311
20200305	河北	264	6508715	221271	11572	4896
20200305	河南	346	3063284	169560	6555	3530
20200305	浙江	131	2756582	229991	4489	3083
20200305	海南	26	76009	1404	360	9
20200305	湖北	316	2426755	123705	8083	1842
20200305	湖南	121	1230519	56243	2283	779
20200305	甘肃	37	135131	4463	671	208
20200305	福建	102	994002	103685	1717	482
20200305	贵州	101	306575	20537	1032	156
20200305	辽宁	177	819076	40596	1087	225
20200305	重庆	67	361194	14647	473	97
20200305	陕西	147	713891	36664	2970	255
20200305	青海	6	2113	150	11	3
20200305	黑龙江	206	1375145	82334	2211	264
20200306		30	37747	4421	91	33
20200306	Comunidad de Madrid	2	3891	30	22	2
20200306	Jász-Nagykun-Szolnok	1	6	0	0	0
20200306	Lombardia	2	1114	144	12	1
20200306	National Capital Region	1	58	9	3	0
20200306	West	2	11	2	0	0
20200306	Ōsaka-fu	1	23	6	5	0
20200306	上海	40	292664	12407	584	434
20200306	云南	37	29178	1607	270	3
20200306	内蒙古	59	20540	431	105	14
20200306	北京	89	997496	25843	17732	523
20200306	吉林	122	273957	16938	290	226
20200306	四川	161	277240	11565	2435	140
20200306	天津	43	53698	1768	119	30
20200306	威尼托	1	481900	12787	585	203
20200306	宁夏	10	1567	76	33	2
20200306	安徽	137	737343	35233	2689	912
20200306	山东	331	5108434	314780	12742	3805
20200306	山西	97	153556	12096	334	181
20200306	巴厘岛	2	399293	16462	3946	6
20200306	广东	334	3075145	65725	2366	2818
20200306	广西	90	2031805	51624	1664	10865
20200306	新潟县	1	0	0	0	0
20200306	新疆	61	228320	9414	622	262
20200306	江苏	210	779157	45431	2482	1187
20200306	江西	131	47550618	634823	32811	8637
20200306	河北	250	2207651	67987	4843	10332
20200306	河南	345	49260007	443312	17835	9720
20200306	浙江	154	453916	34387	1154	229
20200306	海南	30	7306	495	67	10
20200306	湖北	274	1860697	116906	3823	2763
20200306	湖南	117	320517	22125	1619	491
20200306	甘肃	50	11051220	231866	19610	411
20200306	福建	73	11809851	82845	4509	9739
20200306	西藏	3	187433	3169	250	9
20200306	贵州	65	6811826	83410	5716	966
20200306	辽宁	165	45895	3891	272	44
20200306	重庆	56	1644723	21008	585	2662
20200306	陕西	137	517415	22200	1188	517
20200306	青海	3	230	10	0	0
20200306	香港	1	9	1	0	0
20200306	马尔凯	1	1732	40	5	0
20200306	黑龙江	241	130560	5216	708	100
20200307		15	123360	8514	84	67
20200307	Centre Region	1	176	6	7	0
20200307	Hessen	1	1175088	19358	14767	37
20200307	Provincie Limburg	1	5	1	0	0
20200307	Ōsaka-fu	1	2	0	0	0
20200307	上海	49	188659	6982	420	52
20200307	云南	42	73685	5252	236	71
20200307	内蒙古	54	126476	3418	1102	53
20200307	北京	89	2975463	69339	1826	2337
20200307	卡加延河谷	1	610	12	0	0
20200307	吉林	149	104886	7778	303	235
20200307	四川	109	2022511	150801	5207	1151
20200307	天津	37	153682	5098	140	35
20200307	宁夏	10	140302	12223	387	106
20200307	安徽	132	938990	34353	1248	1338
20200307	山东	335	22041098	1149368	17246	24666
20200307	山西	97	241248	30064	726	201
20200307	广东	291	2952763	76148	2582	2847
20200307	广西	206	1576544	40293	628	13063
20200307	新疆	48	167347	4490	116	54
20200307	柏林	1	1020	134	10	3
20200307	江苏	176	5699754	203121	5686	3321
20200307	江西	107	1460169	65884	2299	491
20200307	河北	233	1177756	62408	1681	3265
20200307	河南	297	1090599	40962	2387	502
20200307	浙江	130	1372712	32156	1102	7067
20200307	海南	21	486514	26619	165	208
20200307	湖北	234	6485645	611178	15120	3347
20200307	湖南	105	3990781	167603	7107	3660
20200307	澳门	1	1072	18	6	0
20200307	甘肃	26	43094	3128	479	24
20200307	福建	109	14378668	117068	7206	2763
20200307	西藏	1	337	11	3	0
20200307	贵州	69	265837	7506	348	41
20200307	辽宁	120	107596	3002	187	32
20200307	重庆	50	137237	4625	398	117
20200307	陕西	124	536533	22372	967	87
20200307	青海	3	1989	54	13	0
20200307	香港	2	12	2	0	0
20200307	黑龙江	224	54366	2171	256	16
20200308		8	31764	1595	13	7
20200308	Esmeraldas	1	1	1	0	0
20200308	North	1	1	1	0	0
20200308	Tokyo Prefecture	1	2	0	0	0
20200308	上海	40	296981	11480	542	110
20200308	不列颠哥伦比亚	1	17	0	0	0
20200308	云南	18	5163	419	38	1
20200308	京畿道	1	31	4	1	0
20200308	内蒙古	32	25084	1894	79	29
20200308	北京	50	40669	1950	109	35
20200308	吉林	111	348052	31721	888	269
20200308	四川	80	301107	19106	1255	313
20200308	天津	25	458408	37718	930	108
20200308	宁夏	10	15227	896	16	8
20200308	安徽	93	1781952	30480	1162	437
20200308	山东	282	1676410	72991	2631	4061
20200308	山西	58	25198	1330	270	17
20200308	广东	237	231915843	6919534	395831	819623
20200308	广西	98	194352	6599	506	40
20200308	新地区	2	1392	87	8	0
20200308	新疆	32	38113	3408	144	29
20200308	江苏	145	1113129	47357	1178	6059
20200308	江西	78	13885326	525900	16790	2224
20200308	河北	214	389080	17343	1634	1598
20200308	河南	229	797305	44382	1943	606
20200308	浙江	122	5489974	77920	1179	29681
20200308	海南	18	53322	7931	110	44
20200308	湖北	168	2617843	175648	4961	2772
20200308	湖南	101	423280	8042	486	53
20200308	甘肃	21	33813	361	37	5
20200308	福建	65	1621704	23489	1460	2328
20200308	西藏	2	17323	371	30	2
20200308	贵州	47	60537	9301	355	25
20200308	辽宁	131	41585	4566	179	16
20200308	重庆	40	299549	29004	1018	706
20200308	陕西	92	455675	34564	1101	292
20200308	青海	2	23	2	0	0
20200308	香港	2	2	0	0	0
20200308	黑龙江	179	56128	1421	267	17
20200309		19	633990	54223	634	810
20200309	Bangkok	1	16	1	0	0
20200309	Comunidad de Madrid	3	18	0	0	0
20200309	Free State	1	441	99	51	3
20200309	National Capital Region	1	2229	14	8	0
20200309	Phnom Penh	1	571	11	0	0
20200309	上海	76	3973245	91691	4421	1669
20200309	中米沙鄢	1	1	0	0	0
20200309	云南	51	12992496	258783	12436	5720
20200309	内蒙古	60	614603	4374	288	83
20200309	北京	121	18045837	427815	14479	23557
20200309	吉林	139	167688	3831	652	72
20200309	四川	177	977994	50284	2227	1346
20200309	天津	59	440946	5512	137	76
20200309	宁夏	11	61222	330	13	19
20200309	安徽	221	6066978	146677	6777	6939
20200309	山东	321	1783946	45949	2689	1151
20200309	山西	98	549205	7892	480	558
20200309	广东	456	6633995	110537	4097	10712
20200309	广西	120	161583	5080	279	205
20200309	德克萨斯州	1	18	1	0	0
20200309	托斯卡纳	1	1736	15	0	6
20200309	新疆	38	377308	6339	286	225
20200309	江苏	277	4850270	113457	4009	2562
20200309	江西	184	80621703	702178	53825	55303
20200309	河北	299	1672683	86302	1840	3481
20200309	河南	423	8473603	126868	11821	2104
20200309	浙江	213	2075613	45570	1814	6849
20200309	海南	35	160649	9990	388	130
20200309	湖北	331	13678223	246343	10548	39122
20200309	湖南	174	2950778	30338	3786	3433
20200309	澳门	2	6	1	0	0
20200309	甘肃	46	49803	2261	357	13
20200309	福建	131	18227515	91401	9924	23451
20200309	西藏	4	1009	33	10	4
20200309	贵州	97	1298338	76124	1879	1244
20200309	辽宁	152	338780	5652	422	185
20200309	重庆	81	208833	10933	580	526
20200309	陕西	156	719827	13135	1117	1803
20200309	青海	3	704	25	1	0
20200309	黑龙江	231	211979	7297	579	287
20200310		11	49230	4094	92	30
20200310	Bolikhamxai	1	2780	149	6	0
20200310	Catalunya	1	6	1	1	0
20200310	Lombardia	1	1433	37	11	1
20200310	National Capital Region	1	3	0	0	0
20200310	São Paulo	1	2	0	0	0
20200310	Tokyo Prefecture	1	15	3	0	0
20200310	上海	54	40165	4154	332	51
20200310	东爪哇省	1	3	0	0	0
20200310	云南	47	65522	1262	63	21
20200310	信德省	1	227	2	2	0
20200310	内蒙古	68	98303	2055	466	90
20200310	北京	79	10895126	608339	25230	4614
20200310	吉林	139	7601	176	82	4
20200310	四川	119	594452	14392	1289	356
20200310	天津	35	303024	17556	594	126
20200310	宁夏	11	3701	422	13	1
20200310	安徽	161	693770	36755	1495	796
20200310	山东	251	427055	21512	1596	250
20200310	山西	108	239480	19489	417	295
20200310	岐阜县	1	0	0	0	0
20200310	广东	386	3309186	82245	3186	3399
20200310	广西	112	201633	13539	475	51
20200310	拉齐奥	1	12	1	0	0
20200310	新潟县	1	0	0	0	0
20200310	新疆	42	134248	9748	303	105
20200310	江苏	183	1882307	38164	1535	811
20200310	江西	140	1556636	66607	3096	441
20200310	河北	220	1572592	79059	1566	1989
20200310	河南	270	5118553	200536	11504	1920
20200310	浙江	121	753434	33059	3294	206
20200310	海南	23	51390	6440	98	197
20200310	湖北	208	1153949	63014	2799	656
20200310	湖南	131	963335	42455	1500	912
20200310	甘肃	31	220522	7230	589	48
20200310	福建	113	723757	20999	602	1172
20200310	西藏	4	5259	143	38	0
20200310	贵州	93	768397	49977	1025	812
20200310	辽宁	147	6373061	130947	15973	3042
20200310	重庆	51	92915	6524	519	93
20200310	陕西	127	414252	31405	670	337
20200310	青海	6	1375	21	7	0
20200310	香港	1	18344	1840	480	33
20200310	黑龙江	224	393497	14551	455	458
20200311		13	24068898	400022	81554	3644
20200311	Al Asimah Governorate	3	10	0	0	0
20200311	Auckland	1	1	0	0	1
20200311	Dubai	1	478	29	6	0
20200311	Gouvernorat de Tunis	1	36	6	0	0
20200311	Incheon	1	5521	94	52	0
20200311	Kuala Lumpur	1	813	22	0	0
20200311	Nordrhein-Westfalen	1	11808	331	68	19
20200311	State of New South Wales	1	2	0	0	0
20200311	State of Victoria	2	26	3	3	0
20200311	上海	56	833218	21353	1243	1863
20200311	云南	48	161462	3736	313	417
20200311	内蒙古	58	661330	4323	310	32
20200311	北京	119	118218783	5943755	207060	49723
20200311	吉林	113	236657	3567	206	22
20200311	四川	129	1700012	44593	2185	249
20200311	天津	32	129448	2683	305	35
20200311	宁夏	10	80867	7543	444	98
20200311	安大略	1	11	1	0	0
20200311	安徽	138	8348536	168262	16167	1940
20200311	山东	280	2267079	95475	3913	447
20200311	山西	96	1488252	53640	1183	5107
20200311	广东	373	17693827	467631	14196	41077
20200311	广西	82	894566	49544	1217	197
20200311	新疆	27	107728	2283	73	120
20200311	江苏	157	749471	17767	1554	187
20200311	江西	120	15212594	782380	66286	3006
20200311	河北	262	64293499	1749565	108197	10543
20200311	河南	266	12123082	183885	15272	2439
20200311	浙江	130	1914711	29680	2739	1480
20200311	海南	13	122166	4906	251	351
20200311	湖北	221	1052612	45731	3342	1116
20200311	湖南	121	7298504	170224	17015	7990
20200311	甘肃	41	191613	3907	295	32
20200311	福建	102	1773753	42219	1502	629
20200311	纽约州	1	43924	1016	303	3
20200311	肯塔基州	1	1121	115	2	0
20200311	西哈努克市	1	1082	170	40	1
20200311	西藏	5	2129	114	16	0
20200311	西西里岛	1	34665	1846	480	2
20200311	贵州	65	30267	1900	317	10
20200311	辽宁	131	352964	9964	1807	90
20200311	重庆	42	73931	4246	184	14
20200311	釜山广域市	1	790	25	3	0
20200311	陕西	95	289813	8505	1393	343
20200311	青海	5	1344	185	5	0
20200311	黑龙江	174	383677	36489	1633	190
20200312		12	240155	11865	368	274
20200312	Chungcheongbuk-do	1	177	4	0	0
20200312	Dubai	3	35470	1185	171	0
20200312	National Capital Region	2	5544	117	30	2
20200312	State of New South Wales	1	264	27	2	0
20200312	Tel Aviv District	2	8	0	1	0
20200312	Île-de-France	1	12465	241	79	3
20200312	上海	76	2915322	45583	1566	1054
20200312	云南	52	51786	2061	138	4
20200312	内蒙古	63	304697	2867	119	50
20200312	加利福尼亚州	1	21473	399	22	10
20200312	北京	152	122050696	2685598	112118	26952
20200312	吉林	125	1065312	18724	962	97
20200312	四川	131	863091	80276	1694	998
20200312	天津	35	663253	13292	373	396
20200312	宁夏	7	217	16	4	1
20200312	安徽	143	21102978	204038	15053	8060
20200312	山东	360	13845048	97196	9421	2227
20200312	山西	110	2944639	33004	6477	1961
20200312	广东	450	27016390	624826	26150	34360
20200312	广西	87	3960423	35225	1571	499
20200312	新疆	47	692816	23044	787	420
20200312	江苏	219	5339439	88692	6229	964
20200312	江西	105	27328548	192873	15401	11620
20200312	河北	251	2738710	36730	1598	3617
20200312	河南	282	16017370	180181	10405	2703
20200312	浙江	210	7652827	263136	9588	6279
20200312	海南	18	430081	2535	208	122
20200312	湖北	249	14040765	401317	15422	27024
20200312	湖南	142	8949149	121644	3324	1060
20200312	甘肃	35	1289427	5451	186	203
20200312	福建	127	4866496	306322	12004	1067
20200312	纽约州	1	216	2	1	0
20200312	西藏	3	2157	102	14	0
20200312	贵州	51	289354	13031	520	83
20200312	辽宁	148	5252424	19653	1564	2047
20200312	重庆	45	413310	4630	545	286
20200312	陕西	135	2264893	102338	3056	2064
20200312	青海	5	54	8	3	1
20200312	香港	1	275	23	0	2
20200312	黑龙江	178	49257	1155	166	13
20200313		14	1464258	54501	4005	3639
20200313	Arizona	1	10	0	0	0
20200313	Central Singapore Community Development Council	1	3	1	0	0
20200313	Comunitat Autònoma de les Illes Balears	1	35241	235	11	14
20200313	Emilia-Romagna	1	610	10	3	0
20200313	Mandalay Region	1	136	29	11	0
20200313	Nordrhein-Westfalen	1	1181	69	3	4
20200313	Vientiane Prefecture	1	746	63	1	0
20200313	上海	81	6061979	276586	14805	4687
20200313	不列颠哥伦比亚	1	6	1	1	0
20200313	云南	53	161303	10588	439	52
20200313	佛罗里达州	1	15297	1431	67	1
20200313	内蒙古	64	83904	5009	49	90
20200313	北京	128	255887140	10071067	371340	87705
20200313	北方邦	1	61	8	1	0
20200313	北苏门答腊省	1	76	0	0	0
20200313	台湾	1	228	18	3	1
20200313	吉林	100	55045	2595	230	29
20200313	哈利斯科州	1	16	0	0	0
20200313	四川	174	789406	14884	1490	135
20200313	天津	46	37468	2405	154	70
20200313	宁夏	12	104564	15130	1687	83
20200313	安徽	208	3065819	46017	3191	1216
20200313	山东	384	2967343	46613	3758	829
20200313	山西	118	2920509	71942	4227	13911
20200313	广东	542	11790312	534445	34476	12777
20200313	广西	115	75118640	1359761	420208	21200
20200313	康乃狄克州	1	29	0	0	0
20200313	新疆	33	116171	3005	352	45
20200313	江苏	290	3908834	99066	5712	1031
20200313	江西	125	3303817	141577	5253	6776
20200313	河北	249	443231	17667	1458	1712
20200313	河南	378	19962588	398224	81471	4955
20200313	浙江	225	2944007	135441	2516	8105
20200313	海南	44	132496	6815	96	17
20200313	湖北	261	1123069	63445	2867	1190
20200313	湖南	162	1084973	52435	2338	363
20200313	甘肃	30	76262	979	67	15
20200313	福建	151	11056446	772302	63377	1916
20200313	纽约州	1	1	0	0	0
20200313	西藏	5	213	13	1	0
20200313	贵州	104	310863	10042	958	54
20200313	辽宁	158	140420	4615	196	343
20200313	重庆	65	187921	11469	498	286
20200313	陕西	129	632705	16029	491	305
20200313	青海	7	1351	76	5	2
20200313	香港	1	0	0	0	0
20200313	黑龙江	163	372481	5492	649	93
