20200122	上海	5	12822375	329747	13941	143360
20200123	上海	3	6350990	138537	6194	4974
20200126	江苏	2	51645	787	33	15
20200126	河北	1	41543652	823525	38896	22969
20200126	河南	3	11924044	82502	5677	3757
20200126	湖北	1	6	0	0	0
20200127	吉林	1	0	0	0	0
20200127	河南	1	0	0	0	0
20200128		1	4940885	77526	3605	9541
20200128	湖南	1	2	0	0	0
20200129	上海	14	1019390	25452	2741	2437
20200129	云南	3	29	1	0	0
20200129	北京	5	47973727	2820253	190866	109625
20200129	天津	1	4	0	0	0
20200129	安徽	2	8	0	0	0
20200129	山东	12	585	24	1	0
20200129	山西	1	8	1	0	0
20200129	广东	4	20	1	0	0
20200129	江苏	9	5316	48	7	16
20200129	江西	1	5	1	0	0
20200129	河北	3	1818	27	6	5
20200129	河南	3	17	3	1	1
20200129	浙江	11	3472	69	9	26
20200129	海南	1	6	1	0	0
20200129	湖北	3	266	4	0	2
20200129	湖南	1	9	1	0	0
20200129	甘肃	1	19	2	0	0
20200129	辽宁	4	3561559	116561	5810	3975
20200129	陕西	1	809	11	0	0
20200129	黑龙江	1	11	2	0	0
20200130	上海	22	33916945	926928	43211	34897
20200130	云南	6	28	2	0	0
20200130	内蒙古	7	67	3	1	0
20200130	北京	10	269644	6935	365	111
20200130	四川	8	11250	173	18	39
20200130	天津	3	3105	73	7	27
20200130	安大略	1	1	0	0	0
20200130	安徽	30	10599502	212911	10104	758
20200130	山东	20	12033	237	41	20
20200130	山西	6	55	3	0	0
20200130	广东	20	12072	233	24	35
20200130	广西	4	193	2	0	3
20200130	新疆	1	4	0	0	0
20200130	江苏	18	582651	13893	920	2693
20200130	江西	7	76	4	3	0
20200130	河北	15	152434	2274	181	755
20200130	河南	25	34340	583	69	30
20200130	浙江	25	7655544	442811	27254	13244
20200130	海南	2	7	0	0	0
20200130	湖北	15	2553	60	2	1
20200130	湖南	11	4919	74	6	1
20200130	甘肃	5	1381570	57441	6439	1804
20200130	福建	8	85653	1974	175	136
20200130	贵州	6	33	0	0	0
20200130	辽宁	9	1314911	33234	2255	976
20200130	重庆	1	2	1	0	0
20200130	陕西	14	28688218	1226718	42069	16022
20200130	黑龙江	6	98778	1466	83	152
20200131	Changwat Rayong	1	20	1	0	0
20200131	上海	19	80834565	2322774	127987	113178
20200131	云南	1	9	0	0	0
20200131	内蒙古	5	243550	5635	208	732
20200131	北京	11	153767421	6919898	102490	20439
20200131	吉林	2	48	1	0	0
20200131	四川	6	64	2	1	0
20200131	安徽	8	3533411	167144	4753	441
20200131	山东	6	865	13	2	0
20200131	山西	3	32415	1088	85	18
20200131	广东	6	2467732	44719	4063	569
20200131	广西	2	15	0	0	0
20200131	江苏	13	2354623	41977	967	1977
20200131	江西	20	295	23	0	0
20200131	河北	12	5781803	208639	20710	3097
20200131	河南	10	1565	29	4	0
20200131	浙江	5	9259	70	3	0
20200131	海南	1	6	0	0	0
20200131	湖北	3	13	1	0	1
20200131	湖南	15	4606	140	25	2
20200131	甘肃	2	967	12	1	0
20200131	福建	3	8	1	0	0
20200131	贵州	3	11686	104	1	3
20200131	辽宁	4	39662	575	22	19
20200131	重庆	3	18	1	0	0
20200131	陕西	4	21	2	1	0
20200201		1	167	4	0	0
20200201	上海	11	15794328	637008	22075	7810
20200201	内蒙古	3	30196	530	30	2
20200201	北京	6	19095407	496321	14199	4970
20200201	吉林	1	128114	1065	14	16
20200201	四川	1	3	1	0	1
20200201	天津	2	2504	60	11	3
20200201	宁夏	1	4	0	0	0
20200201	安徽	5	7519	100	4	28
20200201	山东	5	4773	61	1	4
20200201	山西	1	7651	161	6	4
20200201	广东	2	6	0	0	0
20200201	广西	1	4	0	0	0
20200201	江苏	4	28885	82	0	0
20200201	江西	1	6	1	1	0
20200201	河北	14	8488006	315734	15109	11681
20200201	河南	16	6969915	125044	4234	4786
20200201	浙江	6	63406	3773	237	134
20200201	湖北	3	124	10	1	0
20200201	湖南	1	24105	1282	48	7
20200201	福建	1	20214	97	13	10
20200201	贵州	2	2503	34	0	0
20200201	辽宁	1	0	0	0	0
20200201	陕西	2	4220	143	10	1
20200202	Central Singapore Community Development Council	1	14	2	1	1
20200202	上海	4	2088803	64787	4262	904
20200202	云南	1	2	0	0	0
20200202	内蒙古	1	4	1	0	0
20200202	北京	1	4	0	0	0
20200202	吉林	1	0	0	0	0
20200202	四川	3	3648	215	2	0
20200202	天津	1	5	0	0	0
20200202	安徽	3	26	1	0	0
20200202	山东	4	393541	2064	94	49
20200202	山西	3	11043	114	6	4
20200202	广东	5	12312	29	1	16
20200202	广西	2	2409	35	0	19
20200202	新疆	2	13	2	0	0
20200202	江苏	5	383	10	1	0
20200202	江西	4	10960	614	12	1
20200202	河北	6	48174	1061	50	67
20200202	河南	8	68188	659	34	10
20200202	浙江	1	5	1	0	0
20200202	海南	1	1	0	0	0
20200202	湖北	2	3447	43	2	2
20200202	湖南	4	542852	7384	644	46
20200202	福建	1	2	0	0	0
20200202	贵州	5	19873	248	19	15
20200202	辽宁	1	39	1	0	0
20200202	重庆	1	2	0	0	0
20200202	陕西	1	1	0	0	0
20200202	黑龙江	1	0	0	0	0
20200203	State of New South Wales	1	1	0	0	0
20200203	上海	6	11085	140	3	56
20200203	吉林	4	1506	24	4	1
20200203	四川	3	7599	222	8	3
20200203	安徽	2	56	5	0	0
20200203	山东	6	1376	48	28	0
20200203	山西	5	2367	33	0	12
20200203	广东	5	3502463	185350	6874	1617
20200203	广西	1	2	1	0	0
20200203	新疆	1	5315063	185578	9715	1241
20200203	江苏	2	49940	705	35	46
20200203	江西	1	2	0	0	0
20200203	河北	2	1796	14	0	6
20200203	河南	7	136264	8956	637	34
20200203	浙江	2	3	0	0	0
20200203	海南	1	3	0	0	1
20200203	湖北	5	528	17	0	0
20200203	福建	1	10	1	1	0
20200203	贵州	1	7	0	0	0
20200203	辽宁	6	45	3	0	0
20200203	重庆	8	54	8	0	0
20200203	陕西	2	0	0	0	0
20200204		2	2	1	0	0
20200204	上海	9	2047961	74226	4332	672
20200204	云南	1	8	1	0	0
20200204	内蒙古	1	7	1	0	0
20200204	北京	5	1391703	18022	1218	2114
20200204	吉林	6	109606	4920	282	920
20200204	四川	3	1265	24	0	0
20200204	天津	1	4	0	0	0
20200204	安徽	28	554242	7813	362	88
20200204	山东	16	73972	2048	120	33
20200204	山西	11	352	5	0	0
20200204	广东	12	368102	14956	555	128
20200204	广西	1	5	0	0	0
20200204	新疆	1	2	0	0	0
20200204	江苏	13	11058266	691365	26086	16339
20200204	江西	4	7074	86	2	2
20200204	河北	20	13356610	475304	19842	10266
20200204	河南	16	93763	4411	65	16
20200204	浙江	19	7520	292	14	2
20200204	海南	4	91	18	0	0
20200204	湖北	16	2679	50	11	1
20200204	湖南	5	987	16	1	0
20200204	甘肃	1	243	32	0	0
20200204	福建	3	82	7	0	0
20200204	贵州	1	71	17	0	0
20200204	辽宁	5	330	23	1	0
20200204	重庆	2	21	1	0	0
20200204	陕西	6	206	8	1	0
20200204	黑龙江	4	6417388	325776	14309	1846
20200205	上海	3	1086	12	2	0
20200205	内蒙古	2	1707	26	6	1
20200205	北京	1	31	0	0	0
20200205	四川	1	8	0	0	0
20200205	安徽	4	13702	142	13	16
20200205	山东	5	14734	207	18	21
20200205	广东	3	1331	45	2	1
20200205	新疆	1	4	1	0	0
20200205	江苏	5	1683	129	13	0
20200205	江西	6	17852	298	20	1
20200205	河北	15	2511208	86116	5108	2949
20200205	河南	6	2467176	65258	2485	7023
20200205	浙江	7	1847	30	1	31
20200205	海南	1	1975	43	3	9
20200205	湖北	3	1135	16	0	0
20200205	湖南	7	103	3	1	9
20200205	甘肃	1	626	17	0	0
20200205	辽宁	4	474	2	2	0
20200205	陕西	2	610	30	1	0
20200206		2	180689	672	52	92
20200206	Västernorrlands län	1	341	8	1	1
20200206	上海	54	154429820	5729357	245753	476924
20200206	云南	5	254125	1032	54	104
20200206	内蒙古	4	10109	131	12	29
20200206	北京	22	26721470	902383	33319	83427
20200206	吉林	3	10518	223	10	0
20200206	四川	11	2448977	25882	1133	2146
20200206	天津	5	11150	59	6	10
20200206	安徽	48	15794912	327254	15329	38710
20200206	山东	37	111678	2586	156	148
20200206	山西	17	12074	171	54	22
20200206	广东	33	67937	1108	93	38
20200206	广西	7	22703	840	41	27
20200206	新疆	9	3656968	85566	3690	10891
20200206	江苏	47	1649396	13499	756	360
20200206	江西	15	67926	1756	73	212
20200206	河北	31	14021283	170515	12026	11541
20200206	河南	43	807948	27927	1291	1957
20200206	浙江	38	317534	4050	619	179
20200206	海南	3	2375	40	0	0
20200206	湖北	17	170710	4321	219	373
20200206	湖南	20	416005	3527	171	270
20200206	甘肃	8	79133	1274	65	87
20200206	福建	13	914048	23285	1096	1068
20200206	贵州	3	7388	502	9	2
20200206	辽宁	7	97159	2898	152	199
20200206	重庆	1	620	8	0	0
20200206	陕西	24	120701	3271	182	139
20200206	青海	3	14	0	0	0
20200206	黑龙江	7	84484	735	61	54
20200207		2	114927	3281	172	199
20200207	上海	26	4516737	130201	6344	16441
20200207	云南	3	13	2	0	0
20200207	内蒙古	2	707	10	2	0
20200207	北京	20	16323648	341800	16204	41972
20200207	吉林	9	5166	105	10	6
20200207	四川	17	9208	214	12	8
20200207	天津	5	383	8	0	1
20200207	宁夏	2	361	9	1	0
20200207	安徽	27	1570431	19980	693	379
20200207	山东	42	3597556	176084	4488	3071
20200207	山西	10	18335	543	34	22
20200207	广东	34	1380292	75034	2353	319
20200207	广西	9	3389	110	6	1
20200207	新疆	10	2910194	181012	6353	2213
20200207	江苏	50	1884647	64664	2939	6607
20200207	江西	35	1882494	45009	1526	1249
20200207	河北	27	69613	913	58	55
20200207	河南	70	226929	6152	434	869
20200207	浙江	23	150056	4444	218	385
20200207	海南	1	5215	196	9	5
20200207	湖北	33	23694	987	59	4
20200207	湖南	11	66218	223	10	55
20200207	甘肃	9	21847	173	2	18
20200207	福建	12	607819	13950	558	421
20200207	贵州	13	14960	1722	87	5
20200207	辽宁	6	3956	68	7	2
20200207	重庆	5	2338	43	11	13
20200207	陕西	17	45630	4592	83	5
20200207	青海	1	1	0	0	0
20200207	黑龙江	6	2003	29	0	3
20200208	上海	48	257916	10491	332	274
20200208	云南	1	9580	30	1	2
20200208	内蒙古	1	7	1	0	0
20200208	北京	5	716	21	2	2
20200208	吉林	2	895	298	61	0
20200208	四川	7	8082	112	6	11
20200208	安徽	15	41414	777	36	34
20200208	山东	12	99047	1315	117	254
20200208	山西	6	375	10	2	1
20200208	广东	17	2898280	117231	5351	509
20200208	广西	1	6	0	0	0
20200208	新疆	5	1712142	52240	1869	1038
20200208	江苏	11	42511	992	38	2
20200208	江西	17	2662056	70091	2653	1533
20200208	河北	8	875	37	1	0
20200208	河南	22	490234	8971	250	5457
20200208	浙江	36	149516	6172	236	69
20200208	海南	3	58	0	0	0
20200208	湖北	10	62414	583	25	28
20200208	湖南	3	5956	28	1	1
20200208	甘肃	2	13258	147	3	0
20200208	福冈县	1	105	2	0	0
20200208	福建	9	4523	21	8	2
20200208	贵州	1	138	3	0	2
20200208	重庆	2	3723	65	4	0
20200208	陕西	6	80767	5216	307	148
20200208	黑龙江	3	688	17	4	0
20200209	上海	20	18350	207	50	64
20200209	内蒙古	2	40	2	0	5
20200209	北京	7	372367	14937	927	2290
20200209	吉林	2	12	1	0	0
20200209	四川	6	13791	202	16	12
20200209	天津	7	43	1	0	3
20200209	安徽	16	68963683	840120	49391	152924
20200209	山东	13	31994	157	12	43
20200209	山西	2	182	6	0	1
20200209	广东	24	47075	4605	114	60
20200209	广西	4	58	8	12	0
20200209	新疆	1	15	0	0	0
20200209	江苏	13	11708	329	76	10
20200209	江西	6	124779	2480	87	158
20200209	河北	7	121130	6696	220	75
20200209	河南	13	2136629	52326	3555	4494
20200209	浙江	12	101892	2823	75	223
20200209	湖北	11	419	16	4	3
20200209	湖南	4	66104	7053	252	45
20200209	甘肃	3	1103	12	3	10
20200209	福建	4	135	3	0	1
20200209	贵州	3	1227337	26222	340	10207
20200209	辽宁	4	11980	487	10	1
20200209	重庆	2	19	0	1	0
20200209	陕西	4	2071	143	6	2
20200209	黑龙江	1	1281	175	30	0
20200210	Emilia-Romagna	1	6	0	0	0
20200210	上海	22	10114411	374426	9953	5837
20200210	云南	3	1659	20	2	0
20200210	北京	10	22106624	300552	11494	71135
20200210	吉林	3	11	0	0	1
20200210	四川	8	3155	68	3	0
20200210	天津	1	8	1	0	0
20200210	安徽	21	8472966	146567	10606	9362
20200210	山东	21	3060203	109432	1107	689
20200210	广东	12	38607	1013	67	8
20200210	广西	8	4830	145	16	4
20200210	新疆	5	1717052	14151	830	1964
20200210	江苏	20	2883	57	4	13
20200210	江西	5	1205552	7714	479	802
20200210	河北	20	8215442	244609	10560	4858
20200210	河南	9	23817	1705	34	50
20200210	浙江	21	720325	24021	591	2757
20200210	海南	1	221	3	0	0
20200210	湖北	13	27104689	517302	25049	37720
20200210	湖南	14	264456	6535	189	63
20200210	甘肃	1	2	1	0	0
20200210	福建	8	6997047	148789	3936	11375
20200210	贵州	1	26	1	0	0
20200210	辽宁	1	24	2	0	1
20200210	重庆	16	1769	150	2	1
20200210	陕西	5	607099	18739	733	761
20200210	黑龙江	2	12	1	0	0
20200211	Kanton St. Gallen	1	469	6	0	0
20200211	上海	17	1605400	48994	2176	1858
20200211	内蒙古	1	713	6	4	0
20200211	北京	10	275242	9363	301	433
20200211	吉林	1	5	0	0	0
20200211	四川	5	2805	11	3	8
20200211	天津	1	19	2	0	0
20200211	安徽	11	175659	3166	296	20
20200211	山东	16	15072	368	8	3
20200211	山西	5	1016	21	1	1
20200211	广东	22	512449	19823	1195	232
20200211	广西	4	3685	88	2	5
20200211	新疆	1	14	1	0	0
20200211	江苏	22	113805	2968	103	85
20200211	江西	8	204	5	0	0
20200211	河北	22	279896	6779	281	133
20200211	河南	16	477684	21906	725	138
20200211	浙江	23	26364	517	56	5
20200211	湖北	6	2112	49	7	0
20200211	湖南	14	187672	1477	176	13
20200211	甘肃	1	366	1	0	0
20200211	福建	14	79171696	2300366	130080	91435
20200211	贵州	2	130	4	0	1
20200211	辽宁	13	2713	35	0	1
20200211	重庆	5	155	4	0	0
20200211	陕西	4	430	24	2	0
20200211	首尔特别市	1	26	5	4	1
20200211	黑龙江	6	369499	12141	462	238
20200212	Dubai	3	1395	14	0	1
20200212	Okayama-ken	1	540355	15197	802	51
20200212	上海	28	1303202	30285	1774	1438
20200212	云南	1	290	8	2	1
20200212	内蒙古	3	470	5	0	1
20200212	北京	13	346092	11484	413	608
20200212	吉林	1	35	2	0	0
20200212	四川	7	15881	200	8	13
20200212	天津	8	920	18	0	0
20200212	宁夏	3	47	1	0	0
20200212	安徽	25	988940	29386	959	270
20200212	山东	33	6041233	352679	19110	2406
20200212	山西	8	29174	564	34	11
20200212	广东	29	147607	3060	208	87
20200212	广西	3	22	1	0	0
20200212	江苏	36	548749	15416	663	612
20200212	江西	7	54297	2231	64	19
20200212	河北	11	155777	2459	132	50
20200212	河南	20	47652	2964	160	25
20200212	浙江	22	53292969	2117385	34762	125321
20200212	海南	2	2572	200	8	0
20200212	湖北	12	24569	2979	72	3
20200212	湖南	8	508	19	2	4
20200212	甘肃	4	133	33	4	1
20200212	福建	9	3004194	108098	3411	3765
20200212	西藏	1	9	0	0	0
20200212	贵州	1	7	0	0	0
20200212	辽宁	10	2325	40	10	2
20200212	重庆	1	550	8	0	2
20200212	陕西	7	1417	66	0	0
20200212	黑龙江	13	120613	1687	74	42
20200213	上海	21	2007628	58831	1235	5315
20200213	云南	2	5	1	0	0
20200213	内蒙古	15	49	7	0	1
20200213	北京	16	1597382	111774	3112	3192
20200213	吉林	4	131	1	0	0
20200213	四川	8	677	62	0	1
20200213	天津	4	109	5	0	0
20200213	安徽	21	19357	702	30	10
20200213	山东	29	94390	4809	133	665
20200213	山西	3	135334	1522	46	158
20200213	广东	23	80055	2117	97	50
20200213	广西	1	381	7	0	0
20200213	新疆	3	85354	7529	331	78
20200213	江苏	27	384543	10390	487	815
20200213	江西	14	840825	15447	548	2978
20200213	河北	9	46231	2003	224	17
20200213	河南	19	20263	281	8	53
20200213	浙江	30	1930755	31372	3369	990
20200213	湖北	14	257121	17603	983	214
20200213	湖南	10	54333	632	74	13
20200213	甘肃	2	23	1	0	0
20200213	福建	2	11218	257	12	2
20200213	贵州	7	4085	110	5	2
20200213	辽宁	73	405	26	3	3
20200213	重庆	5	5760	151	2	19
20200213	陕西	5	55767	792	39	5
20200213	青海	1	1	0	0	0
20200213	黑龙江	26	195737	7216	408	291
20200214	上海	12	11114	164	7	31
20200214	云南	1	6113	120	13	0
20200214	内蒙古	4	1526	45	3	0
20200214	北京	3	620226	27027	1575	335
20200214	吉林	1	37	2	1	0
20200214	四川	1	17620	440	8	7
20200214	天津	2	2044	546	59	0
20200214	安徽	8	2736	80	2	1
20200214	山东	14	140589	11484	413	448
20200214	山西	2	256	0	0	0
20200214	广东	5	39783	331	13	6
20200214	新疆	2	291	6	2	0
20200214	江苏	15	37962	163	9	52
20200214	江西	18	439132	8830	482	950
20200214	河北	7	26469	972	32	20
20200214	河南	10	42048	2430	105	9
20200214	浙江	21	2218359	94234	2147	13227
20200214	湖北	14	40106	1478	67	8
20200214	湖南	1	11	0	0	0
20200214	甘肃	1	463	14	0	0
20200214	福建	2	880	4	0	0
20200214	辽宁	5	20481	283	24	5
20200214	重庆	2	1437	58	0	0
20200214	陕西	4	491	10	1	0
20200214	青海	2	252	7	1	0
20200214	黑龙江	16	866600	14832	1286	516
20200215	Tỉnh Khánh Hòa	1	4	0	0	0
20200215	上海	11	74673	4001	312	21
20200215	云南	1	3881	9	1	0
20200215	内蒙古	2	1028	4	0	2
20200215	北京	7	16798	366	124	12
20200215	吉林	2	2099	31	6	1
20200215	四川	4	3144	116	9	2
20200215	天津	3	47802	2512	261	23
20200215	宁夏	2	37	2	0	0
20200215	安徽	21	17437	785	27	5
20200215	山东	16	283943	14436	417	1019
20200215	山西	5	3711	76	3	0
20200215	广东	11	42230	521	16	2
20200215	广西	3	10878	738	28	1
20200215	新疆	2	2	0	0	0
20200215	江苏	21	709932	31162	2000	1150
20200215	江西	16	821356	11608	773	446
20200215	河北	4	2230	48	0	0
20200215	河南	10	39658	907	26	2
20200215	浙江	3	152241	6771	361	283
20200215	湖北	11	47612	1597	83	23
20200215	湖南	2	912	12	0	0
20200215	甘肃	6	2662	56	6	0
20200215	福建	5	3124	112	5	9
20200215	贵州	1	306	5	2	0
20200215	辽宁	3	2738	659	208	4
20200215	重庆	5	2132	40	2	1
20200215	陕西	4	45504	1381	41	87
20200215	黑龙江	10	126460	5629	245	68
20200216	上海	17	816432	12473	492	497
20200216	内蒙古	1	400	34	0	0
20200216	北京	8	327946	2390	70	118
20200216	吉林	2	31829	3058	54	0
20200216	四川	3	21234	666	40	11
20200216	天津	6	117	10	0	0
20200216	安徽	18	33951	712	58	1
20200216	山东	14	316561	17802	795	3411
20200216	山西	7	6891	163	10	3
20200216	广东	9	4583	140	28	10
20200216	广西	2	2215	58	3	1
20200216	新疆	2	207	6	5	0
20200216	江苏	26	3462423	98496	8256	12716
20200216	江西	6	51149	964	36	36
20200216	河北	12	17584	1598	41	3
20200216	河南	11	2329	46	5	6
20200216	浙江	14	22046034	393497	12309	31682
20200216	海南	1	1917	5	0	0
20200216	湖北	22	9680144	482085	17264	2218
20200216	湖南	1	1566	9	0	0
20200216	甘肃	4	21823	998	32	6
20200216	福建	4	210698	10002	631	127
20200216	贵州	1	637	35	3	3
20200216	辽宁	6	90720	8267	283	16
20200216	重庆	4	4560	68	5	1
20200216	陕西	5	3185	69	0	1
20200216	黑龙江	2	27	0	0	0
20200217	上海	18	9563112	367319	8894	11475
20200217	云南	1	95	2	0	0
20200217	内蒙古	1	677	24	4	0
20200217	北京	11	550823	4590	172	78
20200217	吉林	1	65	0	1	1
20200217	四川	7	4515	242	15	2
20200217	天津	7	3191	69	7	0
20200217	宁夏	3	16261	1090	21	32
20200217	安徽	20	34948	1949	74	7
20200217	山东	29	307054	20417	1121	2548
20200217	山西	5	31495	1557	61	41
20200217	广东	11	104672	714	28	103
20200217	广西	1	101	3	2	0
20200217	新疆	5	196	16	1	0
20200217	江苏	39	2372767	85776	7855	1829
20200217	江西	9	13200	138	5	2
20200217	河北	15	7979	269	30	0
20200217	河南	15	14588	464	15	1
20200217	浙江	20	181719	5159	376	61
20200217	湖北	16	6629250	229731	13952	8757
20200217	湖南	11	4913	65	9	22
20200217	甘肃	5	12376	697	24	6
20200217	福建	4	495398	43645	2444	270
20200217	西藏	1	14	0	0	0
20200217	贵州	3	1106	18	1	0
20200217	辽宁	2	1358	58	4	0
20200217	重庆	6	33241	3138	135	30
20200217	陕西	16	2140	97	3	0
20200217	黑龙江	11	7051	478	61	1
20200218	上海	10	2720	57	10	0
20200218	云南	1	1253	43	9	0
20200218	内蒙古	1	5496	324	8	2
20200218	北京	9	9845	596	25	2
20200218	吉林	5	3345	86	3	0
20200218	四川	11	9308	188	37	8
20200218	天津	5	1516	20	2	1
20200218	安徽	38	101487	1916	208	19
20200218	山东	26	16517	393	51	5
20200218	山西	2	1199	25	2	0
20200218	广东	10	13541	748	12	4
20200218	广西	3	428	7	0	0
20200218	新疆	4	411	28	3	0
20200218	江苏	39	1322728	44676	2096	1030
20200218	江西	14	637943	15737	854	107
20200218	河北	11	4601	179	17	2
20200218	河南	31	21620	597	34	6
20200218	浙江	15	148207	4406	451	70
20200218	湖北	32	275053	10098	762	171
20200218	湖南	8	2575	75	2	2
20200218	甘肃	2	1525	12	0	0
20200218	福建	2	32887	3227	188	23
20200218	贵州	2	40	3	0	0
20200218	辽宁	4	487	20	0	0
20200218	重庆	6	266006	9470	379	69
20200218	陕西	12	33278	454	17	3
20200218	黑龙江	4	6547	277	13	1
20200219	上海	8	1326	18	1	2
20200219	内蒙古	1	241	2	0	0
20200219	北京	6	10585039	362330	11637	47236
20200219	吉林	3	1555	78	0	1
20200219	四川	3	1638	27	1	0
20200219	天津	1	436	21	0	0
20200219	安徽	4	16416	476	135	4
20200219	山东	10	4417951	138558	5931	832
20200219	山西	4	2593	119	9	0
20200219	广东	3	139	13	0	0
20200219	新疆	2	3546	79	18	0
20200219	江苏	24	127490	4373	303	66
20200219	江西	6	8902	310	35	3
20200219	河北	6	9862	674	37	2
20200219	河南	14	39644	1413	66	12
20200219	浙江	5	30425	961	21	1
20200219	湖北	13	217173	11983	347	83
20200219	湖南	10	3778	171	5	2
20200219	福建	6	498271	20930	848	99
20200219	贵州	1	0	0	0	0
20200219	辽宁	4	65	4	0	0
20200219	陕西	2	767	9	1	0
20200220	上海	14	1445559	82518	3763	1026
20200220	云南	1	9	0	0	0
20200220	内蒙古	3	12	1	0	0
20200220	北京	11	9609999	768013	21134	4725
20200220	吉林	4	269	5	0	0
20200220	四川	8	3073	51	40	2
20200220	天津	4	951	21	3	1
20200220	宁夏	1	14	1	0	0
20200220	安徽	15	31522	536	20	8
20200220	山东	21	37065	2155	86	15
20200220	山西	6	20288	146	6	1
20200220	广东	2	1545	91	1	3
20200220	广西	3	245	7	0	0
20200220	新疆	4	152	10	0	0
20200220	江苏	17	30342	1162	37	9
20200220	江西	7	34044	1664	32	13
20200220	河北	12	2193	102	1	0
20200220	河南	23	5877	337	43	1
20200220	浙江	7	104693	3771	139	23
20200220	湖北	22	260638	8092	267	108
20200220	湖南	10	1093	43	0	0
20200220	甘肃	5	3081	53	1	0
20200220	福建	8	247207	6153	251	53
20200220	西藏	1	775	20	0	0
20200220	贵州	2	1364	30	0	0
20200220	辽宁	1	849	13	0	1
20200220	重庆	4	1139	20	0	0
20200220	陕西	12	33010	3914	55	8
20200220	黑龙江	2	892	21	0	0
20200221	Chiang Mai Province	1	1017	14	1	0
20200221	上海	14	11963133	561194	21143	30929
20200221	云南	1	82	2	0	0
20200221	内蒙古	1	1822	20	0	0
20200221	北京	1	1800799	87057	1987	5356
20200221	吉林	2	152	2	0	0
20200221	四川	4	1513	66	5	0
20200221	天津	1	8	1	0	0
20200221	安徽	11	9251	416	13	2
20200221	山东	8	308072	8014	162	26
20200221	山西	1	19	0	1	0
20200221	广东	9	22047	425	62	16
20200221	新疆	2	13556	192	4	9
20200221	江苏	20	5867394	112019	2306	33474
20200221	江西	2	967	19	0	0
20200221	河北	6	23033	837	27	1
20200221	河南	26	17173	1290	169	7
20200221	浙江	9	2249	96	5	8
20200221	湖北	16	643914	50884	1024	313
20200221	湖南	8	1449	11	2	0
20200221	福建	5	28493	365	10	6
20200221	贵州	1	15	2	0	0
20200221	辽宁	2	233	1	0	0
20200221	重庆	1	258	12	0	0
20200221	陕西	4	15645	79	8	14
20200221	黑龙江	4	661	17	0	2
20200222		1	6563	31	0	19
20200222	上海	38	5546802	167247	5487	6654
20200222	云南	3	46292	990	23	97
20200222	内蒙古	2	25	2	0	0
20200222	北京	17	16872577	409511	17996	50541
20200222	吉林	1	0	0	0	0
20200222	四川	5	4206	87	1	4
20200222	天津	5	147	10	1	0
20200222	安徽	13	250786	2038	133	125
20200222	山东	23	584325	5763	192	428
20200222	山西	1	6999	85	4	9
20200222	广东	18	8428747	141705	3703	5248
20200222	广西	2	81843	857	43	152
20200222	新疆	2	817	36	2	1
20200222	江苏	15	32374	1303	63	9
20200222	江西	3	1972	33	7	3
20200222	河北	6	3678	195	1	2
20200222	河南	19	166192	1406	64	107
20200222	浙江	20	11569434	119442	2448	26614
20200222	海南	2	25	2	0	0
20200222	湖北	22	501910	20825	779	423
20200222	湖南	5	16700	368	12	9
20200222	甘肃	3	650	9	3	0
20200222	福建	10	526501	9647	246	494
20200222	贵州	1	71	3	0	4
20200222	辽宁	7	45765	504	13	48
20200222	重庆	2	1569	11	2	1
20200222	陕西	4	4573	31	3	0
20200222	黑龙江	1	6	0	0	0
20200223	上海	61	88817676	2950720	140023	98071
20200223	云南	3	89	8	1	0
20200223	内蒙古	8	571	11	7	3
20200223	北京	45	16639138	546699	18924	18173
20200223	吉林	12	14178	198	24	18
20200223	四川	18	9554835	139853	5879	14180
20200223	天津	6	170	16	1	0
20200223	宁夏	6	10355	824	17	8
20200223	安徽	39	230083	2923	96	92
20200223	山东	55	1228218	17347	1061	552
20200223	山西	14	14489	203	13	11
20200223	广东	29	161006	5442	1151	101
20200223	广西	7	7209	68	6	1
20200223	新疆	16	4210	159	1	7
20200223	江苏	37	5210012	172277	4700	11018
20200223	江西	14	9581	1093	74	67
20200223	河北	18	16033573	523353	23614	81296
20200223	河南	46	2649185	39112	1628	1095
20200223	浙江	37	4000301	63077	1570	1423
20200223	海南	3	22	2	0	1
20200223	湖北	52	2645558	74224	3052	3037
20200223	湖南	13	134797	7392	278	101
20200223	甘肃	4	465	15	8	0
20200223	福建	14	1282778	14519	773	894
20200223	贵州	9	15238	262	6	2
20200223	辽宁	12	337057	3909	182	79
20200223	重庆	3	54	3	0	0
20200223	陕西	8	197705	620	31	13
20200223	黑龙江	6	24509	245	5	32
20200224	上海	31	24788918	664601	25192	19934
20200224	云南	6	993	18	1	1
20200224	内蒙古	1	244	3	0	0
20200224	北京	9	1044181	22104	1289	1837
20200224	吉林	6	23953	215	17	7
20200224	四川	9	26161	351	28	10
20200224	天津	7	92	11	0	0
20200224	宁夏	1	553	5	0	0
20200224	安徽	10	30629	511	20	12
20200224	山东	38	1458162	46065	969	1485
20200224	山西	7	12409	107	4	3
20200224	广东	20	654173	34529	1713	1273
20200224	广西	7	2978607	67492	2275	294
20200224	新疆	6	1752	32	3	5
20200224	江苏	24	1985743	28801	790	764
20200224	江西	5	64413	605	17	29
20200224	河北	14	87951	1655	61	25
20200224	河南	24	118516	2376	106	20
20200224	浙江	22	85156	1540	59	29
20200224	海南	3	52208	3663	76	453
20200224	湖北	25	1080815	54403	3899	661
20200224	湖南	8	121004	5427	189	21
20200224	甘肃	3	1602	36	3	0
20200224	福建	19	807541	35085	1305	206
20200224	辽宁	10	5492	146	3	1
20200224	重庆	2	910	41	2	0
20200224	陕西	13	67799	2018	79	156
20200224	黑龙江	2	55	2	0	0
20200225	Kanagawa	1	955	13	3	3
20200225	上海	19	70766456	2921269	137491	31419
20200225	北京	11	30150695	985870	62904	169576
20200225	吉林	1	19	0	0	0
20200225	四川	4	1756	50	1	1
20200225	天津	5	3212	104	20	34
20200225	安徽	9	4233851	223607	4292	2513
20200225	山东	10	3988	72	8	3
20200225	山西	1	6	0	0	0
20200225	广东	12	148609	3806	116	408
20200225	广西	3	833204	63973	1199	680
20200225	新疆	2	10	0	0	0
20200225	江苏	15	44033	2897	116	54
20200225	江西	9	6074	203	13	2
20200225	河北	6	64032	308	6	6
20200225	河南	13	63229	2178	58	30
20200225	浙江	10	773910	37579	982	437
20200225	海南	2	484	22	0	1
20200225	湖北	35	1891422	57678	2571	912
20200225	湖南	5	50284	630	34	4
20200225	甘肃	1	325	19	0	0
20200225	福建	11	609199	14186	379	66
20200225	贵州	2	69	3	0	0
20200225	辽宁	1	15365	36	2	42
20200225	陕西	1	3	0	0	0
20200225	香港	1	254	15	2	0
20200225	黑龙江	2	47	2	1	1
20200226		1	37572	674	37	13
20200226	上海	30	9016028	327429	9949	13094
20200226	云南	4	190987	884	70	30
20200226	北京	13	1335899	41521	2074	1728
20200226	吉林	2	3175	62	4	0
20200226	四川	6	44112	870	31	18
20200226	天津	5	77	8	0	0
20200226	安徽	10	164110	3322	118	9
20200226	山东	23	60879	3405	244	11
20200226	山西	7	1101	19	0	0
20200226	广东	12	285530	6703	181	161
20200226	广西	2	471331	25950	1094	93
20200226	新疆	1	5	0	0	0
20200226	江苏	11	750941	17703	812	174
20200226	江西	4	9635	413	11	19
20200226	河北	12	50838	794	37	25
20200226	河南	15	1000969	56946	2425	1595
20200226	浙江	21	11119247	342905	10685	5754
20200226	湖北	24	598969	19458	666	277
20200226	湖南	4	373	11	1	1
20200226	福建	4	44213	665	29	11
20200226	贵州	3	52404	726	52	11
20200226	辽宁	8	992526	49106	1098	571
20200226	重庆	5	438	26	1	0
20200226	陕西	5	2220	45	1	4
20200226	黑龙江	4	26738	672	54	10
20200227	上海	24	53468932	2623693	117787	53547
20200227	内蒙古	1	54	1	0	0
20200227	北京	9	5761267	242033	7148	2963
20200227	吉林	1	28939	624	6	14
20200227	四川	7	819539	14483	1226	844
20200227	天津	4	2913	52	16	0
20200227	宁夏	1	118	4	1	0
20200227	安徽	13	22577301	142107	9986	16143
20200227	山东	22	851301	5527	328	299
20200227	山西	3	27	0	0	0
20200227	广东	10	86149	1116	72	60
20200227	广西	2	551	27	3	0
20200227	新疆	1	8	2	0	0
20200227	江苏	17	30757186	767908	34024	53182
20200227	江西	6	192591	1599	59	44
20200227	河北	14	3272	86	12	2
20200227	河南	21	352463	5188	444	246
20200227	浙江	12	194828	2614	141	200
20200227	海南	2	6336	70	2	0
20200227	湖北	23	2875101	76384	7493	11265
20200227	湖南	5	122602	986	60	26
20200227	福建	7	425124	4389	199	105
20200227	辽宁	2	15150	81	7	8
20200227	重庆	1	7	1	0	0
20200227	陕西	5	906	26	8	1
20200227	青海	1	1057	45	0	0
20200227	黑龙江	3	514	15	0	0
20200228		4	151167	2638	168	60
20200228	上海	36	2941100	51983	2781	1411
20200228	云南	8	56763	12751	1027	24
20200228	内蒙古	6	10104	184	10	9
20200228	北京	21	8049888	210788	9577	3535
20200228	吉林	4	28908	300	23	4
20200228	四川	13	837641	14055	1382	374
20200228	天津	6	140	8	0	1
20200228	宁夏	1	2	0	0	0
20200228	安徽	26	580436	3158	258	159
20200228	山东	50	17513557	417749	13591	7042
20200228	山西	7	94002	693	34	22
20200228	广东	45	2176696	57854	3753	523
20200228	广西	7	313582	1568	94	57
20200228	新疆	6	67745	1462	123	37
20200228	江苏	61	6970471	187714	4279	2413
20200228	江西	13	245229	1759	103	46
20200228	河北	22	2047632	63390	3406	174
20200228	河南	39	2508374	16457	830	839
20200228	浙江	20	6112041	122893	6101	3395
20200228	海南	4	33	9	0	0
20200228	湖北	33	1032423	37579	1049	847
20200228	湖南	6	263398	15693	714	64
20200228	甘肃	12	700887	25206	264	48
20200228	福建	16	77374	2076	137	30
20200228	贵州	5	43010	246	9	4
20200228	辽宁	22	500534	4374	321	67
20200228	重庆	1	692119	4128	271	265
20200228	陕西	10	42124	416	30	24
20200228	黑龙江	10	41922	650	46	14
20200229	Provincie Limburg	1	893	22	9	0
20200229	上海	56	37345609	1097258	32402	8215
20200229	内蒙古	4	1813449	69282	2552	440
20200229	北京	37	55388010	1607005	35022	11888
20200229	台湾	1	74	1	6	0
20200229	吉林	4	2304	78	3	0
20200229	四川	12	274834	2738	82	34
20200229	天津	13	119	23	0	0
20200229	宁夏	1	7328	76	2	6
20200229	安徽	13	2191147	17298	1103	97
20200229	山东	38	44756743	1108655	68686	45891
20200229	山西	15	107277	5211	162	28
20200229	广东	27	44862655	649747	36034	13081
20200229	广西	1	2	0	0	0
20200229	新疆	7	10598961	431045	15690	1934
20200229	江苏	32	21019693	469754	12417	4919
20200229	江西	8	1064598	12440	328	158
20200229	河北	12	204005	3176	77	26
20200229	河南	36	1582013	28675	1187	174
20200229	浙江	18	101170	4324	118	65
20200229	海南	1	4087	128	3	1
20200229	湖北	31	2825284	119577	5410	1659
20200229	湖南	14	6911778	293621	11098	3493
20200229	甘肃	2	3889	123	1	0
20200229	福建	16	145139	2685	119	166
20200229	贵州	8	130040	2394	87	27
20200229	辽宁	6	32393	417	15	4
20200229	重庆	1	17	1	0	0
20200229	陕西	8	90349	1063	32	9
20200229	青海	1	629	5	0	0
20200229	黑龙江	2	469	7	2	0
20200301	North East	1	15	1	0	0
20200301	Phnom Penh	1	2	0	0	0
20200301	West	1	50	2	0	0
20200301	上海	37	5873033	242255	5646	1918
20200301	云南	3	431	16	0	0
20200301	内蒙古	5	2134	229	4	0
20200301	北京	14	4916055	99637	4574	927
20200301	北卡罗来纳州	1	0	0	0	0
20200301	吉林	9	854	28	12	0
20200301	四川	5	2310	85	4	0
20200301	天津	22	1465	45	0	1
20200301	宁夏	1	73	3	2	0
20200301	安徽	14	90755	1203	92	12
20200301	山东	40	867311	34537	514	280
20200301	山西	4	3299	99	11	0
20200301	广东	36	1284184	39570	2536	281
20200301	广西	7	94189	1209	40	8
20200301	新疆	4	1536675	55640	1401	441
20200301	江苏	31	761697	12144	1182	418
20200301	江西	9	9430	190	6	2
20200301	河北	19	544446	5771	561	184
20200301	河南	35	125573	4925	241	67
20200301	浙江	25	191679	5766	177	59
20200301	湖北	34	7933218	301179	8547	721
20200301	湖南	9	1337829	58752	4065	764
20200301	甘肃	1	45	0	0	0
20200301	福建	11	14201	395	18	1
20200301	贵州	6	928611	5915	155	39
20200301	辽宁	8	27949	643	18	8
20200301	重庆	1	2	0	0	0
20200301	陕西	4	3797	93	1	0
20200301	黑龙江	10	357198	1441	165	22
20200302	上海	15	2568384	148442	5242	1001
20200302	云南	1	2	1	0	0
20200302	内蒙古	4	26389	210	10	4
20200302	北京	22	16978006	710560	64314	19196
20200302	吉林	2	61	5	0	0
20200302	四川	13	14635	244	40	0
20200302	天津	6	11055	62	25	1
20200302	安徽	12	154461	2494	208	76
20200302	山东	25	102218259	1624990	244957	16109
20200302	山西	4	13268	481	29	3
20200302	广东	18	250464	26956	988	123
20200302	广西	1	519929	9478	1419	243
20200302	新疆	8	5822415	343409	7003	985
20200302	江苏	28	565896	4816	212	89
20200302	江西	2	3129	60	3	2
20200302	河北	12	5516740	70123	25227	1904
20200302	河南	25	1301650	7259	401	36
20200302	浙江	12	6477	173	36	32
20200302	海南	2	15	0	0	0
20200302	湖北	23	89826	3649	196	16
20200302	湖南	9	28787	1127	43	6
20200302	澳门	1	630	18	0	0
20200302	甘肃	2	84	4	0	0
20200302	福建	9	12287	175	18	3
20200302	贵州	2	1735	47	6	0
20200302	辽宁	8	479662	9613	1623	102
20200302	重庆	6	16612	185	27	1
20200302	陕西	8	10779	345	12	13
20200302	黑龙江	4	6656	162	3	1
20200303	上海	20	3371261	67988	6706	2907
20200303	云南	2	450	43	6	0
20200303	内蒙古	1	40	0	5	0
20200303	北京	11	451206	11078	483	361
20200303	吉林	1	1	0	0	0
20200303	四川	7	412443	10288	362	69
20200303	天津	1	1	0	0	0
20200303	宁夏	1	259	1	0	0
20200303	安徽	14	255195	14572	1088	74
20200303	山东	27	33549589	603543	85989	25917
20200303	山西	4	140112043	1725759	183720	25039
20200303	布宜诺斯艾利斯	1	3	1	0	0
20200303	广东	29	26518	1522	127	14
20200303	广西	1	51764	869	29	2
20200303	新潟县	1	89	14	0	0
20200303	新疆	10	1092288	68832	2412	329
20200303	江苏	14	7425134	136253	12355	4033
20200303	江西	7	15544	278	51	0
20200303	河北	12	2348080	36839	6935	1804
20200303	河南	23	790109	35255	620	96
20200303	浙江	11	48140	119	14	13
20200303	海南	1	218	2	6	0
20200303	湖北	35	140084	5443	284	55
20200303	湖南	5	79153	2341	133	15
20200303	甘肃	1	443	7	0	0
20200303	福建	5	116462	917	272	7
20200303	贵州	4	7369	39	30	0
20200303	辽宁	4	72386	998	102	40
20200303	重庆	4	4863	89	7	1
20200303	陕西	9	1600201	58783	1605	431
20200303	黑龙江	1	17471	759	50	3
20200304		3	0	0	0	0
20200304	Selangor	1	0	0	0	0
20200304	State of New South Wales	1	50078	901	96	6
20200304	West	1	1211	39	0	0
20200304	上海	26	2950839	54383	3269	1116
20200304	云南	3	957	99	7	0
20200304	内蒙古	1	17268	239	10	1
20200304	北京	29	4485720	112744	7452	4242
20200304	吉林	7	7297	333	14	2
20200304	四川	6	13294	373	11	3
20200304	安徽	19	346270	7179	336	47
20200304	山东	40	20212126	365717	29273	2542
20200304	山西	4	186960	1501	190	7
20200304	广东	35	437784	11563	598	1734
20200304	广西	4	4728	23	0	1
20200304	新疆	11	3528237	49359	2057	1637
20200304	江苏	25	527996	6603	283	80
20200304	江西	12	344868	1987	54	18
20200304	河北	35	1309794	15936	1154	383
20200304	河南	34	864556	20147	1002	230
20200304	浙江	26	1922883	44541	1367	460
20200304	海南	1	328	6	0	0
20200304	湖北	45	866286	42436	4195	349
20200304	湖南	14	1577846	34165	1887	142
20200304	甘肃	3	157497	1048	28	21
20200304	福建	10	126650	2597	132	18
20200304	贵州	1	123976	3393	193	91
20200304	辽宁	10	2016109	31255	867	439
20200304	重庆	13	44824	805	72	12
20200304	陕西	12	28407518	260915	36217	8505
20200304	香港	1	9	2	0	0
20200304	黑龙江	8	110081	289	7	8
20200305	Phuket Province	2	5444	85	3	0
20200305	上海	31	26577436	710980	36076	18678
20200305	内蒙古	2	15622	757	20	7
20200305	北京	16	41775087	450656	31489	19028
20200305	吉林	3	3174	78	9	3
20200305	四川	7	789	22	0	1
20200305	天津	2	794	17	2	0
20200305	安大略	1	1139	20	6	1
20200305	安徽	13	263877	2694	226	38
20200305	山东	15	187142	2191	110	26
20200305	山西	6	228	10	1	0
20200305	广东	25	3672798	191053	6927	4091
20200305	新疆	2	3671152	108610	6166	570
20200305	江苏	16	7967814	27923	1144	1683
20200305	江西	5	364318	1077	50	12
20200305	河北	16	302629	8390	320	107
20200305	河南	12	327845	10136	775	217
20200305	浙江	10	66358	1779	134	22
20200305	海南	2	157	0	0	0
20200305	湖北	30	630413	22266	1418	391
20200305	湖南	5	1874	72	5	1
20200305	福建	5	3846	84	6	3
20200305	辽宁	7	561735	1703	95	69
20200305	重庆	9	3077	44	1	1
20200305	陕西	8	90088	1578	104	5
20200305	黑龙江	3	56	1	0	2
20200306	Chiang Mai Province	1	4043	20	2	7
20200306	上海	33	38691773	1396067	85718	104424
20200306	云南	3	1226	180	95	0
20200306	内蒙古	2	51533	365	11	9
20200306	北京	11	19223999	372816	15447	6830
20200306	吉林	4	13496	329	13	3
20200306	四川	7	99255	1611	88	44
20200306	天津	4	18	3	0	0
20200306	宁夏	1	34	5	1	0
20200306	安徽	17	1169002	48869	1789	581
20200306	山东	24	2442764	36708	2429	761
20200306	山西	4	562538	1708	67	30
20200306	广东	33	2090031	19192	1061	1346
20200306	广西	4	93915	512	181	0
20200306	新疆	6	183665	6232	202	61
20200306	江苏	9	151228	3254	160	144
20200306	江西	8	199332	9278	363	47
20200306	河北	18	229575	6800	347	77
20200306	河南	27	177792	2765	220	46
20200306	浙江	19	2958350	46374	995	10769
20200306	湖北	33	257848	8103	390	113
20200306	湖南	11	19647345	395020	22429	36285
20200306	福建	8	2079303	22493	1940	460
20200306	贵州	1	1330	42	1	2
20200306	辽宁	9	139068	709	223	10
20200306	重庆	3	794	24	0	0
20200306	陕西	7	72641	1822	60	159
20200306	黑龙江	3	498	5	3	0
20200307		1	33019	681	18	1
20200307	State of New South Wales	1	19717	336	8	3
20200307	State of Victoria	1	42	1	0	0
20200307	上海	22	12230989	267138	7225	7304
20200307	云南	2	129126	4177	159	143
20200307	内蒙古	1	17785	387	40	18
20200307	加利福尼亚州	1	2	0	0	0
20200307	北京	25	8541914	277719	10121	7607
20200307	吉林	3	123	13	0	0
20200307	四川	7	1208211	112876	3151	304
20200307	天津	1	5	2	0	0
20200307	安徽	17	201018	9892	407	66
20200307	山东	27	9441968	135661	6228	4818
20200307	山西	2	7216	170	54	0
20200307	广东	19	317000	9247	1913	1438
20200307	广西	15	32024	92	53	4
20200307	新疆	4	1033309	43274	1771	70
20200307	江苏	27	38683071	1431951	105373	13568
20200307	江西	14	47348615	1030204	129936	2284
20200307	河北	8	1759094	14247	671	98
20200307	河南	27	1337112	41607	7363	190
20200307	浙江	14	1288030	42902	1397	1134
20200307	湖北	34	701497	39082	4771	325
20200307	湖南	11	150314	800	122	3
20200307	甘肃	1	10	1	2	0
20200307	福建	7	971477	23357	1301	789
20200307	贵州	2	3	0	0	0
20200307	辽宁	5	6344	131	11	4
20200307	重庆	1	11	1	0	0
20200307	陕西	5	43410	2066	51	8
20200307	黑龙江	1	0	0	0	0
20200308		3	100	3	0	0
20200308	Tokyo Prefecture	1	506	1	0	0
20200308	上海	15	220491	4195	276	83
20200308	云南	2	277	7	2	1
20200308	内蒙古	3	579	42	4	1
20200308	北京	23	15380288	424944	39837	1355
20200308	吉林	2	6	0	0	0
20200308	四川	3	21378	256	13	5
20200308	安徽	8	736857	65514	2740	89
20200308	山东	11	6298	156	6	1
20200308	山西	4	9188	27	2	0
20200308	广东	13	76232	1943	378	39
20200308	广西	3	371	10	0	0
20200308	江苏	9	2851	106	4	1
20200308	江西	2	7783	1119	214	4
20200308	河北	15	58679	853	120	4
20200308	河南	11	159228	2087	181	28
20200308	浙江	11	74700	5786	160	63
20200308	湖北	31	1756367	53141	4541	473
20200308	湖南	1	8	0	0	0
20200308	甘肃	1	864	9	0	0
20200308	纽约州	1	6098	394	245	45
20200308	辽宁	4	7046	133	7	1
20200308	重庆	2	76	2	0	0
20200308	陕西	1	3	0	0	0
20200308	黑龙江	8	1501	48	3	1
20200309		8	398883	4329	236	88
20200309	Cairo Governorate	1	2861	86	10	0
20200309	National Capital Region	2	15	2	0	0
20200309	上海	10	1167	51	5	3
20200309	云南	1	553	20	1	0
20200309	内蒙古	2	58	5	1	0
20200309	北京	15	3280116	68316	2108	3576
20200309	吉林	4	22	3	4	4
20200309	四川	7	1489	59	25	0
20200309	天津	2	983	18	4	0
20200309	安徽	8	8623	193	10	3
20200309	山东	14	3199	97	25	2
20200309	山西	4	726	35	0	1
20200309	广东	20	28318	1294	68	10
20200309	广西	4	28446	672	34	4
20200309	新疆	1	234390	3373	133	13
20200309	江苏	13	6085238	119078	10874	467
20200309	江西	3	1070	48	1	0
20200309	河北	11	3220930	49980	3609	383
20200309	河南	5	51584	1966	100	49
20200309	浙江	7	679790	29250	5515	889
20200309	湖北	19	1425669	10953	348	51
20200309	湖南	4	2305	242	7	0
20200309	甘肃	6	10587	846	62	6
20200309	福建	1	1	0	0	0
20200309	贵州	1	16	0	0	0
20200309	辽宁	6	8350	221	11	7
20200309	重庆	2	1051	50	6	0
20200309	陕西	13	18889	1852	60	5
20200310		4	293465	6529	344	98
20200310	上海	2	551	15	0	0
20200310	云南	1	6	1	0	0
20200310	内蒙古	1	49	1	0	0
20200310	北京	9	510443	27075	669	110
20200310	四川	5	163172	5641	407	820
20200310	天津	1	1	0	0	0
20200310	安徽	6	92335	5358	624	6
20200310	山东	10	344349	2200	139	16
20200310	山西	10	72119	6240	113	24
20200310	广东	17	100860	10654	1177	33
20200310	广西	1	8	0	0	0
20200310	江苏	13	3368	147	6	0
20200310	江西	4	8207	114	7	0
20200310	河北	6	192	8	0	0
20200310	河南	7	642973	33977	1315	1586
20200310	浙江	2	2151	48	4	0
20200310	湖北	34	29594	1955	104	8
20200310	湖南	3	379	26	5	0
20200310	甘肃	2	1188	29	0	0
20200310	福建	1	4	0	0	0
20200310	辽宁	4	3315	164	7	0
20200310	重庆	1	6	0	0	0
20200310	陕西	1	47239	2605	79	6
20200310	黑龙江	1	3029	21	3	0
20200311	上海	5	745	12	1	0
20200311	北京	4	2158137	66679	3216	4018
20200311	吉林	2	6438	61	83	0
20200311	四川	1	354	1	0	0
20200311	天津	1	52	5	0	0
20200311	安徽	5	6925	557	75	2
20200311	山东	5	728	54	0	0
20200311	广东	12	18615	164	16	13
20200311	广西	3	20	2	0	0
20200311	江苏	4	52794	1538	92	8
20200311	江西	2	776	49	5	0
20200311	河北	1	215	18	0	0
20200311	河南	5	163979	5298	211	18
20200311	浙江	3	62110	3007	71	10
20200311	湖北	12	71103	1246	75	7
20200311	湖南	5	1037	139	13	7
20200311	甘肃	1	779	11	0	0
20200311	福建	2	11065	674	38	2
20200311	贵州	2	18	0	0	0
20200311	辽宁	3	1140	89	5	2
20200311	陕西	3	61713	5960	309	14
20200311	香港	1	609	9	2	0
20200312	Svay Rieng	1	17	1	1	0
20200312	上海	6	246	10	4	10
20200312	云南	2	46	6	0	0
20200312	北京	5	34124	908	22	27
20200312	卡斯蒂利亚-莱昂	1	10	0	0	0
20200312	吉林	2	134	3	0	1
20200312	四川	2	441	37	0	0
20200312	安徽	6	358	11	0	2
20200312	山东	9	303170	6742	150	12
20200312	山西	1	18	0	0	0
20200312	广东	8	3401	45	2	6
20200312	广西	3	192	2	0	0
20200312	新疆	1	1170059	35446	900	198
20200312	江苏	6	309255	8689	1556	31
20200312	河北	3	208	4	0	1
20200312	河南	3	488794	30524	818	117
20200312	浙江	2	3346	152	20	2
20200312	湖北	25	397363	24788	1423	96
20200312	湖南	1	86	3	2	0
20200312	福建	2	1278	56	0	0
20200312	辽宁	2	533	0	0	0
20200312	陕西	2	30946	2220	48	6
20200312	黑龙江	3	111	3	1	0
20200313		2	659267	17622	912	368
20200313	Central Singapore Community Development Council	1	23	0	0	0
20200313	上海	8	16075	219	2	5
20200313	云南	3	30	2	0	0
20200313	北京	3	528545	7617	427	66
20200313	四川	4	1063	22	3	3
20200313	安徽	5	30147851	552715	40104	8529
20200313	山东	7	18706	439	19	1
20200313	山西	2	2675	124	0	0
20200313	广东	3	252	5	0	0
20200313	广西	1	9	2	0	0
20200313	江苏	9	39017	397	15	5
20200313	江西	3	1325462	5759	421	367
20200313	河北	4	3437726	68026	4451	780
20200313	河南	4	3747	115	1	0
20200313	浙江	6	6035	156	2	0
20200313	湖北	27	576923	22447	2086	25
20200313	湖南	1	79	4	0	0
20200313	福建	1	465	32	1	0
20200313	贵州	1	2	0	0	0
20200313	辽宁	1	723	60	5	0
20200313	重庆	3	1036	33	0	1
20200313	陕西	1	710	4	1	0
20200313	黑龙江	2	5	0	0	0
20200314	上海	7	476701	27842	1740	1403
20200314	内蒙古	1	12317	118	8	8
20200314	北京	7	66326	1052	61	10
20200314	四川	1	513	11	1	0
20200314	安徽	4	1074	77	35	0
20200314	山东	4	374000	2625	206	23
20200314	山西	3	370	9	3	0
20200314	广东	4	33230	745	47	10
20200314	广西	2	659	18	0	0
20200314	江苏	3	31150	312	33	13
20200314	江西	1	545	25	0	0
20200314	河北	4	8633	190	17	5
20200314	河南	3	4927	144	3	0
20200314	浙江	4	8711	235	8	0
20200314	湖北	45	65877	1801	137	21
20200314	湖南	1	8	2	0	0
20200314	甘肃	1	3	0	0	0
20200314	福建	4	958	89	3	0
20200314	贵州	2	31	1	0	0
20200314	辽宁	3	482624	7356	427	190
20200314	陕西	1	37403	2985	86	4
20200314	黑龙江	1	228	3	1	0
20200315	上海	13	386739	7941	413	158
20200315	云南	1	8	1	0	0
20200315	内蒙古	1	385	15	1	1
20200315	北京	10	1151411	15243	1711	562
20200315	吉林	1	302	12	1	3
20200315	四川	8	27361570	378688	28106	24089
20200315	宁夏	2	101	4	2	0
20200315	安徽	9	3964948	16548	1588	1922
20200315	山东	15	2586978	12743	1090	999
20200315	山西	4	83321	431	26	17
20200315	广东	17	7407	1922	20	6
20200315	广西	2	43	2	0	0
20200315	江苏	8	4042082	20577	1390	974
20200315	江西	3	305568	1336	117	54
20200315	河北	17	16365391	181585	10883	8288
20200315	河南	23	24461839	243387	18871	13169
20200315	浙江	8	3658	15	0	0
20200315	湖北	16	782711	3339	234	159
20200315	湖南	5	3066537	12842	1143	894
20200315	甘肃	1	17432	454	29	22
20200315	福建	5	96534	424	28	43
20200315	西藏	1	88	1	0	0
20200315	贵州	3	178679	539	44	9
20200315	辽宁	6	1256480	3513	402	516
20200315	陕西	4	4899	637	53	6
20200315	黑龙江	2	1896647	7877	869	459
