20200125	浙江	1	6	0	0	0
20200127	广东	2	17	1	2	2
20200128	福建	1	677	6	0	0
20200129	湖北	1	3	0	0	0
20200201	北京	1	15	1	0	0
20200201	河南	1	4	0	0	0
20200203	安徽	1	8	1	0	0
20200203	山东	1	3	1	0	0
20200203	江苏	1	9	1	0	0
20200203	江西	1	3	0	2	0
20200203	河南	1	3072	81	40	11
20200203	湖北	1	8	0	0	0
20200203	陕西	1	7	1	0	0
20200204	北京	2	2445	41	3	2
20200204	四川	1	15	0	0	0
20200204	山东	1	15	1	0	0
20200204	广东	1	6	0	0	0
20200204	江苏	2	818	61	7	0
20200204	江西	2	7	2	0	0
20200204	湖北	1	926	2	0	0
20200204	湖南	2	21	0	0	0
20200204	福建	1	4	0	2	0
20200204	陕西	1	2	0	0	0
20200205	云南	1	8	0	0	0
20200205	北京	4	25052	544	18	10
20200205	四川	1	138	1	0	0
20200205	宁夏	1	3122	53	0	4
20200205	安徽	2	39052	376	11	9
20200205	山东	1	3	1	0	0
20200205	山西	1	4	0	0	0
20200205	广东	4	15786	211	4	45
20200205	广西	1	7	1	0	0
20200205	江苏	2	849	9	0	0
20200205	江西	2	178335	1847	20	42
20200205	河北	1	8	0	0	0
20200205	河南	5	1266	8	13	0
20200205	浙江	2	5	0	0	0
20200205	湖北	3	11	0	0	1
20200205	贵州	2	28	0	0	0
20200205	辽宁	2	61290	776	9	60
20200205	陕西	1	2	0	0	0
20200205	黑龙江	2	28	2	0	0
20200206	北京	1	1331	18	1	0
20200206	天津	1	5	0	0	0
20200206	山东	1	267	5	1	0
20200206	山西	3	34	3	0	1
20200206	广东	1	4468	58	2	1
20200206	广西	1	4661	82	4	0
20200206	江苏	5	741	7	0	1
20200206	江西	2	50776	107	1	2
20200206	河北	4	33216	375	8	10
20200206	河南	3	1400	110	19	0
20200206	浙江	1	11	0	0	0
20200206	湖北	5	14347	747	18	1
20200206	福建	2	9	2	0	0
20200206	贵州	3	1449	105	6	0
20200206	辽宁	1	19811	881	10	0
20200206	重庆	1	3	0	0	0
20200206	青海	1	953	5	1	0
20200207	上海	1	327	2	0	1
20200207	北京	2	1905	7	2	2
20200207	安徽	1	637	10	0	0
20200207	广东	1	16	1	0	0
20200207	江苏	1	6	0	0	0
20200207	河北	1	640	8	0	0
20200207	河南	2	676	9	0	2
20200207	贵州	1	3	0	0	0
20200207	辽宁	1	5	0	0	0
20200207	重庆	1	193	1	0	0
20200207	陕西	1	3	0	0	0
20200208	山西	1	2	0	0	0
20200208	广东	1	4	0	0	1
20200208	河北	1	3	0	4	0
20200208	湖北	3	32202	512	493	4
20200209	安徽	1	5	0	0	0
20200209	山东	1	4	0	0	0
20200209	山西	2	29	4	0	0
20200209	广东	1	447	0	0	0
20200209	河南	3	565	13	2	0
20200209	湖北	3	81382	1245	681	11
20200209	湖南	1	2933	49	3	6
20200209	福建	1	5	0	0	0
20200209	重庆	1	11	0	0	0
20200209	陕西	2	2416	25	0	0
20200210	四川	3	28142	557	23	45
20200210	广东	1	4	0	0	0
20200210	河北	2	13	0	0	0
20200210	湖北	1	0	0	0	0
20200210	贵州	2	61	1	0	0
20200210	青海	2	408	12	2	0
20200211	内蒙古	1	0	0	0	0
20200211	四川	2	1769	31	3	0
20200211	安徽	1	2	0	0	0
20200211	山东	1	1089	9	2	0
20200211	江苏	1	9	0	0	0
20200211	河北	1	2	0	0	0
20200211	河南	2	3464	26	4	3
20200211	湖北	3	1615631	80862	3917	3312
20200212	Stockholm	1	10	0	0	0
20200212	上海	3	21	1	0	0
20200212	天津	1	5	1	0	0
20200212	山东	1	31	2	0	0
20200212	山西	3	586	4	2	0
20200212	江苏	1	5	0	1	0
20200212	河北	1	5	0	0	0
20200212	湖北	3	12	1	1	0
20200212	辽宁	1	214	2	0	0
20200213	云南	2	823	4	0	0
20200213	四川	2	70	2	0	0
20200213	河南	3	18	0	2	0
20200213	湖北	1	56	5	0	0
20200213	湖南	1	3	0	0	0
20200214	广东	1	4448	322	14	0
20200214	湖北	1	5	0	1	1
20200216	广西	1	1227	4	0	0
20200217	四川	1	6	0	0	0
20200217	河北	1	10	1	0	1
20200217	黑龙江	1	43	1	0	0
20200219	浙江	1	16	0	0	0
20200219	黑龙江	1	3	1	2	0
20200220	广西	1	24	1	1	0
20200315	河北	1	1	0	0	0
