20200114	山东	2	1743	127	12	0
20200221		3	0	0	0	0
20200221	上海	8	1561537	10888	1601	1306
20200221	云南	3	13	2	0	0
20200221	内蒙古	14	8285370	57655	6272	6478
20200221	北京	49	227860566	2982832	218530	268819
20200221	吉林	18	2359544	14337	1757	3624
20200221	四川	26	947284	7131	865	511
20200221	天津	6	29	2	2	0
20200221	宁夏	1	1	0	0	0
20200221	安徽	20	1349550	9085	658	450
20200221	山东	593	29081414	220771	43243	30446
20200221	山西	17	4943696	88736	14003	15218
20200221	广东	24	5055218	21144	1943	1850
20200221	广西	3	182690	1753	198	278
20200221	新疆	5	30119	408	20	18
20200221	江苏	43	12769693	139832	17558	35334
20200221	江西	17	14752884	98520	6521	11547
20200221	河北	44	29696173	412562	57535	77479
20200221	河南	66	17415526	85163	11594	19514
20200221	浙江	19	1996413	15126	1816	1382
20200221	湖北	16	2790426	21624	2437	2442
20200221	湖南	17	13546607	93732	7116	10322
20200221	甘肃	2	25752	315	22	13
20200221	福建	16	1685558	5658	414	341
20200221	西藏	1	62044	473	82	20
20200221	贵州	12	898494	5205	447	807
20200221	辽宁	13	115915	826	142	181
20200221	重庆	5	380948	5490	496	361
20200221	陕西	19	605550	4193	300	191
20200221	黑龙江	20	1902973	10423	1056	1920
20200222	上海	2	4	0	0	0
20200222	内蒙古	2	609205	1466	54	117
20200222	北京	3	1159372	18651	9493	658
20200222	吉林	1	31250	136	8	2
20200222	山东	177	4649952	32653	3253	1655
20200222	山西	1	4	0	0	0
20200222	广东	1	1036	8	2	0
20200222	江苏	5	20	1	0	0
20200222	江西	2	2475	15	2	0
20200222	河北	4	23	1	0	0
20200222	河南	4	25149	153	9	13
20200222	浙江	2	1104958	3333	266	221
20200222	湖南	1	0	0	0	0
20200222	贵州	1	38203	376	14	7
20200222	辽宁	1	1	0	0	0
20200222	重庆	1	8	1	0	0
20200222	陕西	1	6	0	1	0
20200222	黑龙江	3	0	0	0	0
20200223	上海	4	21	1	0	0
20200223	内蒙古	2	346403	1478	133	80
20200223	北京	2	18321937	98057	8041	5567
20200223	吉林	1	60586	325	28	16
20200223	安徽	1	1737353	6831	437	356
20200223	山东	186	1554843	26253	1636	311
20200223	广东	1	3	0	0	0
20200223	江苏	6	83856	861	85	37
20200223	河北	4	1438122	8481	442	178
20200223	河南	2	2406850	6419	382	211
20200223	浙江	1	139784	2032	167	19
20200223	湖北	1	6	1	1	0
20200223	湖南	1	2766206	21888	1859	629
20200223	福建	1	10597764	29748	1554	377
20200223	辽宁	2	12	0	0	0
20200223	黑龙江	1	0	0	0	0
20200224	山东	107	313212	3223	508	185
20200224	江苏	2	11	2	0	0
20200224	浙江	1	74	3	0	0
20200224	湖北	1	0	0	0	0
20200225	北京	1	1453	30	2	0
20200225	山东	50	87702	847	210	17
20200225	江苏	3	814372	4290	305	400
20200226	北京	1	148512	1527	47	20
20200226	山东	28	120971	913	170	99
20200226	河南	1	14	0	0	0
20200227	山东	10	9152	76	14	3
20200228	北京	1	49240	217	2	5
20200228	安徽	1	1	0	0	0
20200228	山东	14	25410	582	89	16
20200228	河北	1	113	3	6	0
20200228	湖南	1	102	1	0	0
20200229	山东	3	90	4	2	0
20200229	广东	1	657	10	0	0
20200229	新疆	1	1218	33	0	0
20200229	河南	1	33	1	0	0
20200301	北京	1	1	0	0	0
20200301	山东	3	13	0	0	0
20200301	河南	1	7	1	1	0
20200302	山东	2	71	2	1	0
20200302	湖北	1	3	0	1	0
20200303	湖北	1	2	0	0	0
20200304	内蒙古	5	64177	689	14	8
20200304	北京	12	14951699	175100	6077	4183
20200304	吉林	1	9598	88	0	0
20200304	安徽	3	252477	1246	39	9
20200304	山东	28	117515	785	64	15
20200304	山西	1	26699	182	4	3
20200304	广东	5	753648	3785	235	52
20200304	广西	1	10311	69	4	1
20200304	江苏	4	899847	7670	291	58
20200304	江西	4	172232	1605	109	15
20200304	河北	10	6943425	19198	835	288
20200304	河南	6	1718734	5235	154	157
20200304	浙江	2	4610088	16959	827	208
20200304	湖北	5	162530	2290	62	14
20200304	甘肃	1	275	6	0	0
20200304	福建	2	956940	4579	45	115
20200304	辽宁	1	17988	82	5	2
20200304	重庆	1	324068	2214	99	18
20200304	陕西	4	201021	1641	30	3
20200304	黑龙江	2	24228	94	1	4
20200305	内蒙古	1	24851	168	4	3
20200305	北京	3	303220	4555	910	98
20200305	四川	1	28527	136	3	1
20200305	安徽	1	2	0	0	0
20200305	山东	3	21	1	0	0
20200305	山西	2	18	2	4	0
20200305	河北	2	31955	290	14	8
20200305	河南	3	160640	666	32	9
20200305	重庆	1	7	2	0	0
20200305	黑龙江	2	3916	41	0	0
20200306	山东	1	2	0	0	0
20200307	山东	1	20	2	0	0
20200309	山东	1	1682	57	11	2
20200310	山东	1	11	0	0	0
20200310	江西	1	0	0	0	0
20200311	山东	2	112	4	1	0
20200312	山东	1	537	108	12	0
