20200101	State of New South Wales	1	20	5	0	1
20200101	上海	1	503	11	0	0
20200101	云南	1	533	30	1	4
20200101	山东	1	6	0	0	0
20200101	山西	1	297	4	0	2
20200101	广西	1	442	39	1	0
20200101	江苏	4	1202	84	7	3
20200101	江西	2	1599	45	0	0
20200101	河北	1	440	4	0	0
20200101	河南	1	1524	26	0	0
20200101	浙江	3	698	48	7	2
20200101	甘肃	2	1391	46	4	0
20200101	辽宁	2	178	16	3	0
20200101	陕西	1	3969	256	34	0
20200102		1	12012	57	1	2
20200102	上海	1	286	18	2	0
20200102	北京	1	466	24	0	0
20200102	四川	1	33	2	0	0
20200102	安徽	2	1507	108	12	1
20200102	山东	1	508	5	2	0
20200102	山西	1	157	7	4	0
20200102	江西	1	130	6	0	0
20200102	河北	2	166	14	11	0
20200102	河南	3	2523	141	7	2
20200102	湖北	2	861	90	3	1
20200102	福建	3	4879	111	2	1
20200103	云南	1	2795	209	11	1
20200103	北京	1	120	3	0	0
20200103	四川	1	393	11	1	0
20200103	广东	3	1592	45	4	1
20200103	江苏	3	6002	680	37	1
20200103	江西	2	1268	75	9	0
20200103	河南	1	607	12	0	0
20200103	湖南	2	1803	67	9	1
20200103	贵州	1	555	37	1	0
20200103	辽宁	1	56	7	3	1
20200104	云南	1	934	40	2	6
20200104	内蒙古	1	855	11	0	1
20200104	四川	1	252	9	3	0
20200104	山东	7	3829	90	12	4
20200104	广东	6	1476	27	2	0
20200104	新疆	1	320	32	1	0
20200104	江苏	3	1680	32	8	1
20200104	河南	2	1551	147	3	1
20200104	浙江	8	12131	128	10	1
20200104	海南	1	116	1	0	0
20200104	湖北	1	1252	9	0	0
20200104	福建	1	3673	72	0	0
20200104	贵州	1	1138	51	3	0
20200104	辽宁	5	460615	5661	791	11
20200105	上海	2	8996	180	52	0
20200105	云南	1	173	18	0	0
20200105	吉林	1	192	14	0	0
20200105	四川	1	476	15	7	0
20200105	安徽	10	22438	1972	88	16
20200105	山东	2	1602	93	18	0
20200105	广东	8	2785	169	18	0
20200105	新疆	1	51	2	1	1
20200105	江苏	5	1504	81	17	0
20200105	河南	1	488	34	4	0
20200105	海南	1	246	4	1	1
20200105	湖南	2	935	27	2	2
20200105	福建	2	197	10	0	0
20200105	辽宁	1	951	9	2	0
20200105	陕西	1	2712	87	17	0
20200106	内蒙古	1	932	2	3	0
20200106	北京	1	240	20	1	2
20200106	四川	1	664	33	0	0
20200106	安徽	2	34740	2152	57	0
20200106	山东	1	362	8	0	0
20200106	广东	1	680	11	0	0
20200106	江苏	1	498	7	0	3
20200106	江西	3	535	52	2	0
20200106	河南	4	2114	72	15	1
20200106	浙江	2	1124	36	6	0
20200106	湖北	1	992	14	0	0
20200106	湖南	3	34076	473	111	16
20200106	辽宁	1	362	29	2	1
20200106	香港	1	18	1	0	1
20200107	吉林	2	489	20	0	0
20200107	安徽	2	746	27	0	0
20200107	山东	2	54814	1250	173	2
20200107	山西	5	185465	1397	128	14
20200107	广东	2	205	9	0	0
20200107	江苏	1	580	7	0	0
20200107	江西	4	3038	54	6	2
20200107	河北	2	834	14	0	0
20200107	河南	7	2651	172	24	3
20200107	湖南	1	412	84	6	0
20200107	重庆	1	1076549	69045	4662	94
20200108	云南	3	24263	325	49	3
20200108	四川	1	307	37	6	0
20200108	宁夏	1	848	42	2	0
20200108	安徽	2	468	41	4	1
20200108	山东	1	12543	571	98	0
20200108	山西	2	2433	209	25	0
20200108	广东	1	1993	83	6	1
20200108	广西	1	392	4	0	0
20200108	江苏	1	2819	28	1	1
20200108	江西	3	632	23	0	1
20200108	河北	1	2085	16	0	0
20200108	河南	2	2785	105	1	0
20200108	浙江	3	6204	470	217	1
20200108	辽宁	2	358	27	1	1
20200108	重庆	2	959	63	5	0
20200109	内蒙古	1	750	40	3	0
20200109	四川	4	1704	73	6	0
20200109	安徽	2	1809	58	7	0
20200109	山东	1	244	17	1	0
20200109	广东	2	881	27	0	1
20200109	江苏	3	2477	69	17	0
20200109	江西	2	1615	58	1	1
20200109	河北	1	522	12	0	0
20200109	河南	5	1666	80	4	0
20200109	浙江	4	618	8	0	4
20200109	湖北	1	140	12	7	0
20200109	辽宁	2	840	29	2	0
20200109	重庆	1	487	126	0	0
20200109	陕西	4	2998	57	6	2
20200109	黑龙江	1	2	0	0	0
20200110	State of Victoria	1	21155	138	13	0
20200110	云南	1	3315	52	9	0
20200110	内蒙古	2	3895	53	2	1
20200110	四川	4	3317	153	15	13
20200110	安徽	3	2508	168	20	0
20200110	江西	6	14902	543	12	1
20200110	河南	4	2750	211	16	4
20200110	浙江	2	12633	65	2	2
20200110	辽宁	4	6476	109	3	1
20200110	陕西	7	5373517	29814	415	515
20200111	上海	1	98	0	0	0
20200111	云南	2	6670	269	26	1
20200111	四川	1	88	6	0	0
20200111	安徽	5	1658	138	15	1
20200111	山东	4	842	64	0	1
20200111	山西	1	1933	50	3	0
20200111	广东	3	1724	220	48	0
20200111	广西	1	104	2	0	0
20200111	江苏	3	407	32	3	2
20200111	江西	8	9653	1843	65	6
20200111	河北	2	1113	55	0	1
20200111	河南	17	11102	541	34	3
20200111	浙江	1	214	7	0	1
20200111	湖北	1	839	443	2	1
20200111	湖南	1	11870	2054	104	6
20200111	甘肃	1	2310	19	2	1
20200111	福建	5	4057	151	10	0
20200111	辽宁	2	207	8	7	0
20200111	陕西	2	1321	125	24	1
20200112	云南	1	311	9	0	0
20200112	内蒙古	1	31	5	0	0
20200112	北京	1	2990	63	7	1
20200112	四川	2	889	42	2	0
20200112	安徽	1	213	8	1	1
20200112	山东	2	2138	91	7	0
20200112	广东	3	1523	30	7	0
20200112	广西	1	328	12	0	0
20200112	江苏	2	899	29	4	0
20200112	江西	3	1690	47	7	4
20200112	河北	2	727	24	0	0
20200112	河南	2	4036	233	11	0
20200112	浙江	1	633	8	0	0
20200112	湖北	1	299	17	1	0
20200112	湖南	2	549	9	1	0
20200112	甘肃	1	310	24	5	0
20200112	辽宁	1	296	9	1	0
20200112	陕西	1	626	9	1	0
20200113	云南	2	1302	52	2	2
20200113	北京	2	3287	46	15	1
20200113	山东	1	212	0	1	0
20200113	山西	1	1	0	0	0
20200113	广东	1	225	0	0	1
20200113	新疆	2	50	4	0	0
20200113	江苏	4	1201	23	4	2
20200113	江西	4	16456	1345	15	4
20200113	河北	1	663	29	6	0
20200113	河南	2	232	51	5	0
20200113	湖北	2	325	20	3	0
20200113	湖南	5	740	26	4	0
20200113	贵州	1	371	33	0	7
20200113	陕西	1	433	8	1	0
20200114	内蒙古	1	951	18	2	0
20200114	四川	1	1138	51	7	0
20200114	天津	3	1433	32	6	0
20200114	安徽	2	1347	38	1	1
20200114	山东	2	390	10	0	1
20200114	广东	3	1046	35	3	5
20200114	江苏	4	2132	101	12	0
20200114	江西	4	990	42	6	2
20200114	河南	2	2182	28	2	0
20200114	浙江	2	206	13	0	0
20200114	海南	1	86	2	0	0
20200114	湖北	2	28	0	0	0
20200114	湖南	4	1600	88	3	0
20200114	福建	1	72	5	0	0
20200114	辽宁	3	544	9	0	0
20200114	陕西	1	40	1	0	0
20200114	黑龙江	1	514	10	0	0
20200115	内蒙古	1	131	1	0	0
20200115	北京	1	258	1	0	0
20200115	四川	1	2475	50	1	0
20200115	宁夏	1	1822	262	131	0
20200115	安徽	1	73	5	3	1
20200115	山东	3	20907	548	111	8
20200115	广西	1	421	3	2	0
20200115	江苏	3	1624	67	2	0
20200115	河北	2	781	24	0	0
20200115	河南	5	4320	205	5	0
20200115	浙江	2	75643	178	7	8
20200115	湖北	1	1434	222	21	2
20200115	湖南	2	23766	1069	100	0
20200115	甘肃	1	60710	157	14	0
20200115	福建	3	2293	117	13	1
20200115	辽宁	2	1262	48	4	0
20200115	陕西	6	1600	22	3	2
20200116	云南	1	4267	83	2	0
20200116	内蒙古	3	11516	171	168	7
20200116	北京	3	2347	38	10	0
20200116	吉林	1	12170	34	4	1
20200116	四川	2	2588	106	11	0
20200116	安徽	2	1139	183	4	0
20200116	山东	3	2523	93	15	1
20200116	山西	1	765	20	6	0
20200116	广东	1	259	4	0	0
20200116	江苏	3	557	16	0	1
20200116	河北	1	767	58	17	0
20200116	河南	3	3390	81	12	0
20200116	浙江	3	2210	58	0	0
20200116	甘肃	1	730	25	1	0
20200116	福建	1	1	0	0	0
20200116	贵州	3	1728	86	2	1
20200116	辽宁	1	251	6	0	0
20200116	重庆	1	300	2	0	0
20200117	云南	3	862	54	10	4
20200117	内蒙古	1	284	3	0	1
20200117	北京	2	11	1	0	0
20200117	吉林	2	548	4	6	0
20200117	四川	5	153	4	1	1
20200117	安徽	4	810	45	6	4
20200117	山东	1	9	0	0	1
20200117	广东	1	2	0	0	0
20200117	广西	2	93	3	0	2
20200117	新疆	3	2472	73	3	0
20200117	江苏	2	639	39	0	0
20200117	江西	6	2452	125	7	4
20200117	河北	2	23785	64	2	6
20200117	河南	4	279945	3216	37	10
20200117	浙江	1	659	38	2	0
20200117	贵州	2	954	41	0	0
20200117	辽宁	2	1006	22	6	0
20200117	陕西	1	2344	235	8	6
20200117	黑龙江	2	1129	23	0	0
20200118	上海	1	9980	795	50	0
20200118	内蒙古	1	2565	63	3	1
20200118	四川	2	1614	258	8	0
20200118	安徽	4	2011	61	15	1
20200118	广东	3	372	22	0	1
20200118	江苏	1	3	1	0	0
20200118	江西	4	4066	349	40	0
20200118	河北	1	440	13	5	0
20200118	河南	4	4690	175	18	0
20200118	湖北	1	92	8	0	0
20200118	福建	1	387	7	2	0
20200118	辽宁	1	677	23	3	2
20200119	云南	2	1357	29	11	1
20200119	内蒙古	1	941	11	1	0
20200119	四川	1	1269	26	6	1
20200119	安徽	2	2434	364	25	2
20200119	山东	3	1988	45	3	1
20200119	山西	1	677	70	17	0
20200119	江苏	2	132315	4700	254	23
20200119	江西	3	500	26	3	0
20200119	河北	3	3479	166	17	0
20200119	河南	2	1955	197	3	1
20200119	湖南	1	82	7	0	0
20200119	辽宁	1	96	1	0	0
20200119	陕西	1	222	5	1	0
20200119	黑龙江	1	1022	13	0	0
20200120	云南	1	988	87	0	0
20200120	内蒙古	1	472	10	0	0
20200120	北京	2	384	42	1	2
20200120	吉林	1	0	0	0	0
20200120	四川	2	1215	36	2	0
20200120	安徽	1	565	21	2	0
20200120	山东	2	934	11	1	0
20200120	山西	2	2184	166	38	0
20200120	广东	1	121	4	0	0
20200120	江西	2	14788	131	8	1
20200120	河南	1	0	0	0	0
20200120	浙江	3	46426	183	7	11
20200120	湖南	5	3046	69	6	2
20200120	辽宁	1	221	12	0	2
20200120	陕西	1	6185	93	13	2
20200120	青海	1	2484	20	3	3
20200120	黑龙江	1	270	16	0	0
20200121	四川	1	1807	22	0	1
20200121	安徽	3	1927	219	8	0
20200121	山东	1	1242	48	5	0
20200121	山西	2	1111	85	2	5
20200121	江苏	9	4274	239	24	0
20200121	江西	1	588	29	1	1
20200121	河北	1	663	32	15	0
20200121	河南	2	910	21	0	2
20200121	浙江	2	379	9	2	0
20200121	湖北	1	179	12	4	0
20200121	福建	2	2102	44	5	1
20200122	上海	2	653	19	3	0
20200122	云南	2	5493	52	9	4
20200122	内蒙古	1	201	11	1	0
20200122	北京	2	86	2	0	0
20200122	宁夏	1	622	4	2	0
20200122	安徽	6	5699	151	20	1
20200122	山东	2	31963	2321	283	11
20200122	广东	2	1584	29	2	0
20200122	广西	1	7	1	0	0
20200122	河北	4	12997	76	9	40
20200122	河南	3	1200	309	191	0
20200122	浙江	3	1841	49	6	0
20200122	湖北	6	754952	13292	663	71
20200122	湖南	3	21	5	0	0
20200122	福建	1	6	1	1	0
20200122	贵州	3	1212	53	0	0
20200122	辽宁	2	773	23	4	1
20200122	黑龙江	2	1143	20	2	0
20200123	上海	2	360	9	0	0
20200123	云南	4	901	62	2	2
20200123	内蒙古	1	178	8	4	0
20200123	吉林	5	10668	111	70	6
20200123	四川	8	24188	912	178	2
20200123	天津	1	14	1	1	1
20200123	宁夏	1	13	1	0	0
20200123	安徽	5	2113	68	11	0
20200123	山东	11	446853	9350	3989	101
20200123	山西	1	1204	29	12	0
20200123	广东	15	56282	1528	298	5
20200123	广西	9	50308	1930	372	23
20200123	新疆	1	18106	612	58	13
20200123	江苏	13	7680	162	68	12
20200123	江西	5	16369	756	124	9
20200123	河北	5	32351	561	80	16
20200123	河南	13	453507	1847	355	180
20200123	浙江	6	6095	239	54	0
20200123	海南	1	9	1	0	0
20200123	湖北	20	38984	2148	72	19
20200123	湖南	8	48445	1231	244	31
20200123	福建	5	23956	565	95	0
20200123	贵州	9	61347	4212	398	19
20200123	辽宁	10	9740	311	48	5
20200123	重庆	2	360	16	1	0
20200124	Phnom Penh	1	4	0	0	0
20200124	上海	8	3248	113	10	0
20200124	云南	6	12350	211	50	2
20200124	内蒙古	3	3540	49	8	0
20200124	北京	2	84	5	0	0
20200124	吉林	1	6	0	0	0
20200124	四川	21	24957	530	71	2
20200124	天津	9	26597	1086	186	6
20200124	宁夏	4	667	7	0	0
20200124	安徽	18	51793	1496	310	8
20200124	山东	33	98843	3589	462	45
20200124	山西	1	3731	43	18	3
20200124	广东	25	87850	4929	376	13
20200124	广西	19	210720	12590	756	34
20200124	新疆	1	9446	519	9	0
20200124	江苏	32	67873	1091	150	4
20200124	江西	10	17942	560	128	11
20200124	河北	11	76654	2230	128	146
20200124	河南	17	5134	188	42	0
20200124	浙江	19	269101	4797	481	88
20200124	海南	3	5723	85	68	5
20200124	湖北	31	437333	25383	988	49
20200124	湖南	16	40915	785	130	2
20200124	甘肃	4	3576	29	7	0
20200124	福建	11	3510	163	24	0
20200124	西藏	3	1318	82	29	0
20200124	贵州	13	35629	919	93	5
20200124	辽宁	8	495846	25757	1055	51
20200124	重庆	9	4272	436	31	0
20200124	陕西	15	5835	405	77	0
20200124	青海	1	1574	17	1	1
20200124	香港	2	229	11	0	0
20200124	黑龙江	6	2219	62	0	3
20200125		1	463623	2293	2143	56
20200125	Bangkok	1	337	8	3	0
20200125	Tỉnh Khánh Hòa	1	12	0	0	0
20200125	上海	1	1563	15	1	1
20200125	云南	4	3403	62	13	5
20200125	内蒙古	4	1476	49	16	0
20200125	北京	5	7811	165	26	0
20200125	吉林	13	2577	55	5	0
20200125	四川	12	11413	246	47	4
20200125	天津	3	97001	575	41	8
20200125	安徽	13	49495	2697	134	5
20200125	山东	33	94373	2561	239	24
20200125	山西	4	1466450	9507	367	202
20200125	广东	14	6408	163	12	1
20200125	广西	9	7419	125	6	0
20200125	新疆	6	18649	217	206	15
20200125	江苏	15	45686	2620	298	12
20200125	江西	5	13836	193	79	6
20200125	河北	11	17334	913	68	9
20200125	河南	24	46207	1683	112	6
20200125	浙江	17	31042	494	40	7
20200125	海南	3	582	6	0	1
20200125	湖北	56	386673	4840	1460	141
20200125	湖南	4	6075	89	6	1
20200125	甘肃	5	73074	2169	392	26
20200125	福建	4	10289	27	1	2
20200125	西哈努克市	1	5	0	0	2
20200125	西藏	2	999	28	1	0
20200125	贵州	1	557	6	1	0
20200125	辽宁	9	2873	121	15	0
20200125	重庆	7	21164	1409	91	2
20200125	陕西	5	3102	20	10	4
20200125	青海	1	40	6	0	0
20200125	黑龙江	4	1890	92	8	3
20200126	Aichi-ken	2	185319	21836	1721	23
20200126	Changwat Chon Buri	1	528	4	0	0
20200126	Changwat Samut Prakan	1	3	0	0	0
20200126	Kanagawa	1	15	3	1	0
20200126	Tokyo Prefecture	1	84604	1051	502	8
20200126	上海	5	11071	833	39	5
20200126	云南	5	4814	78	17	0
20200126	内蒙古	5	2364	25	1	0
20200126	北京	7	3576	138	12	3
20200126	吉林	11	1999	47	8	2
20200126	四川	26	9248340	369196	18781	1178
20200126	天津	5	8280	80	30	9
20200126	宁夏	1	0	0	0	0
20200126	安徽	39	296908	6387	764	142
20200126	山东	35	15576	395	45	4
20200126	山西	7	40099	710	49	4
20200126	广东	31	157752	3698	129	57
20200126	广西	13	2947	122	8	0
20200126	新疆	2	1773	32	3	0
20200126	江苏	35	887574	8508	587	62
20200126	江西	12	29658	370	92	2
20200126	河北	33	265113	10181	659	44
20200126	河南	42	263448	4432	992	138
20200126	浙江	24	28705	772	60	8
20200126	海南	3	726	40	2	0
20200126	湖北	48	334130	6277	432	73
20200126	湖南	7	22896	506	141	16
20200126	甘肃	15	57547	1216	95	5
20200126	福建	11	12387	497	49	5
20200126	贵州	8	2458	64	9	1
20200126	辽宁	12	10947	211	30	2
20200126	重庆	9	4073	131	6	0
20200126	陕西	13	11435	246	52	7
20200126	黑龙江	8	155896	4119	3160	39
20200127	Andalucía	1	3537	47	6	6
20200127	Genève	1	791	3	0	0
20200127	上海	2	371	13	2	0
20200127	云南	11	28754	1112	238	1
20200127	内蒙古	5	5342	88	19	23
20200127	北京	15	8280409	143244	167592	3364
20200127	吉林	11	16015	219	9	20
20200127	四川	20	67810	1403	174	68
20200127	天津	4	220	1	0	0
20200127	宁夏	3	20257	259	29	5
20200127	安徽	35	167151	2606	239	69
20200127	山东	52	194492	7124	1008	81
20200127	山西	22	1664643	20406	21203	152
20200127	广东	34	180065	2543	390	29
20200127	广西	14	11834	200	20	0
20200127	弗吉尼亚州	1	13820	672	67	2
20200127	新疆	5	2038	35	2	0
20200127	江苏	42	320930	8238	890	24
20200127	江西	20	68948	1825	321	6
20200127	河北	20	23162	152	43	9
20200127	河南	66	905012	22588	1363	191
20200127	浙江	28	501025	46903	4938	43
20200127	海南	2	2956	35	9	2
20200127	湖北	59	316400	6035	1217	88
20200127	湖南	22	44372	936	142	16
20200127	甘肃	12	105417	1268	1049	37
20200127	福冈县	2	15436	305	21	1
20200127	福建	7	2568	27	2	0
20200127	贵州	17	4496	134	9	6
20200127	辽宁	8	109776	1984	211	7
20200127	重庆	7	760	16	2	0
20200127	陕西	21	5592	426	40	4
20200127	黑龙江	6	847	30	3	0
20200128	Lilongwe District	2	3321718	207916	21728	135
20200128	上海	4	27226644	653344	251109	2912
20200128	云南	12	38963	873	101	15
20200128	内蒙古	8	133622	755	222	98
20200128	北京	8	8798	1127	21	5
20200128	吉林	9	115006	4142	557	67
20200128	四川	18	45498	1598	151	64
20200128	天津	3	153626	1409	23	16
20200128	宁夏	2	3962	78	13	10
20200128	安徽	30	8671172	159897	62966	1006
20200128	山东	49	155293	3031	449	44
20200128	山西	26	47279	642	96	28
20200128	巴厘岛	1	6	1	0	0
20200128	广东	21	414791	11316	1421	47
20200128	广西	6	2949	164	29	6
20200128	新疆	2	11092	129	5	4
20200128	江苏	33	125275	1685	165	13
20200128	江西	35	30093	799	116	27
20200128	河北	27	12354	253	64	1
20200128	河南	101	624383	20050	1663	230
20200128	浙江	21	7957	203	28	16
20200128	海南	1	4	0	0	0
20200128	湖北	53	143244	2825	261	109
20200128	湖南	15	76775	5199	419	5
20200128	甘肃	2	1124	28	2	0
20200128	福建	12	19825	201	14	3
20200128	纽约州	1	14	0	0	0
20200128	西哈努克市	1	4	0	0	0
20200128	贵州	10	8210	177	17	1
20200128	辽宁	11	130428	10816	1127	10
20200128	重庆	5	188607	4638	1623	14
20200128	陕西	23	43387	2307	256	7
20200128	青海	4	493776	11968	718	133
20200128	黑龙江	11	10898	541	225	26
20200129	Lilongwe District	1	677370	52163	2697	38
20200129	Provinsi Kepulauan Riau	1	3	1	0	0
20200129	Vientiane Prefecture	1	5	1	0	0
20200129	上海	4	1288	32	3	1
20200129	云南	13	521879	9289	378	61
20200129	内蒙古	2	85	1	0	0
20200129	北京	14	10233	1272	23	2
20200129	北苏拉威西省	1	7	0	0	1
20200129	吉林	11	23600	389	27	11
20200129	四川	25	2960056	184035	5203	516
20200129	天津	1	32	1	1	0
20200129	宁夏	2	4439	77	11	3
20200129	安徽	30	72783	1630	146	10
20200129	山东	24	110592	2524	260	29
20200129	山西	20	44043	1082	84	3
20200129	广东	19	8711	177	31	7
20200129	广西	11	121531	4664	732	198
20200129	德克萨斯州	2	1386	95	17	0
20200129	新疆	3	80670	847	39	36
20200129	江苏	28	46099	1293	165	15
20200129	江西	17	40928	547	39	8
20200129	河北	38	57083	1041	130	28
20200129	河南	85	306605	8167	621	143
20200129	浙江	15	101490	5435	210	22
20200129	湖北	39	6384777	169244	86007	1268
20200129	湖南	14	79329	2013	159	18
20200129	甘肃	15	6618381	194403	37243	91
20200129	福建	9	22506	320	79	10
20200129	西藏	1	2368	33	0	0
20200129	贵州	10	60117	1598	74	13
20200129	辽宁	9	11453	250	45	6
20200129	重庆	6	7852	149	37	0
20200129	陕西	35	224168	12069	1585	89
20200129	青海	9	2702	79	7	2
20200129	黑龙江	2	1098	7	2	0
20200130		1	782	2	0	0
20200130	Chiba-ken	1	195	11	2	0
20200130	Daerah Khusus Ibukota Jakarta	1	5	0	0	0
20200130	São Paulo	1	3	0	0	0
20200130	Tokyo Prefecture	2	650	27	3	0
20200130	上海	6	4732	265	90	6
20200130	云南	26	120532	6281	642	25
20200130	内蒙古	20	22792	249	24	16
20200130	北京	10	5793139	80857	36150	651
20200130	吉林	15	19993	275	38	8
20200130	四川	26	131677	3624	345	46
20200130	天津	2	3944	119	15	0
20200130	宁夏	2	41437	814	52	11
20200130	安徽	56	214491	5577	387	56
20200130	山东	70	207312	3207	1316	58
20200130	山西	32	32566552	616159	137822	3088
20200130	广东	28	37828	1211	155	9
20200130	广西	10	9030	167	42	13
20200130	弗吉尼亚州	1	770	54	6	0
20200130	新疆	4	6296	62	19	11
20200130	江苏	35	1116831	55728	9361	102
20200130	江西	19	123969	3214	406	32
20200130	河北	49	28198980	465504	151849	2931
20200130	河南	75	458862	23241	2673	105
20200130	浙江	21	57424	1545	256	30
20200130	海南	9	7738	680	130	0
20200130	湖北	48	15379854	231339	128475	1640
20200130	湖南	18	77008	2345	266	22
20200130	甘肃	8	101495	3715	264	23
20200130	福建	9	46930	963	137	13
20200130	科隆	1	9	1	0	0
20200130	西藏	1	5	0	0	0
20200130	贵州	6	91649	5676	805	13
20200130	辽宁	14	3650	109	14	2
20200130	重庆	9	65891	1416	126	33
20200130	陕西	25	17068	368	34	12
20200130	青海	3	85038	1184	28	17
20200130	香港	2	1256	14	0	0
20200130	黑龙江	11	34836	911	124	13
20200131		4	843078	10431	10464	274
20200131	Changwat Chon Buri	2	28754	741	75	3
20200131	Changwat Phra Nakhon Si Ayutthaya	1	4273	52	8	2
20200131	Changwat Samut Prakan	1	4	0	0	0
20200131	Changwat Surat Thani	1	4	0	0	0
20200131	Chiang Mai Province	1	1063	53	10	0
20200131	Daerah Khusus Ibukota Jakarta	2	262	4	0	0
20200131	Gyeongsangnam-do	1	15	7	0	0
20200131	National Capital Region	1	16	1	3	0
20200131	North	1	127851	5957	3617	51
20200131	Pichincha	1	10	2	0	0
20200131	Rio Grande do Sul	1	555081	48678	17566	36
20200131	Tokyo Prefecture	1	47036	764	247	3
20200131	Tỉnh Khánh Hòa	2	28484	2477	625	4
20200131	Tỉnh Nam Định	1	1202	55	8	0
20200131	上海	58	20526422	1022699	352328	25680
20200131	云南	38	1041576	7251	544	87
20200131	内蒙古	37	70899	2094	293	4
20200131	北京	81	31277689	627064	594936	6801
20200131	北布拉班特省	1	2	0	0	0
20200131	吉林	46	186192	3997	3123	45
20200131	四川	91	9713820	420478	100702	2641
20200131	天津	31	213647	1591	1096	117
20200131	宁夏	13	40491	728	61	6
20200131	安徽	126	3024049	143047	46472	2037
20200131	山东	347	2089559	60485	23503	1117
20200131	山西	59	2064970	46338	26757	1475
20200131	巴登-符腾堡	1	6	1	0	0
20200131	广东	125	9493765	263865	355329	2798
20200131	广西	23	20748	334	52	4
20200131	新疆	18	50524	1310	193	19
20200131	江苏	258	332655	6477	1910	101
20200131	江西	84	1299443	34519	21200	325
20200131	河北	164	22675226	460995	219478	8691
20200131	河南	285	871007	31997	5807	201
20200131	浙江	128	1309545	54498	9368	469
20200131	海南	10	6705221	146727	58935	1725
20200131	湖北	377	10752303	183266	163313	1999
20200131	湖南	100	6498979	244848	163525	3048
20200131	澳大利亚首都领地	1	2	0	0	1
20200131	澳门	2	14	2	2	0
20200131	甘肃	26	6867	508	106	1
20200131	福冈县	1	3	1	0	0
20200131	福建	55	81314	2316	298	22
20200131	纽约州	1	3	0	0	0
20200131	莱茵兰-普法尔茨	1	2	1	0	0
20200131	西藏	5	13855	212	18	3
20200131	贵州	38	583139	5685	612	72
20200131	辽宁	73	352315	10466	7655	176
20200131	重庆	36	61157	607	139	3
20200131	陕西	97	871064	11290	1185	139
20200131	青海	3	401	23	0	0
20200131	首尔特别市	1	5	0	0	0
20200131	香港	2	4524	42	15	3
20200131	黑龙江	40	6280	205	99	19
20200201		3	126815	1158	799	10
20200201	Auckland	1	5	0	0	0
20200201	Bangkok	3	4	0	0	0
20200201	Catalunya	1	20	0	0	0
20200201	Changwat Chon Buri	1	38196	4018	302	3
20200201	Changwat Krabi	1	7	0	0	0
20200201	Changwat Tak	1	1	0	0	0
20200201	Colombo District	1	6	0	0	0
20200201	Incheon	1	3	0	0	0
20200201	Kogi	1	6	0	0	0
20200201	Lilongwe District	1	701946	52220	1728	22
20200201	Lombardia	3	996	12	2	0
20200201	Moskva	1	11	0	1	0
20200201	Muḩāfaz̧at Maysān	1	5	0	0	0
20200201	National Capital Region	1	1	0	0	0
20200201	Nordrhein-Westfalen	1	1	0	2	0
20200201	Provincia de Bioko Norte	1	2	0	0	0
20200201	Québec	2	7	0	0	0
20200201	San José	1	7	0	0	0
20200201	State of New South Wales	1	53686	1007	302	25
20200201	State of Victoria	1	2	0	0	0
20200201	Tokyo Prefecture	1	2	0	0	0
20200201	West	1	1	0	0	0
20200201	万丹省	1	3	0	0	0
20200201	上海	83	42625373	1864516	470578	18874
20200201	云南	66	10085352	407425	39310	670
20200201	兵库县	1	2	1	0	0
20200201	内蒙古	45	1839295	33547	15611	270
20200201	加利福尼亚州	1	12	0	0	0
20200201	加姆珀哈	2	3	0	0	0
20200201	北京	128	154286773	4068935	1884240	32824
20200201	吉林	71	111018	4296	895	35
20200201	四川	212	17731604	1468563	272012	4225
20200201	天津	58	171336	4280	738	56
20200201	威尼托	1	263	6	2	0
20200201	宁夏	21	124748	9207	221	3
20200201	安徽	285	207133385	9175848	1497337	70007
20200201	山东	567	13795121	428391	160313	3637
20200201	山西	143	5221065	99494	50982	1347
20200201	岐阜县	1	1	1	0	0
20200201	巴登-符腾堡	2	5	0	0	0
20200201	广东	270	9676667	231128	93678	1865
20200201	广西	61	596903	21678	7533	827
20200201	托斯卡纳	1	124215	6422	1685	28
20200201	敖德萨州	2	12	2	0	0
20200201	新疆	41	22209	555	57	5
20200201	明尼苏达州	2	17	0	0	0
20200201	江苏	381	393211	8336	1554	346
20200201	江西	156	872423	12464	2212	97
20200201	河北	257	10375022	285346	159108	4825
20200201	河南	547	78459993	2238325	1136595	21676
20200201	浙江	207	5162024	324581	48671	1970
20200201	海南	22	2198	29	3	1
20200201	湖北	444	47377221	1829405	261891	9334
20200201	湖南	222	1490490	31997	10656	443
20200201	澳门	1	3	1	0	0
20200201	甘肃	67	201974	2926	1010	35
20200201	皮埃蒙特	2	9	0	0	0
20200201	福建	115	2610819	130211	47838	1248
20200201	纽约州	1	1225	15	2	0
20200201	莱茵兰-普法尔茨	1	4	1	0	0
20200201	西哈努克市	1	0	0	0	0
20200201	西藏	2	545695	53476	8077	32
20200201	西西里岛	2	13	0	0	0
20200201	贵州	57	1736299	62502	6189	323
20200201	辽宁	142	253917	7725	2757	372
20200201	重庆	75	98046	1699	402	37
20200201	陕西	188	447574	13709	2052	312
20200201	青海	8	304971	20950	4140	41
20200201	香港	2	22451	354	151	1
20200201	马里兰州	1	6	0	0	0
20200201	黑龙江	74	93870	4306	1320	85
20200202		5	1017963	47123	8748	425
20200202	Auckland	2	4	0	0	0
20200202	Bangkok	1	1	0	0	0
20200202	Budapest	1	3	1	1	0
20200202	Changwat Chon Buri	2	1373	10	1	0
20200202	Changwat Rayong	1	3	0	0	0
20200202	Chiba-ken	1	3	0	0	0
20200202	Muḩāfaz̧at al Aḩmadī	1	4	0	0	0
20200202	National Capital Region	2	341	4	1	0
20200202	Provinsi Papua	1	4	0	0	0
20200202	Selangor	1	19	1	0	0
20200202	Takeo	1	155	1	0	0
20200202	Tokyo Prefecture	2	2218	43	5	3
20200202	Tỉnh Bắc Giang	1	6	0	0	0
20200202	Wales	1	12	0	0	0
20200202	Western Cape	1	2	0	0	0
20200202	Île-de-France	1	1	0	0	0
20200202	上海	50	1544241	23967	16422	179
20200202	不列颠哥伦比亚	1	2	0	0	0
20200202	云南	45	69473	1987	303	50
20200202	京畿道	2	5	1	0	0
20200202	内蒙古	61	185832	5716	1636	53
20200202	加利福尼亚州	2	172	6	1	2
20200202	北京	102	13839926	469877	167430	2777
20200202	北海道	1	2	0	0	0
20200202	华盛顿州	1	4	0	0	0
20200202	台湾	3	15	0	0	0
20200202	吉林	55	78767	608	325	9
20200202	四川	155	296200	8405	1361	60
20200202	天津	33	42244	445	214	15
20200202	威尼托	1	36947	2961	314	8
20200202	宁夏	21	15358	509	65	14
20200202	安大略	1	13	0	0	0
20200202	安徽	249	11027584	543855	93738	1946
20200202	宾夕法尼亚州	1	8	1	0	0
20200202	山东	497	7249900	164216	91062	2106
20200202	山西	118	166255	3225	492	81
20200202	广东	215	11682143	594760	86461	2668
20200202	广西	67	47475	948	342	10
20200202	托斯卡纳	2	45175	2228	224	3
20200202	新疆	38	88644	1965	188	78
20200202	江苏	311	71864325	2666518	399427	15599
20200202	江西	127	818329	47968	7769	116
20200202	河北	246	944960	14090	1424	202
20200202	河南	439	25505132	1405209	214465	9061
20200202	浙江	193	1306575	35759	4051	375
20200202	海南	25	13509	465	59	8
20200202	湖北	349	3783634	151573	32344	3876
20200202	湖南	166	289227	5335	1119	55
20200202	甘肃	57	118967	1922	254	45
20200202	皮埃蒙特	1	9	2	0	0
20200202	福建	99	744306	6679	2420	134
20200202	豪登省	1	148	3	0	0
20200202	贵州	63	65326	1237	174	19
20200202	辽宁	123	578841	34734	4708	117
20200202	重庆	49	9723	303	57	11
20200202	金夏沙	1	149	1	0	0
20200202	陕西	145	713556	15147	8338	273
20200202	青海	10	7652	150	49	5
20200202	香港	2	24226	663	515	18
20200202	黑龙江	108	187307	3262	870	150
20200203	National Capital Region	1	4	0	0	0
20200203	Tỉnh Kiến Giang	1	6	0	0	1
20200203	上海	14	13159	670	152	8
20200203	云南	26	32051	713	109	15
20200203	佛罗里达州	1	3	0	0	0
20200203	内蒙古	17	18963	656	88	23
20200203	北京	25	3712540	170943	25115	814
20200203	吉林	11	5256	110	7	0
20200203	四川	27	162630	4919	586	20
20200203	天津	9	10473	299	80	4
20200203	宁夏	1	1924	107	3	1
20200203	安徽	57	26761355	1019762	172971	3843
20200203	山东	119	2570799	166806	17180	571
20200203	山西	37	505609	16351	710	79
20200203	巴伐利亚	1	2	0	0	0
20200203	广东	41	72100	4650	293	4
20200203	广西	12	12808	232	30	19
20200203	新疆	21	81866	729	88	35
20200203	江苏	53	164793	2435	298	59
20200203	江西	35	754429	9730	674	63
20200203	河北	54	116873	2427	1273	75
20200203	河南	95	324558	7469	960	474
20200203	浙江	27	171169	4878	943	37
20200203	海南	7	8231	135	16	5
20200203	湖北	56	78435	2312	226	21
20200203	湖南	24	785099	12288	1901	73
20200203	甘肃	13	69514	1903	240	7
20200203	福建	28	143566	3388	453	61
20200203	纽约州	1	9	1	0	5
20200203	西藏	2	1644	10	0	0
20200203	贵州	11	83702	1353	193	14
20200203	辽宁	18	38480	498	79	5
20200203	重庆	8	1204	51	12	3
20200203	陕西	32	49401	915	84	19
20200203	青海	12	181563	2335	272	63
20200203	黑龙江	26	7341	259	32	8
20200204		5	3721429	134520	80729	3744
20200204	Bangkok	1	12	0	0	0
20200204	Dubai	1	21	1	1	0
20200204	Jeju-do	1	3	0	0	0
20200204	Phnom Penh	1	716	5	2	0
20200204	上海	11	79024	857	270	16
20200204	云南	18	27790	366	43	4
20200204	内蒙古	17	12726325	345480	80836	14342
20200204	北京	60	158358783	4785502	1420211	92259
20200204	吉打	2	13	2	0	0
20200204	吉林	8	149266	3541	869	190
20200204	四川	49	312537	3939	961	60
20200204	天津	10	36702	441	68	30
20200204	宁夏	4	2461	127	47	0
20200204	安徽	55	10618933	68051	15804	1628
20200204	山东	123	18795304	570859	172519	5690
20200204	山西	52	369424	7256	828	122
20200204	广东	51	1109504	11104	2152	311
20200204	广西	15	454536	4523	2881	181
20200204	新疆	9	5733	166	13	9
20200204	江苏	67	878893	8911	2195	226
20200204	江西	38	247573	3606	639	66
20200204	河北	45	196998	4344	1457	56
20200204	河南	129	1107363	11779	2713	518
20200204	浙江	45	199295	5989	2372	145
20200204	海南	4	199	13	1	0
20200204	湖北	62	2002797	25213	8667	508
20200204	湖南	35	7515978	26153	3124	1204
20200204	甘肃	16	156382	7529	245	35
20200204	福建	20	69582	528	140	39
20200204	贵州	32	295520	2963	336	28
20200204	辽宁	14	9147	67	28	11
20200204	重庆	7	306	34	1	1
20200204	陕西	41	380294	4936	728	317
20200204	青海	1	12	1	0	0
20200204	黑龙江	16	51608	833	178	22
20200205	Central Singapore Community Development Council	1	551	3	1	0
20200205	Pahang	1	3160	25	18	0
20200205	Tỉnh Khánh Hòa	1	2	0	0	0
20200205	Wien	1	1	0	0	0
20200205	上海	4	16133	57	26	0
20200205	不列颠哥伦比亚	1	34812	1208	230	15
20200205	云南	11	20162	351	40	10
20200205	内蒙古	6	5743	95	20	1
20200205	北京	5	134346	4778	204	13
20200205	华盛顿州	1	480	4	0	0
20200205	吉林	9	2168	41	4	1
20200205	四川	14	40954	3556	185	21
20200205	天津	6	21268	1220	153	5
20200205	宁夏	2	577	18	0	0
20200205	安徽	26	164409	2935	345	55
20200205	山东	41	24617	875	97	17
20200205	山西	57	329730	4168	389	70
20200205	广东	18	467459	16625	1690	15
20200205	广西	11	18623	219	22	1
20200205	德克萨斯州	1	1482	117	17	0
20200205	新疆	7	29527	307	10	3
20200205	江苏	26	84715	1623	208	35
20200205	江西	22	103820	1280	147	13
20200205	河北	26	124271	921	169	22
20200205	河南	82	200134	5220	524	38
20200205	浙江	19	1526912	41813	6980	94
20200205	海南	3	23	1	0	4
20200205	湖北	24	39045	500	64	9
20200205	湖南	11	362527	5071	283	68
20200205	甘肃	10	45452	564	33	17
20200205	福建	22	34071	290	17	2
20200205	贵州	16	28524	426	28	11
20200205	辽宁	18	13254	362	67	6
20200205	重庆	5	782	147	8	2
20200205	陕西	27	19217	471	65	4
20200205	青海	1	23	2	0	0
20200205	黑龙江	8	1110	35	1	0
20200206		1	380924	4477	155	21
20200206	Tokyo Prefecture	1	981	57	9	1
20200206	上海	2	122	4	0	0
20200206	云南	21	672465	4745	285	154
20200206	内蒙古	12	36149	488	54	27
20200206	北京	6	526702	1973	234	35
20200206	吉林	7	21926	814	33	7
20200206	四川	21	95937	1207	107	26
20200206	天津	5	256016	1284	330	37
20200206	宁夏	1	5	1	0	0
20200206	安徽	33	1169168	13126	338	87
20200206	山东	32	169314	5850	301	78
20200206	山西	56	46983	904	154	31
20200206	广东	7	27833	139	11	1
20200206	广西	5	86957	958	98	22
20200206	新疆	6	13278	286	22	37
20200206	曼尼托巴	1	5	0	1	0
20200206	江苏	22	231351	6087	454	78
20200206	江西	17	38506	437	58	10
20200206	河北	48	77719	1636	225	18
20200206	河南	57	155618	4992	714	78
20200206	浙江	17	10084	210	23	3
20200206	海南	2	1387	47	2	0
20200206	湖北	21	106184	1027	86	18
20200206	湖南	18	175745	2076	272	116
20200206	甘肃	12	46809	718	80	22
20200206	福建	18	17114	393	37	3
20200206	贵州	13	29290	777	78	3
20200206	辽宁	11	8866846	454634	49218	5188
20200206	重庆	6	20900	244	24	1
20200206	陕西	12	34453	475	46	19
20200206	青海	1	7007	71	4	1
20200206	黑龙江	7	3875	76	7	3
20200207		1	0	0	0	0
20200207	上海	3	15818	126	33	4
20200207	云南	14	289121	1986	106	23
20200207	内蒙古	7	3615	65	12	9
20200207	北京	13	26614538	510013	486776	15953
20200207	吉林	4	5474	90	89	6
20200207	四川	13	309072	6634	861	88
20200207	天津	5	327264	2126	212	25
20200207	安徽	17	134905	1943	844	12
20200207	山东	28	17240	184	100	12
20200207	山西	18	106979	578	180	1
20200207	广东	14	946536	13459	22336	268
20200207	广西	3	1859	45	4	0
20200207	新疆	11	7305	154	7	6
20200207	曼尼托巴	1	8	0	2	0
20200207	江苏	26	9634	317	42	10
20200207	江西	18	23926	500	59	6
20200207	河北	27	3333934	45903	52116	1455
20200207	河南	62	127518	3168	806	71
20200207	浙江	13	1705	43	8	1
20200207	海南	6	12687	304	38	0
20200207	湖北	27	89326	781	69	18
20200207	湖南	12	14736	324	44	2
20200207	甘肃	15	34554	384	28	6
20200207	福建	7	198922	1365	966	30
20200207	贵州	17	25507	878	611	5
20200207	辽宁	7	1169	25	9	0
20200207	重庆	7	43071	589	56	0
20200207	陕西	9	8882	857	36	0
20200207	青海	1	1163	48	14	7
20200207	黑龙江	7	5527	79	15	3
20200208	Changwat Samut Prakan	1	8	1	0	0
20200208	Sabah	1	1484	62	9	1
20200208	Île-de-France	1	1	0	0	0
20200208	上海	4	3421	44	6	0
20200208	云南	19	35550	1722	442	8
20200208	内蒙古	12	31842	564	53	8
20200208	北京	5	310	25	3	1
20200208	吉林	10	1529	53	24	0
20200208	四川	19	39917	1148	235	15
20200208	天津	5	13979	166	21	5
20200208	安徽	25	7800	342	29	8
20200208	山东	34	84606	1811	633	22
20200208	山西	15	62943	599	91	6
20200208	广东	12	28830	389	115	5
20200208	广西	14	47690	4424	270	8
20200208	新疆	3	1533	16	0	0
20200208	江苏	23	84221	1796	206	23
20200208	江西	35	75802	923	193	15
20200208	河北	26	28346	548	206	17
20200208	河南	62	1108730	54770	3020	320
20200208	浙江	14	3330	78	12	1
20200208	湖北	15	5106	289	55	1
20200208	湖南	11	16001	240	18	2
20200208	甘肃	11	39156	1395	71	11
20200208	福建	7	12443	297	30	1
20200208	苏格兰	1	36305	1057	103	14
20200208	西藏	1	12	0	0	0
20200208	贵州	26	40992	2483	91	9
20200208	辽宁	10	46727	503	66	14
20200208	重庆	6	5659	358	34	6
20200208	陕西	18	57946	1042	233	9
20200208	黑龙江	5	1585	10	0	2
20200209	State of Victoria	1	15	1	0	0
20200209	上海	9	8892	555	86	33
20200209	云南	27	59620	1201	136	34
20200209	内蒙古	6	100991	3591	197	167
20200209	北京	7	430674	4642	2241	147
20200209	吉林	4	2824	29	6	1
20200209	四川	11	54608	602	48	31
20200209	天津	1	1011	86	5	1
20200209	宁夏	4	58251	2981	142	22
20200209	安徽	25	1364123	53636	16316	645
20200209	山东	36	488842	6855	1358	75
20200209	山西	13	101664	1722	272	33
20200209	广东	8	1109218	14531	13093	38
20200209	广西	9	226375	3044	3723	23
20200209	新疆	4	48	3	2	1
20200209	江苏	12	47137	657	114	16
20200209	江西	25	30050	527	76	8
20200209	河北	18	56061	540	17	15
20200209	河南	45	305251	2764	474	36
20200209	浙江	15	341141	8031	5336	95
20200209	海南	1	17	1	0	0
20200209	湖北	13	922420	108232	7631	54
20200209	湖南	5	15183	452	43	0
20200209	甘肃	6	13087	160	6	2
20200209	福建	3	451	48	6	0
20200209	贵州	20	92360	1735	198	34
20200209	辽宁	9	6201	147	27	2
20200209	陕西	13	49056	973	159	7
20200209	青海	2	1865	37	5	0
20200209	黑龙江	3	8211	42	2	1
20200210	Changwat Chon Buri	1	168	16	3	0
20200210	Genève	1	728	21	2	0
20200210	Kanagawa	1	0	0	0	0
20200210	Pahang	2	2989	22	3	0
20200210	上海	3	5446	283	43	4
20200210	云南	8	49648	704	41	2
20200210	内蒙古	8	10806	107	9	4
20200210	北京	16	4918501	82227	31127	635
20200210	吉林	7	110	4	0	0
20200210	四川	7	1565	73	17	0
20200210	天津	2	9966	80	7	24
20200210	安徽	11	62547	1580	230	21
20200210	山东	14	88280	928	182	13
20200210	山西	16	148357	824	80	32
20200210	广东	12	1541372	14886	22808	183
20200210	广西	3	242	35	0	0
20200210	新疆	5	54728	546	75	5
20200210	江苏	14	27455	1230	247	6
20200210	江西	16	57962	5878	100	14
20200210	河北	17	2477441	18053	10419	308
20200210	河南	42	211211	3343	305	68
20200210	浙江	17	1274789	47523	5539	186
20200210	湖北	15	277808	19515	1422	45
20200210	湖南	14	11742	415	39	18
20200210	甘肃	9	33942	269	7	24
20200210	福建	7	7739	131	18	4
20200210	贵州	18	23808	801	80	12
20200210	辽宁	13	14387	1498	85	7
20200210	重庆	8	26579	493	32	7
20200210	陕西	6	6114	82	6	3
20200210	黑龙江	12	9390	164	14	5
20200211	Bangkok	1	392306	6417	508	82
20200211	上海	1	142	4	0	0
20200211	云南	17	19997	1264	108	16
20200211	内蒙古	13	22202	428	41	32
20200211	北京	4	413878	2248	261	43
20200211	吉林	2	360	31	2	6
20200211	四川	9	19740	280	12	5
20200211	天津	3	50	2	0	0
20200211	宁夏	2	1716	25	4	0
20200211	安大略	1	9	0	0	0
20200211	安徽	24	123185	2362	175	36
20200211	山东	16	12894	368	37	3
20200211	山西	26	240370	4017	302	87
20200211	广东	14	10930	268	30	5
20200211	广西	5	13849	569	32	3
20200211	江苏	22	118277	1946	166	38
20200211	江西	13	68903	1535	166	4
20200211	河北	14	18123	150	11	3
20200211	河南	53	366170	3213	323	108
20200211	浙江	14	8038	261	52	4
20200211	海南	3	41120	245	11	6
20200211	湖北	20	90936	1168	162	20
20200211	湖南	10	14923	436	73	3
20200211	甘肃	10	74416	1173	145	8
20200211	福建	9	46090	924	100	26
20200211	西藏	2	4010	192	14	1
20200211	贵州	9	25697	404	45	3
20200211	辽宁	10	46723	653	71	141
20200211	重庆	8	3797	62	5	0
20200211	陕西	11	30692	905	70	6
20200211	青海	9	515872	11520	422	66
20200211	黑龙江	11	4497	125	8	25
20200212		5	18058	106	6	14
20200212	Bangkok	1	603	4	0	1
20200212	上海	3	2582	299	31	0
20200212	云南	24	322804	3154	244	61
20200212	内蒙古	3	179	4	0	4
20200212	北京	5	4462	113	12	2
20200212	四川	15	634964	50084	1700	39
20200212	天津	1	348	20	8	0
20200212	宁夏	3	1346	69	2	0
20200212	安徽	28	184098	1999	196	72
20200212	山东	17	16438	427	46	11
20200212	山西	12	36564	222	21	6
20200212	广东	19	35479	1395	50	4
20200212	广西	6	4170	56	24	2
20200212	新疆	4	411	11	5	0
20200212	江苏	17	39361	710	57	23
20200212	江西	13	57384	3259	111	3
20200212	河北	23	63001	1832	359	12
20200212	河南	20	112820	4951	214	22
20200212	浙江	10	47411	2360	97	16
20200212	海南	1	8	0	0	1
20200212	湖北	21	1150920	18546	888	239
20200212	湖南	11	22630	425	61	8
20200212	澳门	1	154659	16613	1612	36
20200212	甘肃	12	76062	1187	73	21
20200212	福建	2	518	10	2	0
20200212	贵州	22	48697	1011	147	22
20200212	辽宁	3	1292	28	2	5
20200212	重庆	6	3102	104	17	1
20200212	陕西	12	27527	331	34	6
20200212	青海	7	101462	3238	232	23
20200212	黑龙江	12	32475	393	41	57
20200213	Dubai	1	145	13	4	0
20200213	Selangor	1	8601	1194	29	0
20200213	Thành Phố Đà Nẵng	1	622	9	4	0
20200213	上海	6	3999	80	26	2
20200213	云南	7	12336	920	24	1
20200213	内蒙古	7	3883	69	9	5
20200213	北京	2	141	8	0	2
20200213	吉林	3	518	13	4	1
20200213	四川	11	13282	229	25	10
20200213	天津	7	67113	543	21	40
20200213	安徽	10	73563	5773	243	31
20200213	山东	28	59252	2032	313	31
20200213	山西	22	68906	662	77	24
20200213	广东	7	60727	5182	199	4
20200213	广西	4	2876	47	6	2
20200213	新疆	4	2170	53	0	4
20200213	江苏	8	18021	652	69	1
20200213	江西	18	87644	1126	109	40
20200213	河北	18	67970	761	149	92
20200213	河南	37	51866	845	99	12
20200213	浙江	7	3104	101	22	1
20200213	海南	2	1295	16	2	0
20200213	湖北	19	76598	937	66	25
20200213	湖南	7	4171	144	6	7
20200213	甘肃	5	19311	161	22	1
20200213	福建	4	796	54	7	0
20200213	贵州	14	1227617	38737	1060	216
20200213	辽宁	5	37292	887	38	11
20200213	重庆	3	18	1	0	0
20200213	陕西	20	89727	2898	223	39
20200213	青海	4	3182	36	1	1
20200213	黑龙江	7	849	26	5	4
20200214		1	3	0	0	0
20200214	State of Victoria	1	732	14	7	0
20200214	São Paulo	1	10	1	0	0
20200214	上海	1	24	1	1	0
20200214	云南	9	22904	556	39	4
20200214	内蒙古	9	10498	138	27	9
20200214	努瓦克肖特	1	11	1	0	0
20200214	北京	4	251	21	0	0
20200214	吉林	1	52	8	1	1
20200214	四川	15	7534	489	61	7
20200214	威斯康辛州	1	35	1	0	0
20200214	宁夏	3	1756	45	5	0
20200214	安大略	1	3724	37	6	0
20200214	安徽	3	1519	170	10	0
20200214	山东	12	22537	171	20	16
20200214	山西	14	64544	943	79	36
20200214	广东	17	49597	531	47	18
20200214	广西	2	893	11	0	0
20200214	新疆	7	10872	195	35	24
20200214	江苏	16	57336	1556	239	5
20200214	江西	12	6510	488	145	2
20200214	河北	11	29150	1201	141	41
20200214	河南	14	221870	6840	492	87
20200214	浙江	14	7731	208	14	0
20200214	湖北	20	85617	1417	101	30
20200214	湖南	5	4336	284	26	0
20200214	甘肃	4	11070	149	12	16
20200214	福建	11	17947	215	19	2
20200214	贵州	10	186039	4339	403	62
20200214	辽宁	6	13516	404	73	5
20200214	重庆	1	9	0	0	0
20200214	陕西	7	8307	285	72	3
20200214	青海	7	729	21	1	0
20200214	香港	1	3	0	0	0
20200214	黑龙江	3	267	9	0	0
20200215	上海	5	3561	450	30	6
20200215	云南	19	80614	2301	107	34
20200215	内蒙古	3	1317	52	5	0
20200215	北京	4	1278176	7211	834	117
20200215	吉林	6	951	86	40	5
20200215	四川	11	19843	494	55	11
20200215	天津	3	15638	494	20	4
20200215	宁夏	2	346	12	0	0
20200215	安徽	16	29862	1276	108	11
20200215	山东	11	5875	173	16	15
20200215	山西	8	7464	138	11	5
20200215	广东	5	3723	64	12	0
20200215	广西	3	811	12	0	0
20200215	德克萨斯州	1	337	94	12	0
20200215	新地区	1	4	1	0	0
20200215	新疆	7	111543	514	53	30
20200215	江苏	13	43040	1451	131	26
20200215	江西	10	33257	636	41	5
20200215	河北	11	17109	312	16	6
20200215	河南	14	153677	1363	176	25
20200215	浙江	7	16053	1573	101	21
20200215	湖北	21	94858	2521	217	53
20200215	湖南	3	2239	47	8	2
20200215	甘肃	6	169439	4423	373	805
20200215	福建	8	9091	192	10	6
20200215	贵州	6	2307	100	5	2
20200215	辽宁	9	29829	566	29	7
20200215	重庆	5	20540	579	51	2
20200215	陕西	8	11858	187	19	1
20200215	青海	1	33	3	0	0
20200215	黑龙江	6	591	46	3	0
20200216		1	0	0	0	0
20200216	上海	1	83	3	2	1
20200216	云南	12	82397	1383	73	23
20200216	内蒙古	5	1739	40	4	0
20200216	北京	1	4	1	0	0
20200216	吉林	1	2	0	0	0
20200216	四川	17	37566	1264	65	8
20200216	天津	2	680	5	0	1
20200216	安徽	11	10847	152	10	2
20200216	山东	12	7528	145	36	8
20200216	山西	20	15031	463	42	15
20200216	广东	6	8376	591	53	9
20200216	广西	2	50152	264	31	3
20200216	新疆	1	1181	75	4	2
20200216	江苏	9	93941	4590	569	10
20200216	江西	12	3555	167	23	0
20200216	河北	16	77504	1666	99	78
20200216	河南	15	131562	1520	297	20
20200216	浙江	5	4339	269	24	0
20200216	海南	1	5	0	0	3
20200216	湖北	15	103741	5365	1295	49
20200216	湖南	9	7265	250	25	1
20200216	福建	5	468041	7161	1135	9
20200216	贵州	3	3607	98	8	4
20200216	辽宁	14	18195	637	84	10
20200216	重庆	1	0	0	0	0
20200216	陕西	7	9460	181	14	4
20200216	黑龙江	3	2196	28	4	0
20200217	Lagos State	1	97	4	1	0
20200217	上海	2	757	30	12	0
20200217	云南	17	21289	318	20	8
20200217	内蒙古	2	1427	22	3	0
20200217	北京	3	2	0	0	0
20200217	吉林	5	4329	154	22	5
20200217	四川	15	200119	2143	248	32
20200217	天津	3	8924	115	22	4
20200217	安徽	20	36914	839	68	22
20200217	山东	12	6845	369	36	8
20200217	山西	6	9528	201	10	3
20200217	广东	6	1573	61	14	2
20200217	新疆	4	1877	66	9	1
20200217	普罗旺斯-阿尔卑斯-蓝色海岸	1	848	15	6	1
20200217	江苏	11	41709	1574	150	5
20200217	江西	6	8948	247	24	7
20200217	河北	14	26527	680	82	19
20200217	河南	18	45138	560	47	9
20200217	浙江	9	3806	208	19	0
20200217	海南	3	9253	88	5	5
20200217	湖北	9	1937	89	4	2
20200217	湖南	5	38147	1072	71	56
20200217	甘肃	7	22515	563	77	15
20200217	福建	1	1990	10	1	0
20200217	贵州	7	4071	444	53	2
20200217	辽宁	5	1799	54	4	1
20200217	重庆	4	10096	215	22	10
20200217	陕西	7	12674	620	129	7
20200217	黑龙江	5	1259	56	5	0
20200218	云南	9	126750	2476	111	27
20200218	内蒙古	1	1839	16	1	0
20200218	北京	4	202094	1747	159	18
20200218	吉林	3	642	12	0	1
20200218	四川	9	185302	4281	287	77
20200218	天津	1	14133	85	16	6
20200218	安徽	18	21145	510	52	5
20200218	山东	14	28143	324	82	11
20200218	山西	6	60256	695	75	16
20200218	广东	3	186	6	0	0
20200218	新疆	4	11226	250	24	7
20200218	江苏	13	24384	499	37	9
20200218	江西	10	6518	178	24	0
20200218	河北	7	27410	387	50	6
20200218	河南	15	9780	343	25	0
20200218	浙江	18	18774	308	21	11
20200218	海南	1	4	0	0	0
20200218	湖北	8	13018	611	140	12
20200218	湖南	5	7621	325	30	2
20200218	甘肃	6	31535	394	28	9
20200218	贵州	2	7595	311	14	5
20200218	辽宁	2	562	9	2	0
20200218	重庆	1	6	1	0	0
20200218	陕西	3	7248	754	38	3
20200218	青海	1	2329	62	8	0
20200218	香港	1	219	4	0	0
20200218	黑龙江	1	636	15	1	2
20200219	West	1	203	8	0	0
20200219	云南	4	10002	187	33	3
20200219	内蒙古	3	47	2	0	0
20200219	北京	1	1	1	0	0
20200219	吉林	7	480	44	4	1
20200219	四川	8	601782	41608	1132	155
20200219	天津	1	245	5	2	0
20200219	安大略	1	2891	35	6	0
20200219	安徽	17	91280	1367	128	24
20200219	山东	13	498100	36960	3521	184
20200219	山西	10	2271	47	4	1
20200219	巴伐利亚	1	130	3	2	0
20200219	广东	5	56958	663	76	11
20200219	广西	3	11	0	0	0
20200219	新疆	11	16711	357	88	4
20200219	江苏	10	43819	485	83	26
20200219	江西	6	1772	194	26	11
20200219	河北	15	26671	427	34	6
20200219	河南	13	27841	347	53	6
20200219	浙江	4	10766	24	1	0
20200219	湖北	12	29412	453	40	19
20200219	湖南	12	3535	191	26	0
20200219	甘肃	3	3340	39	8	2
20200219	福建	4	3283	87	3	0
20200219	贵州	1	5	2	0	0
20200219	辽宁	1	846	18	0	2
20200219	重庆	4	55757	796	70	19
20200219	陕西	9	9813	218	17	5
20200219	黑龙江	1	512	14	8	0
20200220	上海	5	359	21	4	1
20200220	云南	5	12113	979	57	4
20200220	内蒙古	2	6753	154	12	1
20200220	北京	2	93617	972	138	1
20200220	吉林	1	6	0	0	0
20200220	四川	6	10399	235	27	5
20200220	天津	2	5712	164	34	0
20200220	安徽	18	153954	2551	203	27
20200220	山东	3	206	15	2	0
20200220	山西	5	3851	103	12	1
20200220	广东	2	1029	19	3	1
20200220	广西	4	1505	33	0	0
20200220	新疆	4	6067	125	2	2
20200220	江苏	14	287407	1583	281	61
20200220	江西	12	25399	404	23	4
20200220	河北	14	273440	2387	279	32
20200220	河南	7	1965	78	1	14
20200220	浙江	5	540	13	6	2
20200220	湖北	9	18880	410	94	4
20200220	湖南	13	11625	431	36	1
20200220	甘肃	3	3729	37	2	0
20200220	福建	1	55	6	1	0
20200220	贵州	3	3238	94	3	0
20200220	辽宁	3	1383	28	2	0
20200220	重庆	5	15	2	0	0
20200220	陕西	6	34102	287	11	0
20200220	青海	1	20961	910	54	6
20200220	黑龙江	2	1417	20	1	2
20200221	Flanders	1	8480	323	20	1
20200221	上海	2	257	5	0	0
20200221	云南	4	3855	61	24	4
20200221	内蒙古	3	135139	1293	65	4
20200221	加利福尼亚州	1	4	0	0	0
20200221	北京	3	548	58	8	1
20200221	吉林	3	1547	53	4	0
20200221	四川	10	11087	233	31	2
20200221	安徽	20	79760	2234	172	15
20200221	山东	7	976661	21568	1042	57
20200221	山西	4	49005	605	64	5
20200221	广东	18	825388	22042	949	98
20200221	广西	3	1496	49	14	11
20200221	新疆	1	22	1	0	0
20200221	江苏	5	13785	1666	40	1
20200221	江西	11	50340	468	47	18
20200221	河北	36	7755312	349185	15638	660
20200221	河南	24	41215	692	92	22
20200221	浙江	5	3572	311	43	0
20200221	海南	2	1477	31	4	1
20200221	湖北	11	4679080	94323	4641	443
20200221	湖南	7	19610	442	76	8
20200221	甘肃	10	12754	108	13	9
20200221	福建	7	55373	306	16	5
20200221	贵州	6	19336	592	39	6
20200221	辽宁	5	961	31	1	1
20200221	重庆	2	1481	17	1	1
20200221	陕西	3	4415	100	8	1
20200221	黑龙江	5	2125	70	10	0
20200222	上海	1	20	0	0	0
20200222	云南	4	85648	1057	124	12
20200222	内蒙古	4	5895	93	10	3
20200222	北京	2	12437	621	20	1
20200222	吉林	3	8839	72	9	0
20200222	四川	15	2293	101	6	3
20200222	天津	3	20910	380	87	1
20200222	安徽	12	52226	688	26	3
20200222	山东	7	1518	38	44	2
20200222	山西	11	233	16	5	1
20200222	广东	7	45957	556	47	7
20200222	广西	10	6273	131	8	0
20200222	新疆	3	3861	84	4	0
20200222	江苏	6	5727469	134602	5354	296
20200222	江西	3	11770	61	2	1
20200222	河北	12	832	17	3	0
20200222	河南	9	20391	537	102	23
20200222	浙江	6	16661	100	10	2
20200222	湖北	20	3393	138	37	4
20200222	湖南	3	43500	1629	141	23
20200222	甘肃	1	1394	12	0	0
20200222	福建	2	856	51	3	0
20200222	艾伯塔	2	17	1	0	0
20200222	辽宁	6	7525	50	10	1
20200222	重庆	4	1213	11	0	0
20200222	陕西	4	62478	1617	66	8
20200222	黑龙江	6	1394	27	3	3
20200223	State of Victoria	1	35383	242	27	0
20200223	云南	1	403	13	0	2
20200223	内蒙古	5	2066	71	2	0
20200223	北京	2	3286	62	8	1
20200223	四川	2	5	1	1	0
20200223	天津	1	164	4	4	0
20200223	安徽	5	4865	195	43	1
20200223	山东	11	10851	129	6	4
20200223	山西	6	47670	363	38	22
20200223	巴登-符腾堡	1	537	2	0	0
20200223	广东	12	399511	50311	4394	46
20200223	广西	1	27	1	0	0
20200223	新疆	6	19273	366	22	25
20200223	江苏	3	2087	69	4	1
20200223	江西	8	5100	153	16	3
20200223	河北	6	2358	47	8	1
20200223	河南	10	11256	254	30	2
20200223	湖北	17	5515	167	27	3
20200223	湖南	3	1249	13	1	0
20200223	甘肃	8	514	21	1	0
20200223	福建	1	1555	60	3	1
20200223	辽宁	3	429	15	2	0
20200223	陕西	1	1	0	0	0
20200223	黑龙江	2	97	5	1	0
20200224	云南	2	948	16	1	0
20200224	内蒙古	2	132	5	2	0
20200224	北京	3	213999	895	115	13
20200224	吉林	2	5	0	0	1
20200224	四川	17	22198	623	18	10
20200224	天津	1	66	7	1	0
20200224	宁夏	3	954	32	1	0
20200224	安徽	8	12112	221	8	0
20200224	山东	6	887692	25780	20113	244
20200224	山西	1	8288	517	131	2
20200224	广东	12	42320	5145	365	96
20200224	广西	1	230	1	0	1
20200224	江苏	5	3662	814	33	2
20200224	江西	5	17557	199	9	4
20200224	河北	6	3225	101	3	0
20200224	河南	17	206426	5480	317	64
20200224	浙江	3	1147	43	5	0
20200224	海南	1	510	29	0	0
20200224	湖北	13	66277	1785	195	14
20200224	湖南	2	4696	425	6	5
20200224	甘肃	2	836	12	0	0
20200224	贵州	2	3900	179	15	3
20200224	辽宁	1	2024	22	9	0
20200224	重庆	1	128	12	2	2
20200224	陕西	23	66720	684	49	10
20200224	黑龙江	2	330	22	7	2
20200225	上海	1	67	2	0	0
20200225	云南	3	3411	63	8	2
20200225	内蒙古	2	2520	45	3	1
20200225	北京	1	327034	4747	798	14
20200225	四川	2	1467	110	0	0
20200225	安徽	1	272	13	0	0
20200225	山东	7	87991	1307	123	37
20200225	广东	11	29099	4717	558	5
20200225	广西	1	476	12	2	1
20200225	新疆	2	768	22	0	1
20200225	江苏	5	2520	14	3	0
20200225	江西	10	41761	621	61	6
20200225	河北	2	11761	34	8	0
20200225	河南	13	4728	227	14	5
20200225	湖北	11	25903	766	45	9
20200225	湖南	5	8694	194	60	28
20200225	甘肃	1	3	0	0	0
20200225	福建	1	41	2	0	0
20200225	贵州	3	5439	203	25	2
20200225	辽宁	1	0	0	0	0
20200225	陕西	1	8262	1546	30	0
20200225	黑龙江	1	7	0	0	0
20200226	上海	2	1723	97	13	0
20200226	云南	4	5029	111	17	1
20200226	内蒙古	3	10194	126	14	3
20200226	北京	3	2060172	42396	12131	194
20200226	四川	8	3960	103	7	4
20200226	宁夏	1	14023	431	18	1
20200226	安徽	2	357	19	1	0
20200226	山东	7	9949	148	27	12
20200226	山西	7	1844	40	2	1
20200226	广东	10	7060	699	55	1
20200226	新疆	6	725	39	4	4
20200226	江苏	7	25612	904	180	25
20200226	江西	6	34166	2080	154	10
20200226	河北	5	4235	126	21	3
20200226	河南	5	388	36	2	0
20200226	浙江	4	1148	41	2	0
20200226	湖北	5	17826	461	58	10
20200226	湖南	5	15340	3297	15	4
20200226	甘肃	2	75094	1603	86	17
20200226	福建	3	350	26	4	0
20200226	贵州	2	1749	43	4	1
20200226	辽宁	1	18551	288	29	1
20200226	重庆	3	9609	199	6	0
20200226	陕西	1	232	12	14	0
20200226	黑龙江	2	866	31	6	1
20200227	上海	2	12	0	0	0
20200227	云南	3	25856	473	13	0
20200227	北京	3	226890	1130	178	18
20200227	吉林	1	2	0	0	0
20200227	四川	5	14369	1559	85	27
20200227	天津	1	6627	116	16	2
20200227	安徽	6	3341	82	16	7
20200227	山东	6	36381	528	22	6
20200227	山西	4	9793	161	21	15
20200227	广东	10	2792	81	3	0
20200227	广西	2	20764	2450	130	5
20200227	新疆	3	57	2	0	0
20200227	江苏	5	2536	81	12	0
20200227	江西	4	4937	87	5	4
20200227	河北	8	7860	120	9	1
20200227	河南	10	11642	251	14	5
20200227	浙江	1	726	18	7	0
20200227	湖北	6	2668	205	18	0
20200227	湖南	5	1849	38	1	1
20200227	甘肃	2	1096	55	16	0
20200227	福建	3	2561	22	1	0
20200227	贵州	2	13885	327	15	14
20200227	辽宁	2	68	2	0	0
20200227	重庆	4	1553	105	7	1
20200227	陕西	2	318	3	0	0
20200227	黑龙江	1	13	1	0	0
20200228	上海	1	552	13	0	0
20200228	云南	6	8054	136	2	14
20200228	北京	4	193363	10040	297	17
20200228	四川	5	357	23	1	0
20200228	安徽	6	20270	333	37	16
20200228	山东	6	3028	65	5	4
20200228	山西	4	4949	155	17	3
20200228	广东	2	1443	18	3	0
20200228	广西	2	22152	437	14	1
20200228	江苏	4	537	22	7	0
20200228	江西	8	5507	238	24	1
20200228	河北	1	681	9	2	0
20200228	河南	11	50106	2402	342	15
20200228	浙江	3	21820	419	19	5
20200228	海南	1	6258	94	9	1
20200228	湖北	6	5195	206	22	7
20200228	湖南	5	568	10	0	4
20200228	甘肃	4	2006	121	3	0
20200228	福建	1	10	1	0	0
20200228	贵州	1	155	2	5	0
20200228	辽宁	2	810	7	1	0
20200228	重庆	2	2200	157	21	0
20200228	陕西	4	222	5	1	0
20200228	青海	1	1216	49	23	0
20200228	黑龙江	4	300	7	1	2
20200229	Madhyamanchal	1	481	7	4	0
20200229	上海	1	629	4	0	1
20200229	云南	4	176	4	3	5
20200229	内蒙古	3	135095	1585	59	4
20200229	北京	4	5264659	374795	16804	1546
20200229	吉林	3	76859	697	213	0
20200229	四川	1	2263	31	8	0
20200229	安徽	4	166357	3369	154	13
20200229	山东	13	572246	9510	650	85
20200229	山西	1	4	0	0	0
20200229	广东	6	33585	1270	70	6
20200229	广西	3	547110	5052	1398	9
20200229	新疆	3	34292	2242	16	1
20200229	江苏	6	11062	645	47	1
20200229	江西	2	377888	8598	534	17
20200229	河北	1	6488	38	2	1
20200229	河南	4	39116	2653	94	2
20200229	浙江	5	2061	169	23	3
20200229	海南	1	87	2	0	2
20200229	湖北	10	547913	12897	640	68
20200229	湖南	6	14837	1168	47	7
20200229	福建	4	469937	7672	301	30
20200229	贵州	2	1527	190	1	1
20200229	辽宁	6	872	54	6	0
20200229	重庆	3	1575	67	6	0
20200229	陕西	2	24466	1061	437	2
20200229	青海	2	23826	2823	21	1
20200229	黑龙江	2	2760	40	13	3
20200301	上海	3	456	20	2	0
20200301	云南	1	1243	15	0	0
20200301	北京	2	36990	2305	64	6
20200301	吉林	1	4	0	0	0
20200301	四川	1	727	26	11	0
20200301	安徽	5	5311	252	48	9
20200301	山东	2	121	1	0	0
20200301	山西	2	879	32	2	0
20200301	广东	6	4680	52	6	1
20200301	新疆	3	102718	2658	233	18
20200301	江苏	4	2491	132	18	0
20200301	江西	2	1236	16	0	0
20200301	河北	1	45	2	0	0
20200301	河南	7	135160	4345	126	36
20200301	海南	2	268	8	0	3
20200301	湖北	5	12023	409	34	1
20200301	湖南	1	1032	63	9	0
20200301	福建	1	640	31	3	0
20200301	辽宁	6	5091	110	10	0
20200301	重庆	1	1709	286	11	3
20200301	陕西	6	12638	536	59	1
20200301	黑龙江	3	13288	87	19	0
20200302	上海	1	21	0	0	0
20200302	云南	4	2633	89	7	0
20200302	北京	8	174179	986	73	28
20200302	吉林	3	227	17	1	0
20200302	四川	11	598	36	3	0
20200302	安徽	5	2096	70	1	0
20200302	山东	10	6460	189	28	18
20200302	山西	7	9764	169	9	0
20200302	广东	6	8908	97	11	4
20200302	广西	1	15	0	0	1
20200302	新疆	8	1056	51	4	1
20200302	江苏	8	2459	211	10	3
20200302	江西	3	3259	126	27	1
20200302	河北	3	322	11	3	0
20200302	河南	10	3202	131	3	3
20200302	浙江	5	306	9	1	0
20200302	海南	6	1151	17	1	1
20200302	湖北	1	261	8	0	0
20200302	湖南	2	844	41	7	4
20200302	福建	1	709	16	1	0
20200302	辽宁	5	2320	48	3	3
20200302	重庆	4	21470	473	29	10
20200302	陕西	4	661	18	5	1
20200302	青海	2	37180	237	11	1
20200303	上海	2	545	7	2	0
20200303	云南	1	1873	32	3	0
20200303	内蒙古	6	296796	9159	515	81
20200303	北京	4	1289	16	2	0
20200303	四川	5	14106	1064	211	2
20200303	天津	1	194	8	0	2
20200303	安徽	9	84278	2548	70	7
20200303	山东	5	569	64	17	0
20200303	山西	1	39321	1689	71	1
20200303	广东	3	191	7	2	0
20200303	广西	5	22699	325	25	4
20200303	新疆	6	1049	24	4	0
20200303	柔佛州	1	515	14	4	0
20200303	江苏	6	1526	37	1	2
20200303	江西	2	7051	97	15	0
20200303	河北	8	2420	116	43	0
20200303	河南	6	2879	71	13	0
20200303	浙江	5	4015	133	14	1
20200303	湖北	10	45542	1025	105	6
20200303	湖南	1	9	1	0	0
20200303	甘肃	1	63	9	0	1
20200303	福建	1	5	1	0	0
20200303	西藏	1	4437	141	11	3
20200303	辽宁	4	32926	636	76	4
20200303	重庆	2	6301	213	17	0
20200303	陕西	3	1773	76	13	1
20200303	黑龙江	1	7	0	0	9
20200304	上海	2	2578	42	5	1
20200304	云南	1	1979	56	3	3
20200304	内蒙古	2	3785	72	11	9
20200304	北京	5	205315	923	52	7
20200304	吉林	1	860	5	0	0
20200304	四川	8	73245	808	77	10
20200304	天津	2	12	1	0	0
20200304	安徽	4	14091	337	60	4
20200304	山东	14	34131	262	60	2
20200304	山西	1	5812	126	11	0
20200304	广东	5	522	8	1	0
20200304	广西	4	7667	49	3	0
20200304	新疆	3	344	34	1	0
20200304	江苏	5	1787	181	9	2
20200304	江西	4	2505	117	9	5
20200304	河北	3	96	3	0	0
20200304	河南	5	57746	1699	189	7
20200304	浙江	3	9133	146	27	1
20200304	湖北	5	5974	152	33	0
20200304	湖南	5	40316	1425	294	38
20200304	澳门	1	4319	92	20	0
20200304	甘肃	4	71674	380	21	10
20200304	福建	1	863	86	2	0
20200304	辽宁	1	534024	3253	89	8
20200304	陕西	2	35	4	0	0
20200304	黑龙江	2	734	38	1	0
20200305		1	267	11	0	0
20200305	Ōsaka-fu	1	1292	90	2	1
20200305	上海	4	1477	153	15	6
20200305	云南	7	46057	489	17	5
20200305	内蒙古	2	2657	42	8	0
20200305	北京	11	744295	10711	284	92
20200305	吉林	4	794	35	8	0
20200305	四川	4	25044	762	31	5
20200305	天津	1	18731	835	14	9
20200305	安徽	7	1484	131	14	5
20200305	山东	9	25806	329	40	1
20200305	山西	7	27168	911	55	8
20200305	广东	5	1234	35	4	1
20200305	广西	1	587	10	1	1
20200305	新疆	1	1141	33	15	0
20200305	江苏	5	3371	268	18	1
20200305	江西	5	1465	48	1	1
20200305	河北	23	324	42	1	1
20200305	河南	13	9000	384	109	7
20200305	浙江	6	12761	226	14	4
20200305	湖北	7	19096	231	28	3
20200305	湖南	2	43158	249	148	3
20200305	福建	4	245	9	0	1
20200305	贵州	4	810	40	5	4
20200305	辽宁	4	926	47	15	1
20200305	重庆	1	33	1	1	0
20200305	陕西	6	15920	209	9	3
20200305	黑龙江	6	388	14	5	0
20200306	上海	1	2	0	0	0
20200306	云南	1	498	7	0	0
20200306	内蒙古	5	8388	437	2	2
20200306	北京	4	215333	4087	76	12
20200306	吉林	3	686	11	0	1
20200306	四川	5	2032	64	4	2
20200306	天津	1	2319	54	10	2
20200306	宁夏	1	1318	16	8	0
20200306	安徽	7	4199	111	12	0
20200306	山东	6	2757	45	14	0
20200306	山西	2	361	14	1	0
20200306	广东	6	1672	59	4	6
20200306	广西	3	46	4	0	0
20200306	新疆	2	204	8	2	0
20200306	江苏	7	4967	129	20	1
20200306	江西	8	4101	60	6	2
20200306	河北	8	6706	139	22	6
20200306	河南	9	1785	100	10	0
20200306	浙江	3	2310	272	36	3
20200306	湖北	9	41721	901	169	13
20200306	湖南	3	2097	42	2	0
20200306	福建	3	3766	147	28	0
20200306	贵州	1	93	6	0	0
20200306	辽宁	1	0	0	0	0
20200306	重庆	1	653	18	4	0
20200306	陕西	3	4314	568	20	5
20200306	青海	1	40933	2511	149	51
20200306	黑龙江	2	22333	501	55	12
20200307	云南	2	906	39	0	0
20200307	北京	1	13397	149	30	5
20200307	四川	5	150254	4099	154	21
20200307	天津	1	13	0	0	3
20200307	安徽	1	2830	70	8	0
20200307	山东	6	1378	55	3	0
20200307	山西	1	2887	46	0	1
20200307	广东	5	25289	1129	96	0
20200307	广西	2	18774	57	23	6
20200307	新疆	5	1198	41	6	1
20200307	江苏	2	315	20	5	0
20200307	江西	2	1467	32	0	1
20200307	河北	4	83	4	0	1
20200307	河南	5	6115	152	12	4
20200307	浙江	2	514	50	3	2
20200307	湖北	7	3374	111	12	7
20200307	湖南	2	131705	760	109	13
20200307	福建	1	661	37	3	7
20200307	贵州	1	5608	38	1	1
20200307	辽宁	1	322074	17778	1265	53
20200307	重庆	1	4	0	0	0
20200307	陕西	1	2780	86	11	0
20200307	黑龙江	1	679	65	2	0
20200308	上海	1	16	0	0	0
20200308	云南	3	6612	215	24	0
20200308	北京	3	1379522	26395	1432	112
20200308	吉林	2	51	4	0	0
20200308	四川	1	52	3	0	0
20200308	安徽	2	284	7	0	0
20200308	山东	3	14359	206	14	1
20200308	广东	3	42546	542	43	1
20200308	广西	2	52	0	0	0
20200308	新疆	3	1492	40	7	0
20200308	江苏	8	221342	3940	128	23
20200308	江西	1	5	0	0	0
20200308	河北	2	425	7	0	0
20200308	河南	3	8936	282	42	0
20200308	浙江	2	1195	38	3	0
20200308	湖北	7	15861474	923306	24770	970
20200308	甘肃	2	4	0	0	1
20200308	福建	2	8084	193	11	1
20200308	贵州	1	12	3	0	0
20200308	辽宁	4	94	9	0	2
20200308	重庆	1	1059	62	14	0
20200308	陕西	2	2912	177	24	0
20200308	黑龙江	1	18	0	0	0
20200309	云南	2	26	3	0	0
20200309	内蒙古	3	505	47	0	2
20200309	北京	4	238231	4577	937	29
20200309	吉林	1	1005	24	2	0
20200309	四川	4	4392	163	27	1
20200309	天津	1	18554	1110	29	1
20200309	安徽	4	16925	296	6	20
20200309	山东	8	543573	19071	1046	147
20200309	广东	6	45	6	0	0
20200309	广西	1	1817	40	4	0
20200309	新疆	1	2219	65	7	7
20200309	江苏	7	3380	67	12	14
20200309	江西	2	935	58	0	0
20200309	河北	7	8450	145	12	5
20200309	河南	7	518	50	10	0
20200309	浙江	3	404	9	0	0
20200309	海南	1	1190	93	0	0
20200309	湖北	9	4748	191	33	0
20200309	湖南	2	16535	2404	49	1
20200309	甘肃	1	309932	937	7	16
20200309	福建	1	785	25	4	2
20200309	贵州	2	10913	113	15	13
20200309	辽宁	3	32687	257	21	1
20200309	陕西	4	3699	74	5	0
20200309	黑龙江	4	4206	118	10	0
20200310	北京	3	2930205	90069	56569	265
20200310	吉林	1	25	4	0	0
20200310	天津	1	22	1	0	0
20200310	宁夏	1	32769	668	36	18
20200310	安徽	2	4807	478	99	1
20200310	山东	4	1147	53	12	1
20200310	山西	1	89	1	0	0
20200310	广东	3	286155	17682	812	48
20200310	广西	1	1748	22	3	0
20200310	新疆	1	538	23	2	0
20200310	江苏	4	939	34	5	0
20200310	江西	2	1038	10	4	0
20200310	河北	4	715	18	5	0
20200310	河南	2	1760	73	8	1
20200310	浙江	2	42	2	0	0
20200310	湖北	9	7247	146	10	0
20200310	湖南	7	7522	60	15	1
20200310	福建	1	24	4	0	0
20200310	贵州	2	5307	211	26	4
20200310	陕西	2	6227	67	5	0
20200311	Muḩāfaz̧at Baghdād	1	93	3	2	0
20200311	云南	1	17	1	0	0
20200311	内蒙古	3	26453	147	11	2
20200311	北京	4	1231222	26007	5133	323
20200311	吉林	1	257	14	1	5
20200311	四川	7	21373	676	75	3
20200311	天津	2	2754	88	34	0
20200311	宁夏	1	517	5	0	0
20200311	安徽	7	7414	210	43	2
20200311	山东	10	17772417	531800	140791	9311
20200311	山西	4	1067169	11520	3298	111
20200311	广东	8	2158	114	21	1
20200311	广西	2	64	1	0	0
20200311	江苏	6	25523	1390	93	8
20200311	江西	3	224348	1805	237	16
20200311	河北	7	515385	8823	573	26
20200311	河南	12	72622	1500	178	15
20200311	浙江	3	148	14	1	0
20200311	湖北	5	5889	68	32	3
20200311	湖南	6	105349	1189	116	12
20200311	福建	2	79502	768	91	9
20200311	贵州	3	298116	5375	715	31
20200311	辽宁	7	23671	498	51	5
20200311	重庆	1	97	6	1	0
20200311	陕西	2	25187	965	128	6
20200311	黑龙江	4	2816	53	5	1
20200312	Muḩāfaz̧at Baghdād	1	5	1	0	0
20200312	上海	3	15	3	1	0
20200312	云南	1	4	0	0	0
20200312	内蒙古	1	5	0	0	0
20200312	北京	4	393723	5939	389	121
20200312	吉林	2	45	5	0	0
20200312	四川	2	25343	907	57	6
20200312	天津	1	193	6	0	0
20200312	安徽	4	1840	101	10	10
20200312	山东	5	12	3	0	0
20200312	广东	4	242	17	2	3
20200312	新疆	3	710	62	4	2
20200312	江苏	8	4669	164	18	0
20200312	江西	2	71248	413	23	6
20200312	河北	8	5390	171	9	0
20200312	河南	10	501485	10849	719	120
20200312	浙江	2	696	22	1	1
20200312	湖北	6	637	13	1	0
20200312	湖南	4	1156	35	1	0
20200312	甘肃	3	270	5	0	0
20200312	福建	1	3	0	0	0
20200312	西藏	3	577	96	15	3
20200312	贵州	1	1	0	0	0
20200312	辽宁	3	786	24	11	0
20200312	重庆	1	1	0	0	0
20200312	陕西	3	57300	1408	37	14
20200312	黑龙江	2	60	1	0	2
20200313		1	600	115	5	0
20200313	Muḩāfaz̧at Baghdād	1	1	0	0	0
20200313	上海	2	3	1	0	0
20200313	云南	2	9	0	0	0
20200313	内蒙古	2	2154	83	4	4
20200313	北京	3	178577	529	27	5
20200313	吉林	1	0	0	0	0
20200313	四川	1	11	1	0	0
20200313	安徽	6	82503	680	45	11
20200313	山东	5	1571	56	9	1
20200313	广东	3	16635	578	34	2
20200313	广西	4	3534	55	14	0
20200313	托斯卡纳	1	8	1	0	0
20200313	江苏	9	2676	53	13	1
20200313	江西	4	193	30	2	0
20200313	河北	7	307	16	1	1
20200313	河南	4	11518	180	10	6
20200313	浙江	2	2433	61	2	0
20200313	湖北	4	259	12	2	0
20200313	湖南	1	11275	77	7	3
20200313	甘肃	1	1	0	0	0
20200313	贵州	2	454	55	4	0
20200313	辽宁	1	408	8	0	0
20200313	陕西	2	885	63	0	0
20200313	黑龙江	1	0	0	0	0
