20200109	云南	1	31857	595	372	3
20200121	内蒙古	3	614	10	0	0
20200121	安徽	1	4	0	0	0
20200121	浙江	1	2096	32	2	0
20200121	湖北	1	4499	182	12	0
20200121	福建	1	21	2	0	0
20200121	重庆	1	51210	440	173	0
20200122	四川	2	2537	22	5	0
20200122	山东	2	13749	136	37	0
20200122	江苏	1	11	1	0	0
20200122	江西	2	9994	49	5	1
20200122	河北	5	121	5	1	1
20200122	河南	2	32936	365	56	5
20200122	浙江	1	127107	4525	867	13
20200122	湖北	4	77	4	0	1
20200122	湖南	1	5	1	0	0
20200122	福建	2	37	9	2	0
20200123	云南	2	13728	303	23	1
20200123	四川	1	5	0	0	0
20200123	安徽	2	1233	52	13	0
20200123	山东	3	58355	270	33	8
20200123	广东	1	5659	67	6	2
20200123	新疆	1	9097	457	40	1
20200123	江苏	2	42011	2762	53	7
20200123	江西	4	57808	346	27	1
20200123	河北	2	3508	12	1	0
20200123	河南	8	84797	1575	399	8
20200123	浙江	1	18053	2166	64	2
20200123	湖北	22	139335	4624	736	74
20200123	湖南	1	39	2	1	0
20200123	辽宁	3	761	41	6	0
20200123	重庆	1	16325	1368	163	5
20200124	上海	1	44	5	1	0
20200124	云南	1	1223	42	7	0
20200124	内蒙古	2	4076	50	2	0
20200124	北京	1	25485	75	1	0
20200124	四川	4	2274	17	0	1
20200124	宁夏	3	689	14	6	0
20200124	安徽	8	503175	27155	2860	37
20200124	山东	8	53447	1072	124	2
20200124	山西	4	8841	149	19	0
20200124	广东	1	66	2	2	0
20200124	广西	2	332	8	1	0
20200124	新疆	1	71	0	0	0
20200124	河北	2	3424	20	0	0
20200124	河南	6	68615	647	93	3
20200124	浙江	2	585047	15876	2604	47
20200124	湖北	35	643868	29706	2292	39
20200124	湖南	2	16132	122	30	6
20200124	贵州	3	17651	261	15	1
20200124	辽宁	1	167669	524	64	2
20200124	重庆	3	80836	2551	150	6
20200124	陕西	2	36687	254	39	0
20200124	黑龙江	1	1697	5	2	0
20200125	上海	3	2638	97	22	0
20200125	内蒙古	6	98517	3449	461	19
20200125	北京	3	31803	307	38	0
20200125	吉林	2	1021	19	7	0
20200125	四川	3	490473	13688	6140	168
20200125	天津	5	2712	107	12	0
20200125	宁夏	2	20939	300	66	0
20200125	安徽	15	761041	20455	580	10
20200125	山东	23	49448	1013	314	0
20200125	山西	9	86792	1377	117	1
20200125	广东	14	202547	2840	259	214
20200125	广西	4	1236	96	23	0
20200125	新疆	1	99	3	1	0
20200125	江苏	10	70679	2328	189	4
20200125	江西	8	2502	54	5	2
20200125	河北	22	75797	1283	436	4
20200125	河南	32	255114	5408	585	10
20200125	浙江	5	13173	63	11	0
20200125	海南	1	29607	51	10	0
20200125	湖北	38	164350	6519	653	24
20200125	湖南	13	120759	2952	350	4
20200125	甘肃	2	1180	78	14	0
20200125	福建	3	2246	121	4	0
20200125	贵州	3	9196	85	19	0
20200125	辽宁	8	9731	171	15	2
20200125	重庆	4	1218	51	18	1
20200125	陕西	8	101609	1106	96	68
20200125	黑龙江	8	113698	7555	1968	16
20200126	Changwat Phetchaburi	1	81	4	0	0
20200126	上海	7	9518	63	7	0
20200126	云南	12	16942	160	32	1
20200126	内蒙古	18	4302	125	46	1
20200126	北京	19	5047520	22347	3971	1685
20200126	吉林	16	27083	295	86	4
20200126	四川	35	77794369	1486757	72612	188987
20200126	天津	9	28390	1700	84	3
20200126	宁夏	1	0	0	0	0
20200126	安徽	35	300850	2613	258	101
20200126	山东	113	11164377	481740	45575	53663
20200126	山西	30	1384218	9381	387	4277
20200126	广东	32	1734984	20169	1059	826
20200126	广西	8	3209494	13803	430	1728
20200126	新疆	7	87506	3180	463	2
20200126	江苏	81	513948	7139	855	60
20200126	江西	10	60926	487	68	28
20200126	河北	61	3141596	28936	1205	2123
20200126	河南	68	1763193	23649	1480	324
20200126	浙江	22	46573	295	53	5
20200126	海南	4	45064	910	93	7
20200126	湖北	34	853204	9697	393	53
20200126	湖南	24	261426	801	42	4
20200126	甘肃	13	23981	511	137	5
20200126	福建	15	255338	25898	2502	192
20200126	西藏	1	898	39	20	0
20200126	贵州	13	25541	763	142	2
20200126	辽宁	27	97806	1407	282	7
20200126	重庆	16	19840	218	33	0
20200126	陕西	22	137153	4489	326	10
20200126	青海	2	39529	206	126	1
20200126	黑龙江	29	116338	2277	236	11
20200127	Bangkok	1	245	0	0	0
20200127	Changwat Surat Thani	2	2220	81	20	1
20200127	上海	5	1857	33	0	1
20200127	云南	7	3411	38	4	0
20200127	内蒙古	11	11607	100	27	0
20200127	北京	18	12306	165	49	2
20200127	吉林	11	90901	1275	143	5
20200127	四川	59	1738344	26913	5652	2564
20200127	天津	12	20562	213	55	4
20200127	宁夏	1	32088	163	32	7
20200127	安徽	44	134774	4391	702	203
20200127	山东	114	2453129	45569	3270	3056
20200127	山西	26	39870	531	113	34
20200127	广东	33	162774	1934	435	80
20200127	广西	14	157709	1423	183	182
20200127	新疆	1	47	3	0	0
20200127	江苏	144	12459610	81145	2994	3699
20200127	江西	23	176130	1747	237	104
20200127	河北	72	1508045	17477	1164	111
20200127	河南	130	509476	5605	605	116
20200127	浙江	59	657410	11005	1755	403
20200127	海南	3	3017	266	7	0
20200127	湖北	33	1067359	9317	987	962
20200127	湖南	25	16548	814	116	4
20200127	甘肃	11	77084	776	69	4
20200127	福建	28	368163	3429	1550	78
20200127	贵州	17	117463	795	301	29
20200127	辽宁	20	179025	1136	137	21
20200127	重庆	19	153517	1088	144	8
20200127	陕西	31	190814	5665	304	12
20200127	青海	4	3829	41	4	2
20200127	黑龙江	14	11528	186	45	1
20200128	Changwat Samut Prakan	1	258	2	0	0
20200128	Massachusetts	1	552	6	2	0
20200128	上海	1	461	1	0	0
20200128	云南	17	8299	134	35	1
20200128	内蒙古	11	2245163	22176	1222	1511
20200128	北京	9	35984	341	36	16
20200128	吉林	11	18701	408	82	0
20200128	四川	54	2320609	92560	2181	213
20200128	天津	6	2788	43	7	0
20200128	宁夏	8	3980	101	18	0
20200128	安徽	48	152810	2051	303	38
20200128	山东	89	2001759	18598	2600	619
20200128	山西	16	81884	592	69	11
20200128	广东	50	622291	14597	1218	1012
20200128	广西	25	201944	1607	159	72
20200128	新疆	7	26011	322	129	6
20200128	江苏	116	539996	18170	1573	1267
20200128	江西	33	51128	1336	159	14
20200128	河北	81	595279	9280	1118	129
20200128	河南	103	1151366	27667	1367	104
20200128	浙江	52	1348450	10447	931	290
20200128	海南	3	343	11	1	0
20200128	湖北	39	250010	799	87	40
20200128	湖南	32	85488	1215	294	79
20200128	甘肃	18	46847	556	104	9
20200128	福建	21	47497	831	215	104
20200128	西藏	2	2944	49	5	0
20200128	贵州	21	29747	534	142	2
20200128	辽宁	19	19748	410	112	4
20200128	重庆	28	69539	1399	196	31
20200128	陕西	23	51053	870	200	3
20200128	青海	1	853	10	0	0
20200128	香港	1	1	0	0	0
20200128	黑龙江	14	5120	208	11	2
20200129		51	136529	457	4	20
20200129	Changwat Samut Prakan	1	1103	5	0	0
20200129	上海	4	1566	60	1	0
20200129	云南	11	7251	200	29	9
20200129	内蒙古	14	10820	487	92	1
20200129	北京	7	150205	3902	154	0
20200129	吉林	7	14005	107	45	0
20200129	四川	46	417178	5236	480	57
20200129	天津	8	18340	180	11	1
20200129	宁夏	2	135	5	0	0
20200129	安徽	51	1251300	15228	2041	1214
20200129	山东	112	652843	5383	1409	33
20200129	山西	22	57428	782	235	4
20200129	广东	47	1236319	15922	3741	403
20200129	广西	15	47775	697	104	27
20200129	新疆	4	13134	309	13	2
20200129	江苏	78	330931	3043	352	35
20200129	江西	64	128066	2174	409	138
20200129	河北	53	66995	1106	390	48
20200129	河南	89	381874	4405	759	167
20200129	浙江	36	940771	14498	8160	587
20200129	海南	2	130	4	0	0
20200129	湖北	30	593877	4236	490	181
20200129	湖南	41	246866	2256	226	20
20200129	甘肃	16	102015	704	261	1
20200129	福建	26	36697	1068	158	4
20200129	西藏	2	9456	119	34	0
20200129	贵州	19	19791	587	85	1
20200129	辽宁	10	6497	247	105	0
20200129	重庆	33	137942	1496	195	62
20200129	陕西	63	239749	3920	366	193
20200129	青海	3	620	24	10	0
20200129	黑龙江	8	4181	80	21	4
20200130		6	148576	188	4	6
20200130	上海	3	2650	86	3	7
20200130	云南	15	7653	420	57	2
20200130	内蒙古	12	141496	20292	1586	13
20200130	北京	8	1990	96	4	2
20200130	吉林	9	2952	37	10	0
20200130	四川	54	91240	1591	254	21
20200130	天津	9	9822	145	46	2
20200130	宁夏	3	814	12	0	0
20200130	安徽	78	2690298	172164	3691	2693
20200130	山东	147	10625640	60714	4858	6419
20200130	山西	23	920728	12461	859	1582
20200130	广东	32	105648	3471	1076	187
20200130	广西	12	35368	396	62	16
20200130	新疆	5	21719	487	80	3
20200130	江苏	72	416306	17123	1321	312
20200130	江西	39	396264	1514	217	24
20200130	河北	58	89637	1046	188	3
20200130	河南	115	242034	5284	604	35
20200130	浙江	27	22638	323	96	21
20200130	海南	7	5184	334	59	2
20200130	湖北	37	201495	4004	493	191
20200130	湖南	28	78722	3630	293	81
20200130	甘肃	15	2742868	42544	1740	5199
20200130	福建	24	197029	2413	184	252
20200130	西藏	1	307	1	0	0
20200130	贵州	13	5034	190	54	1
20200130	辽宁	15	8905	290	70	2
20200130	重庆	28	48366	816	82	17
20200130	陕西	32	29222	891	164	32
20200130	青海	1	12	0	0	0
20200130	黑龙江	8	3051	78	20	0
20200131		250	63668133	287649	8213	23600
20200131	Occitanie	1	54	0	0	0
20200131	上海	4	1420	254	51	0
20200131	云南	13	17416	393	70	1
20200131	内蒙古	8	36762	884	65	4
20200131	北京	8	966553	11618	394	109
20200131	吉林	6	42973	294	14	3
20200131	四川	65	95750	2333	353	31
20200131	天津	9	1983	56	36	0
20200131	宁夏	8	1294	52	24	0
20200131	安徽	66	187291	10074	999	106
20200131	山东	131	1209270	8737	977	871
20200131	山西	32	412891	2513	637	12
20200131	广东	47	459175	15240	705	580
20200131	广西	17	28927	614	163	15
20200131	新疆	5	1829	53	30	1
20200131	江苏	85	267801	3994	545	121
20200131	江西	54	388356	11714	4240	109
20200131	河北	50	496504	6074	503	849
20200131	河南	151	525981	5675	617	254
20200131	浙江	38	66521	1444	671	29
20200131	海南	7	13354	166	17	22
20200131	湖北	46	29223	825	123	8
20200131	湖南	25	878464	47802	8289	2168
20200131	甘肃	42	411247	4116	565	83
20200131	福建	30	88325	1519	668	123
20200131	西藏	3	14282	111	44	4
20200131	贵州	19	18002	454	121	9
20200131	辽宁	14	120914	2277	177	16
20200131	重庆	25	19117	1183	226	0
20200131	陕西	28	28308	669	125	7
20200131	黑龙江	8	11542	167	24	3
20200201		314	28748518	80211	3105	5723
20200201	Canterbury	1	37	4	0	0
20200201	Occitanie	1	232	4	1	0
20200201	上海	3	1413	22	6	0
20200201	云南	16	19169	1323	374	3
20200201	内蒙古	8	3244	69	13	1
20200201	北京	12	12157	166	32	18
20200201	吉林	12	5748	153	14	4
20200201	四川	58	46910	1125	297	5
20200201	天津	10	4670	171	36	0
20200201	宁夏	5	337	14	6	0
20200201	安徽	62	275180	7375	1096	61
20200201	山东	139	6039806	46485	8501	4475
20200201	山西	45	285663	10979	859	32
20200201	广东	54	365583	7750	955	656
20200201	广西	40	1804091	24875	2159	1819
20200201	新疆	3	5485	210	35	5
20200201	江苏	100	124211	2600	397	127
20200201	江西	69	68386	3427	1065	12
20200201	河北	44	200923	3994	973	195
20200201	河南	183	2261235	47306	4037	992
20200201	浙江	48	38887	1103	209	14
20200201	海南	14	34547	1521	88	5
20200201	湖北	47	93935	1755	259	10
20200201	湖南	73	66245	1494	320	24
20200201	甘肃	24	3549206	17860	864	587
20200201	福建	32	59387	1699	633	14
20200201	西藏	2	2340	33	12	0
20200201	贵州	38	56328	1347	103	20
20200201	辽宁	9	6729	84	9	5
20200201	重庆	26	86928	940	141	4
20200201	陕西	24	117661	2355	66	132
20200201	青海	1	395	13	9	0
20200201	首尔特别市	1	989	18	0	0
20200201	香港	2	13	1	0	0
20200201	黑龙江	11	157141	5209	764	143
20200202		707	32776535	135581	5450	5468
20200202	Central Macedonia	1	99	3	0	0
20200202	State of South Australia	1	7	0	0	0
20200202	上海	5	3778	49	9	1
20200202	云南	14	3860	119	51	0
20200202	京畿道	1	83	5	4	0
20200202	内蒙古	17	7465	153	49	1
20200202	北京	12	6040	235	33	3
20200202	台湾	1	170	10	2	0
20200202	吉林	9	2454	109	24	1
20200202	四川	63	89998	2527	297	239
20200202	天津	5	26704	326	21	1
20200202	宁夏	6	2244	16	2	0
20200202	安徽	75	42562	1703	408	6
20200202	山东	111	23560341	630725	21361	8930
20200202	山西	31	32936	471	96	46
20200202	广东	40	82513	1006	125	105
20200202	广西	42	767895	4462	1004	331
20200202	新疆	4	1175	24	16	2
20200202	江苏	77	633782	6823	1724	25
20200202	江西	44	116712	1085	178	50
20200202	河北	82	668364	7263	593	1339
20200202	河南	204	295124	7852	923	384
20200202	浙江	31	39454	1802	363	5
20200202	海南	13	5606	813	63	5
20200202	湖北	48	125846	2624	420	64
20200202	湖南	73	1788648	14734	817	426
20200202	甘肃	13	919160	2887	176	68
20200202	福建	38	150010	2049	191	28
20200202	贵州	24	23526	340	61	2
20200202	辽宁	10	4424	121	15	0
20200202	重庆	25	237829	3048	280	77
20200202	陕西	22	72525	1209	614	60
20200202	黑龙江	13	750913	2715	212	84
20200203		3043	32442633	131333	4997	5636
20200203	Changwat Samut Prakan	1	662	14	2	0
20200203	上海	5	8619	230	50	4
20200203	云南	22	88867	1852	336	3
20200203	内蒙古	6	2434	41	35	5
20200203	北京	11	9138	97	17	0
20200203	吉林	6	17795	91	22	0
20200203	四川	48	30633	738	252	9
20200203	天津	12	6582	87	17	0
20200203	宁夏	3	4579	96	26	0
20200203	安徽	94	109307	4104	703	141
20200203	山东	107	366065	13768	825	86
20200203	山西	22	9769	252	67	0
20200203	广东	41	805874	36859	3667	615
20200203	广西	45	1887980	5760	729	56
20200203	新疆	5	2762	130	11	1
20200203	江苏	110	786189	12211	917	150
20200203	江西	40	47294	896	123	7
20200203	河北	65	202705	3077	378	433
20200203	河南	163	287072	5263	692	134
20200203	浙江	35	144963	12863	804	26
20200203	海南	14	846816	13300	999	45
20200203	湖北	43	383545	2311	598	82
20200203	湖南	63	96320	1816	659	13
20200203	甘肃	12	120780	922	144	19
20200203	福建	39	142649	1808	124	10
20200203	西藏	1	342	8	14	0
20200203	贵州	21	11380	423	55	4
20200203	辽宁	9	4082	87	31	0
20200203	重庆	27	18221	593	165	9
20200203	陕西	26	24554	375	73	2
20200203	青海	4	1966	43	12	1
20200203	黑龙江	6	745	21	7	0
20200204		2198	32885229	190161	7151	5451
20200204	上海	8	7064	233	52	11
20200204	云南	15	11491	338	73	0
20200204	内蒙古	10	137231	849	145	382
20200204	北京	16	10098	318	93	1
20200204	吉林	8	4919	100	40	1
20200204	四川	81	105772	2032	264	69
20200204	天津	11	7105	172	52	1
20200204	宁夏	4	276	6	0	0
20200204	安徽	65	145177	6532	780	227
20200204	山东	109	881996	37244	1987	86
20200204	山西	33	30710	505	83	6
20200204	广东	57	1652339	7215	937	275
20200204	广西	42	2877313	39686	1578	1385
20200204	新疆	6	7443	122	28	0
20200204	江苏	110	144245	2013	498	23
20200204	江西	49	38614	951	194	7
20200204	河北	54	68464	1369	283	48
20200204	河南	172	1000032	10848	1116	335
20200204	浙江	43	29937	969	110	33
20200204	海南	9	15412	305	36	3
20200204	湖北	53	35333	1287	265	8
20200204	湖南	59	103759	4946	298	176
20200204	甘肃	6	18362	168	48	0
20200204	福建	31	23086	515	118	14
20200204	贵州	16	12670	252	38	1
20200204	辽宁	12	3071	79	28	0
20200204	重庆	20	18572	219	62	0
20200204	陕西	27	13797	326	56	8
20200204	青海	3	1262	37	12	0
20200204	黑龙江	11	16057	155	52	6
20200205		4111	77847508	298892	9308	13337
20200205	上海	27	79385	537	71	366
20200205	云南	26	42722	779	232	5
20200205	京畿道	2	202	15	5	0
20200205	内蒙古	9	7563	207	33	1
20200205	北京	13	1957	67	7	1
20200205	吉林	6	1924	36	6	0
20200205	四川	61	643476	5539	1391	169
20200205	天津	8	2640	201	50	0
20200205	宁夏	3	147	1	0	0
20200205	安徽	76	293922	3466	654	42
20200205	山东	118	67765	2053	388	42
20200205	山西	32	27417	426	104	9
20200205	广东	62	225834	3812	518	151
20200205	广西	39	18285	472	142	2
20200205	新疆	8	5951	146	20	7
20200205	江苏	156	289628	4229	631	32
20200205	江西	36	15868	390	79	5
20200205	河北	96	10033799	703741	11630	3028
20200205	河南	151	95360	3092	425	22
20200205	浙江	43	67757	1097	195	62
20200205	海南	4	3028	314	67	2
20200205	湖北	43	39774	1729	150	7
20200205	湖南	63	158607	4163	184	1436
20200205	甘肃	11	34104	278	84	2
20200205	福建	36	416841	3887	407	465
20200205	贵州	14	49667	1083	176	15
20200205	辽宁	21	5783	211	54	6
20200205	重庆	30	13007	418	56	2
20200205	陕西	41	3260969	30438	1621	13745
20200205	青海	2	940	13	4	0
20200205	香港	1	588	9	2	2
20200205	黑龙江	5	2078	89	37	2
20200206		6073	146975778	637130	15717	15762
20200206	Muḩāfaz̧at al Jīzah	1	5530	298	5	0
20200206	上海	15	45103	482	48	19
20200206	云南	13	11237	452	112	1
20200206	内蒙古	7	18876	102	30	3
20200206	北京	11	6065	167	40	0
20200206	吉林	10	151406	482	21	26
20200206	四川	75	154826	1909	343	24
20200206	天津	8	5602	134	33	7
20200206	宁夏	7	3764	51	18	4
20200206	安徽	74	169714	2279	407	11
20200206	山东	135	630257	6966	1017	151
20200206	山西	41	98905	1579	212	60
20200206	广东	56	86617	1341	253	29
20200206	广西	31	9212	350	69	3
20200206	新疆	3	2731	24	4	0
20200206	江苏	481	23471127	377727	37487	24442
20200206	江西	57	42823	798	190	13
20200206	河北	106	1595793	14058	2165	1309
20200206	河南	138	200990	6559	617	41
20200206	浙江	92	307444	4170	469	123
20200206	海南	4	492	30	3	0
20200206	湖北	38	31364	1198	246	3
20200206	湖南	62	502510	3127	204	56
20200206	澳门	2	62	2	0	1
20200206	甘肃	14	16318	272	47	4
20200206	福建	32	69456	840	168	61
20200206	西藏	1	676	17	6	0
20200206	贵州	34	28545	641	104	1
20200206	辽宁	18	28716	175	92	1
20200206	重庆	66	94373	1100	331	4
20200206	陕西	43	42049	1051	148	25
20200206	青海	1	553	2	1	0
20200206	黑龙江	11	102162	4589	851	14
20200207		6006	55580370	211758	5383	4499
20200207	Budapest	1	708	16	18	0
20200207	Gyeongsangbuk-do	1	15	0	0	0
20200207	上海	12	4966	234	47	0
20200207	云南	19	29452	633	68	6
20200207	内蒙古	11	13901	268	50	2
20200207	北京	8	1137	63	26	2
20200207	华盛顿州	1	3	0	0	0
20200207	吉林	11	1332	91	9	6
20200207	四川	83	182371	5516	537	121
20200207	天津	9	3709	79	38	0
20200207	宁夏	3	4513	41	16	0
20200207	安徽	98	834306	6674	1154	352
20200207	山东	108	960974	10449	4811	464
20200207	山西	41	122798	909	153	118
20200207	广东	85	226072	10233	1188	68
20200207	广西	41	36051	450	110	10
20200207	新疆	7	3654	67	23	1
20200207	江苏	212	7596432	479125	62583	4475
20200207	江西	79	125251	3248	386	37
20200207	河北	87	112625	3574	1007	21
20200207	河南	120	158828	3591	587	103
20200207	浙江	39	699652	55438	3920	1371
20200207	海南	5	678	13	10	0
20200207	湖北	39	462109	1423	205	40
20200207	湖南	62	28719	682	101	8
20200207	甘肃	12	7717	111	50	0
20200207	福建	36	100514	11075	1180	15
20200207	西藏	8	469	31	9	0
20200207	贵州	24	13719	794	85	3
20200207	辽宁	17	57709	1811	142	7
20200207	重庆	61	53024	1221	198	10
20200207	陕西	38	24989	773	120	7
20200207	青海	1	70	2	0	0
20200207	黑龙江	8	6089	208	39	1
20200208		5500	65796274	292989	6378	4185
20200208	State of Victoria	1	182	2	0	1
20200208	Tỉnh Bến Tre	2	37	2	0	0
20200208	上海	10	650718	9050	841	324
20200208	云南	21	181940	1612	441	139
20200208	内蒙古	13	7215	189	42	1
20200208	北京	10	351876	10029	2540	457
20200208	吉林	7	1300	37	15	0
20200208	四川	77	140702	4966	567	48
20200208	天津	10	1754805	5993	473	322
20200208	宁夏	1	227	2	0	0
20200208	安徽	178	3164828	23817	2095	739
20200208	山东	107	1435521	9530	906	282
20200208	山西	35	190358	2757	743	60
20200208	广东	108	160218	4102	624	74
20200208	广西	44	59599	4596	848	35
20200208	新疆	4	49381	734	43	9
20200208	江苏	170	1291699	79078	7367	967
20200208	江西	100	173381	2271	392	93
20200208	河北	89	160343	2280	312	57
20200208	河南	134	478434	3421	423	68
20200208	浙江	43	28170	789	143	3
20200208	海南	5	2284	89	7	5
20200208	湖北	36	51176	2117	393	51
20200208	湖南	58	23433	604	208	8
20200208	甘肃	10	7273	231	38	2
20200208	福建	36	2679637	116296	5051	952
20200208	西藏	3	4974	42	14	0
20200208	贵州	32	371027	9301	879	41
20200208	辽宁	12	9880	268	90	1
20200208	重庆	40	32199	962	117	5
20200208	陕西	45	5145290	39546	4506	3329
20200208	青海	1	7568	140	26	0
20200208	黑龙江	14	10225	77	21	0
20200209		4457	7708674	29603	852	757
20200209	上海	26	44567	1146	104	223
20200209	云南	18	3770	173	21	0
20200209	内蒙古	22	3038778	72758	6384	1380
20200209	北京	26	40298	1234	248	23
20200209	吉林	13	32288	177	28	9
20200209	四川	109	168987	2977	500	62
20200209	天津	13	16314	220	66	11
20200209	宁夏	6	30550	300	64	3
20200209	安徽	147	597103	12902	1780	53
20200209	山东	380	11911193	61379	4694	6523
20200209	山西	77	1064781	15948	2302	580
20200209	广东	128	329322	10803	1037	134
20200209	广西	61	110277	3388	480	17
20200209	新疆	6	3683	72	27	0
20200209	江苏	155	233456	4365	729	27
20200209	江西	140	317706	3164	769	38
20200209	河北	223	4567639	22374	2195	1766
20200209	河南	256	1343750	30888	4398	789
20200209	浙江	63	44808	1552	266	31
20200209	海南	7	8421	104	41	2
20200209	湖北	64	98443	2223	582	14
20200209	湖南	76	1613900	77060	1428	73
20200209	甘肃	14	109014	742	240	11
20200209	福建	54	545884	2816	257	135
20200209	西藏	4	3997	84	13	0
20200209	贵州	27	35117	613	234	3
20200209	辽宁	21	7546	185	34	1
20200209	重庆	38	62065	1346	274	361
20200209	陕西	61	65780	1638	237	18
20200209	青海	2	11571	69	3	3
20200209	香港	1	30	2	0	0
20200209	黑龙江	15	10730	126	47	0
20200210		2603	31968500	121306	3575	2615
20200210	Catalunya	2	258239	16125	537	17
20200210	Horad Minsk	1	1517	51	2	0
20200210	上海	23	14324	407	102	8
20200210	云南	42	35230	620	106	14
20200210	内蒙古	16	1039779	7704	806	75
20200210	北京	17	9097	191	61	6
20200210	台湾	1	0	0	0	0
20200210	吉林	10	3636	191	44	1
20200210	四川	134	317067	5193	721	216
20200210	天津	28	88163	2499	210	22
20200210	宁夏	2	652	26	3	0
20200210	安徽	149	182586	4435	658	52
20200210	山东	343	488014	8267	1668	142
20200210	山西	80	76445	1306	353	2
20200210	广东	129	223706	10997	1664	135
20200210	广西	79	265607	1866	271	15
20200210	新疆	17	5514	218	65	0
20200210	江苏	190	250654	5631	1953	97
20200210	江西	153	143312	3112	604	43
20200210	河北	216	1175419	9911	2661	351
20200210	河南	339	1833428	25156	3886	827
20200210	浙江	76	71428	1340	335	100
20200210	海南	6	912	18	11	0
20200210	湖北	89	103186	3056	510	25
20200210	湖南	103	55388	1028	194	10
20200210	甘肃	15	4963	90	33	5
20200210	福建	144	9361270	52057	3369	7871
20200210	西藏	2	14	0	0	0
20200210	贵州	40	82894	1358	258	7
20200210	辽宁	25	832334	3736	177	11
20200210	重庆	67	132859	3098	1113	33
20200210	陕西	127	1023065	12244	1501	892
20200210	青海	3	903	9	0	1
20200210	香港	1	1403	54	5	0
20200210	黑龙江	16	5571	153	40	1
20200211		3664	4065606	12566	276	480
20200211	Attapu	1	176	1	0	0
20200211	Catalunya	1	45	2	2	0
20200211	上海	17	9268	365	125	1
20200211	云南	47	1037289	4098	519	195
20200211	内蒙古	16	445820	2490	280	5
20200211	北京	21	79233	560	147	14
20200211	吉林	18	48748	960	142	19
20200211	四川	140	2021643	8779	884	672
20200211	天津	18	6895	162	26	1
20200211	宁夏	14	16287	163	41	1
20200211	安徽	137	108142	2334	484	18
20200211	山东	225	1068878	28777	2908	560
20200211	山西	50	186838	2205	477	36
20200211	广东	121	11007729	654569	101367	4454
20200211	广西	87	286884	1944	264	57
20200211	新疆	9	3961	46	13	0
20200211	江苏	160	582267	18742	1641	155
20200211	江西	97	338256	8450	653	2533
20200211	河北	156	833560	6635	967	80
20200211	河南	252	696684	8892	1449	175
20200211	浙江	55	54230	1315	192	46
20200211	海南	15	10766	160	28	5
20200211	湖北	71	115489	2828	1088	42
20200211	湖南	295	13704249	624684	116833	14288
20200211	甘肃	17	51825	456	141	0
20200211	福建	90	188318	2475	343	311
20200211	西藏	3	4154	135	30	1
20200211	贵州	37	39162	956	250	4
20200211	辽宁	25	42949	997	119	22
20200211	重庆	40	95029	1481	407	8
20200211	陕西	81	186025	2814	641	75
20200211	青海	1	144	7	0	0
20200211	首尔特别市	1	7	1	0	0
20200211	黑龙江	19	34107	402	217	11
20200212		2815	37979320	206855	4223	1947
20200212	National Capital Region	1	4	1	0	0
20200212	State of Queensland	2	22	0	0	0
20200212	上海	14	605216	39076	5837	177
20200212	云南	66	142475	1185	346	7
20200212	内蒙古	21	103915	2191	171	38
20200212	加利福尼亚州	3	10415	145	9	11
20200212	北京	29	108218	2980	271	905
20200212	吉林	17	13924	355	85	1
20200212	四川	90	84413	2162	421	9
20200212	天津	14	34230	663	66	52
20200212	宁夏	13	4375	102	21	0
20200212	安徽	94	71402	1562	293	9
20200212	山东	191	3968110	175406	7730	736
20200212	山西	37	205068	1003	167	10
20200212	广东	128	3771537	46321	11278	775
20200212	广西	60	187668	1038	71	29
20200212	新疆	14	3905	119	35	0
20200212	江苏	125	1306939	19145	990	1491
20200212	江西	68	36911	785	242	17
20200212	河北	105	3081845	23158	1763	809
20200212	河南	183	18329783	117943	7998	4899
20200212	浙江	47	54532	1184	224	9
20200212	海南	12	27170	407	369	10
20200212	湖北	48	70768	743	118	5
20200212	湖南	178	353782	12173	1160	97
20200212	甘肃	15	3630	126	17	1
20200212	福建	63	54599	2487	324	16
20200212	西藏	1	3031	17	5	1
20200212	贵州	34	34077	823	172	5
20200212	辽宁	28	17591	261	137	5
20200212	重庆	33	24550	579	114	7
20200212	陕西	57	306324	2231	322	144
20200212	青海	2	2800	18	11	0
20200212	首尔特别市	2	109	2	0	0
20200212	黑龙江	11	357373	2191	571	135
20200213		2013	30693185	207838	5465	1274
20200213	Bangkok	2	75640	464	29	0
20200213	State of Queensland	1	338	2	0	1
20200213	上海	13	6718	274	57	4
20200213	云南	31	115537	912	247	16
20200213	内蒙古	19	16644	292	142	2
20200213	北京	17	50033	525	143	9
20200213	吉林	17	31085	1951	185	3
20200213	四川	110	1786458	12149	1487	527
20200213	天津	17	149545	1657	579	25
20200213	宁夏	5	2095	45	22	0
20200213	安徽	68	256187	2822	736	75
20200213	山东	135	296473	2679	516	48
20200213	山西	20	122512	1377	201	48
20200213	广东	99	992215	30367	2906	1199
20200213	广西	93	18879579	251135	21400	22772
20200213	新疆	8	554	38	7	0
20200213	江苏	90	88777	2574	350	11
20200213	江西	44	121473	934	133	23
20200213	河北	65	1010321	55880	8348	5039
20200213	河南	141	1144376	8295	1784	61
20200213	浙江	38	76290	2390	443	12
20200213	海南	4	186	8	0	0
20200213	湖北	50	155196	1337	283	81
20200213	湖南	83	69546	1141	202	33
20200213	甘肃	15	162278	801	100	55
20200213	福建	39	15626	360	65	1
20200213	西藏	3	2037	75	31	0
20200213	贵州	30	15047	272	76	2
20200213	辽宁	24	18554	516	90	11
20200213	重庆	23	148558	860	641	9
20200213	陕西	32	68179	1936	60	250
20200213	青海	1	23721	150	44	1
20200213	香港	1	323	25	1	0
20200213	黑龙江	8	7278	73	49	1
20200214		1539	4295428	14214	397	1047
20200214	上海	9	4440756	30875	4116	1525
20200214	云南	49	246014	1918	344	17
20200214	内蒙古	23	223751	2102	260	202
20200214	北京	21	1342535	8609	1209	597
20200214	吉林	14	266924	729	138	72
20200214	四川	108	17922110	370010	40692	10770
20200214	天津	10	11542	341	38	7
20200214	宁夏	4	13653	88	23	11
20200214	安徽	75	782643	6941	1154	411
20200214	山东	148	756762	7249	2207	506
20200214	山西	38	99919	940	300	30
20200214	广东	124	6610322	92317	13685	8081
20200214	广西	114	4208179	16247	970	2145
20200214	新疆	3	1294	8	3	1
20200214	江苏	76	39384785	517376	59951	31581
20200214	江西	46	140856	1573	402	104
20200214	河北	67	18393059	274903	39013	15880
20200214	河南	221	11435524	83252	8922	17617
20200214	浙江	26	351143	2557	752	243
20200214	海南	7	14312	186	17	9
20200214	湖北	26	1945080	36545	4335	1003
20200214	湖南	62	233490	4992	588	165
20200214	甘肃	30	26252	330	51	13
20200214	福建	40	423267	7198	569	120
20200214	西藏	2	406	24	6	0
20200214	贵州	27	1288172	17762	5111	148
20200214	辽宁	22	160879	3501	264	48
20200214	重庆	19	10593	733	72	11
20200214	陕西	42	2468390	14807	1670	1287
20200214	香港	1	51	1	0	0
20200214	黑龙江	17	67839	492	173	3
20200215		1441	2008293	6925	186	568
20200215	Tokyo Prefecture	1	39	0	0	0
20200215	上海	11	6431	130	28	5
20200215	云南	27	316250	3840	1804	291
20200215	京畿道	1	1121	7	2	0
20200215	内蒙古	12	11880	286	54	2
20200215	北京	14	63877	1410	95	185
20200215	吉林	13	7509	83	56	0
20200215	四川	76	37350	952	216	10
20200215	天津	15	14922	371	115	5
20200215	安徽	51	30361	1085	229	11
20200215	山东	126	112295	2028	486	19
20200215	山西	35	43719	553	141	7
20200215	广东	110	310799	5557	1104	153
20200215	广西	84	583193	10652	816	133
20200215	新疆	7	27136	861	105	10
20200215	江苏	72	4210167	152935	15247	591
20200215	江西	29	39257	600	271	8
20200215	河北	60	63430	817	335	14
20200215	河南	168	1184189	13199	2247	225
20200215	浙江	27	13300	597	130	1
20200215	海南	1	250	13	0	0
20200215	湖北	22	81721	614	212	11
20200215	湖南	47	86796	3966	328	41
20200215	甘肃	16	86826	577	268	5
20200215	福建	47	5298155	51123	29623	624
20200215	西藏	5	4082	79	52	0
20200215	贵州	24	31972	832	180	3
20200215	辽宁	27	177588	4231	388	135
20200215	重庆	27	1296661	84901	1491	257
20200215	陕西	25	101904	1388	390	9
20200215	青海	2	159	4	0	1
20200215	香港	1	7	2	0	0
20200215	黑龙江	9	10853	92	16	2
20200216		1225	1307285	4862	106	117
20200216	Daejeon	1	199	2	0	0
20200216	上海	19	26135	279	78	2
20200216	云南	28	722950	4364	693	77
20200216	内蒙古	13	27944	168	50	4
20200216	北京	22	107340	1797	256	271
20200216	台湾	1	569	28	8	0
20200216	吉林	16	8156	152	100	0
20200216	四川	68	468090	4339	451	38
20200216	天津	9	8116	302	161	5
20200216	宁夏	4	1187	84	18	0
20200216	安徽	67	475391	6512	541	4422
20200216	山东	169	658523	6050	1033	125
20200216	山西	49	5224826	19587	1163	970
20200216	广东	88	1486647	19818	1505	223
20200216	广西	59	37974	878	199	8
20200216	新疆	9	12493	211	59	9
20200216	江苏	85	1061770	4165	1559	49
20200216	江西	39	511538	7202	1144	40
20200216	河北	91	188349	9891	466	26
20200216	河南	154	294138	3633	768	23
20200216	浙江	36	38931	411	104	5
20200216	海南	4	2234	19	0	0
20200216	湖北	22	26327	534	160	5
20200216	湖南	39	51560	3510	265	17
20200216	甘肃	12	18713	171	60	0
20200216	福建	30	87896	1710	129	42
20200216	西藏	3	3925	121	48	0
20200216	贵州	20	19313	504	78	4
20200216	辽宁	23	43462	1852	120	13
20200216	重庆	20	5950	230	82	5
20200216	陕西	19	869789	3322	396	307
20200216	黑龙江	18	547576	2932	2509	5
20200217		2442	1457881	6290	116	216
20200217	Jeju-do	1	101	1	0	0
20200217	上海	11	8026	121	24	1
20200217	云南	33	1616722	10960	791	147
20200217	内蒙古	18	86849	2119	192	56
20200217	北京	48	76171	1869	348	228
20200217	吉林	19	9913	205	73	27
20200217	四川	84	79341	1566	331	23
20200217	天津	16	24731	273	113	86
20200217	宁夏	3	1009	16	7	0
20200217	安徽	75	101180	1587	472	14
20200217	山东	155	2430298	31707	3656	2394
20200217	山西	39	30894	563	173	7
20200217	广东	161	348442	3191	818	41
20200217	广西	82	281506	4283	414	992
20200217	新疆	8	5304	130	50	8
20200217	江苏	94	98048	2467	328	17
20200217	江西	23	45920	1410	158	17
20200217	河北	74	1299972	16970	463	3719
20200217	河南	124	270204	2665	589	35
20200217	浙江	29	28924	377	59	9
20200217	海南	4	16010	82	10	1
20200217	湖北	40	51684	752	243	7
20200217	湖南	54	84398	4259	326	52
20200217	澳门	1	823	15	2	0
20200217	甘肃	14	22606	242	84	2
20200217	福建	41	154278	1657	194	141
20200217	西藏	6	17328	161	30	1
20200217	贵州	30	23552	344	52	4
20200217	辽宁	28	70467	2590	548	35
20200217	重庆	13	31456	1424	259	2
20200217	陕西	28	27200	624	98	1
20200217	青海	2	2911	43	10	0
20200217	首尔特别市	1	236	4	14	0
20200217	香港	1	12	1	2	0
20200217	黑龙江	27	13842	343	67	6
20200218		1461	1483154	5813	255	92
20200218	上海	9	1276	82	28	5
20200218	云南	31	24281	458	74	0
20200218	内蒙古	12	710458	12237	873	33
20200218	北京	36	734234	8535	2451	750
20200218	吉林	17	69278	2299	126	9
20200218	四川	58	182233	2661	486	31
20200218	天津	7	2085	34	9	0
20200218	宁夏	3	167	13	0	0
20200218	安徽	55	56559	1093	218	6
20200218	山东	92	355127	4166	541	174
20200218	山西	33	55937	605	134	9
20200218	广东	104	1379866	4737	628	135
20200218	广西	52	127605	1686	218	8
20200218	新疆	5	2361	70	9	0
20200218	江苏	80	1217857	6098	1350	1205
20200218	江西	26	11314	499	90	11
20200218	河北	41	75145	5940	228	21
20200218	河南	98	83131	2520	400	17
20200218	浙江	22	32594	1682	106	1
20200218	海南	2	320	11	3	1
20200218	湖北	18	247072	923	121	19
20200218	湖南	28	4487741	55352	8449	7469
20200218	甘肃	9	238019	1719	202	13
20200218	福建	37	80776	2131	261	72
20200218	西藏	1	87	8	0	0
20200218	贵州	19	10219	467	120	3
20200218	辽宁	19	33708	797	253	4
20200218	重庆	18	161252	1526	558	8
20200218	陕西	24	50036	1126	130	88
20200218	青海	2	2062	55	7	0
20200218	黑龙江	18	578723	6238	2805	28
20200219		1185	1224321	4301	424	139
20200219	Muḩāfaz̧at al Iskandarīyah	2	15	0	0	0
20200219	上海	24	8101	139	25	0
20200219	云南	30	23268	496	122	2
20200219	内蒙古	13	1227063	11546	2258	233
20200219	北京	24	2867283	16748	15411	471
20200219	吉林	14	33743	197	79	15
20200219	四川	63	149338	2414	774	13
20200219	天津	14	12116	488	42	2
20200219	宁夏	3	2213	87	18	0
20200219	安徽	54	27065	635	119	4
20200219	山东	100	704163	6160	1564	43
20200219	山西	25	1775328	6105	374	2011
20200219	广东	73	87169	1122	481	18
20200219	广西	33	7621452	262030	13239	2585
20200219	新疆	4	1669	48	20	2
20200219	江苏	73	726459	5494	1409	68
20200219	江西	24	60286	1076	55	8
20200219	河北	60	29992	727	146	0
20200219	河南	104	190934	3472	662	105
20200219	浙江	27	67822	2174	409	3
20200219	海南	7	4790	35	13	0
20200219	湖北	40	85840	4058	177	27
20200219	湖南	50	188178	1649	210	83
20200219	澳门	1	38	4	0	0
20200219	甘肃	14	1677237	12391	807	1167
20200219	福建	27	48748	1658	121	10
20200219	西藏	5	3144	57	26	0
20200219	贵州	17	6784	328	38	0
20200219	辽宁	28	98433	3333	767	1137
20200219	重庆	13	4836	86	31	1
20200219	陕西	27	240593	2721	506	595
20200219	青海	1	2503	52	10	0
20200219	黑龙江	22	434672	3634	2613	16
20200220		946	2499781	11264	130	205
20200220	上海	12	8851	410	34	0
20200220	云南	20	21831	303	126	1
20200220	内蒙古	12	24995	204	118	10
20200220	北京	17	144404	10099	304	158
20200220	吉林	16	1116195	13063	3577	46
20200220	四川	66	52910	1326	222	221
20200220	天津	11	183942	15663	164	19
20200220	宁夏	6	5733	116	54	4
20200220	安徽	30	12852	643	261	5
20200220	山东	84	623725	4420	1027	42
20200220	山西	19	20252	209	44	4
20200220	广东	71	10506117	78467	4038	15654
20200220	广西	40	1162892	7094	1105	188
20200220	新疆	13	54319	941	231	123
20200220	江苏	67	355472	8319	363	375
20200220	江西	29	54173	709	98	4
20200220	河北	47	15143	341	169	4
20200220	河南	89	405595	9627	659	189
20200220	浙江	24	11669	212	52	2
20200220	海南	12	1450	52	20	1
20200220	湖北	22	4342875	24854	5306	439
20200220	湖南	54	1405402	10293	348	231
20200220	甘肃	12	7522	221	66	2
20200220	福建	18	65364	1163	123	66
20200220	西藏	5	2489	132	30	0
20200220	贵州	21	313081	1916	1412	869
20200220	辽宁	22	7218792	428606	59684	19650
20200220	重庆	7	16790	523	173	3
20200220	陕西	23	229854	8539	325	62
20200220	黑龙江	34	1105782	5399	718	553
20200221		133	759767	3371	77	47
20200221	Kuala Lumpur	1	1956	5	2	0
20200221	上海	9	4195	109	45	2
20200221	云南	39	35886	654	162	3
20200221	内蒙古	12	18140	598	61	2
20200221	北京	19	39170	656	122	159
20200221	吉林	29	19800	422	124	42
20200221	四川	51	34492	903	386	7
20200221	天津	9	11649	268	35	0
20200221	宁夏	5	2762	106	13	3
20200221	安徽	39	33776	437	95	4
20200221	山东	114	3066691	26810	5003	377
20200221	山西	30	15926	255	80	0
20200221	广东	76	262681	14863	847	364
20200221	广西	45	18457	366	83	4
20200221	新疆	4	3057	91	13	1
20200221	江苏	80	2339275	24366	1964	1683
20200221	江西	32	372763	5849	475	452
20200221	河北	37	53834	1050	175	2
20200221	河南	75	1954620	9268	1285	219
20200221	浙江	29	84064	1996	275	32
20200221	海南	2	13079	214	45	0
20200221	湖北	25	8323	250	86	2
20200221	湖南	46	80962	1113	153	14
20200221	甘肃	19	18122	416	259	0
20200221	福建	30	194640	2474	285	55
20200221	西藏	9	19219	395	289	5
20200221	贵州	26	101468	1769	390	9
20200221	辽宁	28	11851	467	174	2
20200221	重庆	9	7915	132	44	1
20200221	陕西	20	12980	308	123	12
20200221	黑龙江	25	5683	179	68	3
20200222		68	108435	399	6	7
20200222	Jeju-do	1	1062	37	4	0
20200222	North East	1	19	6	2	0
20200222	Tokyo Prefecture	1	106	11	0	0
20200222	上海	12	111420	964	194	118
20200222	云南	31	25299	521	132	0
20200222	内蒙古	18	297481	5069	394	27
20200222	北京	14	152221	3487	151	1416
20200222	吉打	1	12	0	0	0
20200222	吉林	14	13882	608	68	24
20200222	四川	45	45558	1071	230	7
20200222	天津	6	3224	72	16	1
20200222	宁夏	2	192782	1839	106	59
20200222	安徽	76	2552254	27565	2408	2089
20200222	山东	105	127751	2585	497	45
20200222	山西	21	12220	231	65	5
20200222	广东	48	412811	44465	941	1100
20200222	广西	24	16953	382	53	7
20200222	新疆	5	2341	52	12	3
20200222	江苏	70	98554	1892	226	40
20200222	江西	37	635494	37890	2367	383
20200222	河北	30	12585	249	132	2
20200222	河南	72	144706	3107	723	42
20200222	浙江	27	44000	701	112	10
20200222	海南	7	42869	1492	94	8
20200222	湖北	24	30134	540	164	7
20200222	湖南	40	22715	3089	111	11
20200222	甘肃	12	17008	186	63	1
20200222	福建	22	49001	1251	27	1
20200222	西藏	4	494	46	24	0
20200222	贵州	30	39284	1513	245	8
20200222	辽宁	26	17425	361	144	0
20200222	重庆	22	45668	316	84	1
20200222	陕西	12	32749	946	98	145
20200222	黑龙江	20	11890	186	74	7
20200223		31	94251	375	5	25
20200223	上海	11	12988	130	12	1
20200223	云南	51	719510	15655	1912	22
20200223	京畿道	1	165	14	9	0
20200223	内蒙古	19	21136	579	200	1
20200223	北京	18	27279	549	83	93
20200223	吉林	17	23809	863	126	19
20200223	四川	66	37972	810	175	7
20200223	天津	4	779	29	4	0
20200223	宁夏	2	262	13	0	0
20200223	安徽	64	1008877	6821	1093	158
20200223	山东	94	356078	6648	814	98
20200223	山西	24	3582594	220138	37091	5396
20200223	广东	76	5129307	90471	11311	2434
20200223	广西	39	8323	306	94	3
20200223	新疆	11	3864	49	11	0
20200223	江苏	72	53301	958	238	25
20200223	江西	32	29643	901	115	12
20200223	河北	54	116893	1408	320	11
20200223	河南	102	154642	2561	436	24
20200223	浙江	17	1463783	28796	6890	193
20200223	海南	8	257304	1357	199	260
20200223	湖北	21	24123	558	88	9
20200223	湖南	39	32047	517	181	12
20200223	甘肃	15	8298	125	59	0
20200223	福建	33	85940	2996	180	52
20200223	西藏	4	346	21	8	0
20200223	贵州	27	42202	727	216	3
20200223	辽宁	32	290976	1531	496	30
20200223	重庆	12	2617	64	20	1
20200223	陕西	20	7493	237	62	1
20200223	青海	4	71	6	7	0
20200223	黑龙江	24	20426	2042	84	5
20200224		128	120707	452	7	9
20200224	上海	8	3062	90	27	0
20200224	云南	51	184108	1638	950	5
20200224	内蒙古	20	9068	221	36	0
20200224	加利福尼亚州	1	211	5	1	1
20200224	北京	20	13408	250	37	2
20200224	台湾	1	78	1	5	0
20200224	吉林	23	4551	164	35	1
20200224	四川	48	198189	2473	241	46
20200224	天津	6	13239	350	48	3
20200224	宁夏	4	7668	140	41	0
20200224	安徽	56	550199	8440	1065	4511
20200224	山东	108	646599	5417	989	195
20200224	山西	32	2004716	12624	2421	845
20200224	广东	71	50395	1040	233	5
20200224	广西	44	52571	752	343	19
20200224	新疆	12	18659	458	102	11
20200224	江苏	82	2884343	83244	1667	792
20200224	江西	39	1146804	8071	428	45
20200224	河北	61	183306	1693	467	16
20200224	河南	95	80561	2276	549	28
20200224	浙江	38	37002	888	191	2
20200224	海南	3	1404	25	7	0
20200224	湖北	31	25556	340	78	0
20200224	湖南	64	804121	5097	660	301
20200224	甘肃	36	642497	5660	1466	35
20200224	福建	32	130222	1442	234	16
20200224	西藏	1	710	28	3	0
20200224	贵州	66	796517	14572	2387	19
20200224	辽宁	26	31290	814	140	1
20200224	重庆	29	2867668	24710	2448	1381
20200224	陕西	20	12313	319	88	1
20200224	青海	2	1299	21	6	3
20200224	黑龙江	27	1180593	9678	1834	78
20200225		92	445715	1838	42	20
20200225	Tokyo Prefecture	1	4	0	0	0
20200225	上海	9	6904	194	32	10
20200225	云南	40	29615	646	166	5
20200225	内蒙古	19	78732	868	188	7
20200225	北京	18	40883	875	194	108
20200225	吉林	8	68215	2629	24	25
20200225	四川	63	44864	1322	244	14
20200225	天津	3	363	11	11	0
20200225	威尼托	1	208	47	3	0
20200225	宁夏	6	25160	585	178	2
20200225	安徽	50	1002567	4967	791	95
20200225	山东	105	354216	6868	1918	396
20200225	山西	82	3030173	11653	1353	960
20200225	广东	116	756488	3351	679	531
20200225	广西	38	82770	552	188	5
20200225	新疆	7	64668	409	92	62
20200225	江苏	66	2606070	32462	2874	105
20200225	江西	29	1565914	18691	1419	1422
20200225	河北	51	534678	12377	337	31
20200225	河南	76	132736	2312	865	45
20200225	浙江	35	30211	623	190	8
20200225	海南	5	192	4	0	0
20200225	湖北	18	10375	192	63	2
20200225	湖南	62	196869	2543	595	108
20200225	甘肃	25	74814	933	157	27
20200225	福建	23	10118	238	104	2
20200225	西藏	1	342	19	6	0
20200225	贵州	32	40676	799	216	3
20200225	辽宁	31	38790	393	75	15
20200225	重庆	35	58031	531	114	23
20200225	陕西	24	57517	1145	321	28
20200225	青海	3	641	18	1	0
20200225	香港	2	7	0	0	0
20200225	黑龙江	23	11743	193	84	2
20200226		72	292500	898	105	7
20200226	Bangkok	1	31	7	3	0
20200226	Ōsaka-fu	1	197	4	0	0
20200226	上海	16	12617	665	74	16
20200226	云南	37	123424	3236	514	25
20200226	内蒙古	21	28746	733	68	15
20200226	北京	13	1735929	64573	2142	1119
20200226	台湾	1	88	0	0	0
20200226	吉林	11	9855	259	59	0
20200226	四川	48	324619	2818	1122	34
20200226	天津	5	9940	109	32	0
20200226	宁夏	6	30720	505	139	53
20200226	安徽	64	227117	2248	380	41
20200226	山东	152	7209902	103225	16301	8158
20200226	山西	36	101262	1986	76	201
20200226	广东	83	679733	7894	868	102
20200226	广西	41	102277	890	223	34
20200226	新疆	5	1883	76	31	0
20200226	江苏	49	325642	6562	394	141
20200226	江西	39	187048	1237	374	20
20200226	河北	43	1018077	18584	176	51
20200226	河南	78	88014	1790	500	13
20200226	浙江	26	21905	1166	139	9
20200226	海南	7	2774	29	7	0
20200226	湖北	25	3060197	10724	1961	110
20200226	湖南	63	90854	1660	342	11
20200226	甘肃	16	65214	925	371	3
20200226	福建	26	200259	704	80	55
20200226	西藏	1	2	1	1	0
20200226	贵州	38	1027429	7833	2809	46
20200226	辽宁	31	27070	335	85	2
20200226	重庆	39	77452	3341	709	95
20200226	陕西	30	484030	1994	130	64
20200226	青海	2	648	12	0	0
20200226	香港	1	13778	812	221	2
20200226	黑龙江	14	6020	93	49	1
20200227		59	268428	1523	116	195
20200227	上海	17	7070	174	24	4
20200227	云南	38	46471	804	180	6
20200227	内蒙古	34	2648094	14098	980	263
20200227	北京	16	76521	849	72	27
20200227	吉林	10	4155	81	13	1
20200227	四川	70	675140	1879	390	7
20200227	天津	2	235	14	2	0
20200227	宁夏	5	3279	74	34	0
20200227	安徽	51	196306	3209	312	162
20200227	山东	146	1206425	9044	2764	226
20200227	山西	43	79372	1141	697	20
20200227	广东	95	653379	2676	253	62
20200227	广西	103	3151062	33085	2787	2020
20200227	新疆	6	2456	53	20	1
20200227	江苏	76	519144	3487	387	58
20200227	江西	44	590682	2571	562	43
20200227	河北	78	6539022	341001	11954	1291
20200227	河南	116	3241569	21621	1292	810
20200227	浙江	37	26898	786	162	15
20200227	海南	7	10858	169	18	3
20200227	湖北	20	362042	6004	1373	87
20200227	湖南	81	243973	2303	457	84
20200227	甘肃	25	1373306	12859	1672	844
20200227	福建	33	43493	1222	237	7
20200227	西藏	8	12555	251	63	0
20200227	贵州	68	472589	16842	1889	117
20200227	辽宁	42	31893	408	118	17
20200227	重庆	41	165197	2013	420	74
20200227	陕西	34	1872447	41523	5938	83
20200227	青海	3	2221	46	13	0
20200227	黑龙江	25	1462017	8906	1450	122
20200228		36	96189	454	7	15
20200228	上海	11	19298	502	61	19
20200228	云南	53	165951	1104	304	3
20200228	内蒙古	35	62847	947	239	23
20200228	北京	31	48935	1074	161	130
20200228	吉林	27	785224	7385	124	1582
20200228	四川	78	166989	3742	919	32
20200228	天津	7	981	86	18	0
20200228	宁夏	6	415	21	0	0
20200228	安徽	65	49351	814	296	6
20200228	山东	210	1773372	23269	3978	300
20200228	山西	33	67699	600	135	44
20200228	广东	76	35067	1082	165	13
20200228	广西	97	4187564	74548	6210	9971
20200228	新疆	18	2256	80	18	5
20200228	江苏	108	597196	8866	1542	202
20200228	江西	48	83985	1117	186	16
20200228	河北	109	330072	6976	2315	203
20200228	河南	187	2117911	17488	2177	558
20200228	浙江	58	107234	2076	309	38
20200228	海南	4	19465	388	92	0
20200228	湖北	25	15157	326	215	0
20200228	湖南	84	7471785	44796	2345	3251
20200228	甘肃	16	148900	940	232	14
20200228	福建	34	59100	863	151	8
20200228	西藏	10	5265	345	183	0
20200228	贵州	76	6641826	85232	5477	10368
20200228	辽宁	44	57999	1057	497	12
20200228	重庆	31	66334	889	240	19
20200228	陕西	71	715961	5757	2441	196
20200228	青海	3	963035	11985	381	2929
20200228	香港	1	374000	1473	474	8
20200228	黑龙江	20	1110726	5919	930	34
20200229		27	66055	456	13	3
20200229	上海	21	5557	380	79	2
20200229	云南	51	1066758	23865	2499	1030
20200229	内蒙古	21	95089	1680	494	33
20200229	北京	20	191709	2220	256	396
20200229	吉林	15	13686	275	69	1
20200229	四川	49	25807	773	206	12
20200229	天津	9	3060	246	19	0
20200229	宁夏	3	781	12	2	0
20200229	安徽	64	112653	1685	436	14
20200229	山东	171	470485	5104	1244	100
20200229	山西	39	86709	1479	433	47
20200229	广东	110	540147	22650	3242	134
20200229	广西	69	637197	6379	879	58
20200229	新疆	9	32826	434	62	3
20200229	江苏	147	7319270	73110	5372	3644
20200229	江西	47	545959	3509	464	75
20200229	河北	95	995931	8478	751	249
20200229	河南	240	1242254	15326	3706	619
20200229	浙江	61	74077	1147	203	17
20200229	海南	7	4780	125	34	0
20200229	湖北	26	1319921	5067	665	171
20200229	湖南	89	304171	5154	392	314
20200229	甘肃	43	79819	884	280	13
20200229	福建	45	41067	1285	258	11
20200229	西藏	5	571	59	21	0
20200229	贵州	35	112693	1599	305	12
20200229	辽宁	50	132083	612	250	32
20200229	重庆	47	53135	953	187	9
20200229	陕西	50	128398	1468	870	32
20200229	青海	18	43714	616	111	3
20200229	香港	1	2261	466	129	0
20200229	黑龙江	36	422054	6521	1667	57
20200301		22	50794	188	3	12
20200301	Central Singapore Community Development Council	1	172	12	6	0
20200301	上海	9	7139	183	24	10
20200301	云南	63	3272552	33994	12583	101
20200301	内蒙古	31	10262	357	94	0
20200301	北京	18	77359	3040	160	448
20200301	吉林	13	6367	157	55	2
20200301	四川	59	25409	1127	214	10
20200301	天津	9	3554	115	35	1
20200301	宁夏	8	808	27	10	0
20200301	安徽	75	694327	11676	3936	444
20200301	山东	157	189802	2382	717	41
20200301	山西	37	326697	3338	1417	26
20200301	广东	102	160587	3051	399	140
20200301	广西	58	121927	1344	252	16
20200301	新疆	6	7456	109	8	2
20200301	江苏	116	147367	2962	644	37
20200301	江西	27	219027	26136	1099	13
20200301	河北	94	522406	11086	1575	516
20200301	河南	194	1200011	7068	1206	91
20200301	浙江	47	40713	1242	229	63
20200301	海南	9	3719	65	15	1
20200301	湖北	34	171350	1125	104	45
20200301	湖南	87	285731	9841	1638	153
20200301	甘肃	30	73266	1790	692	58
20200301	福建	42	56240	1038	168	3
20200301	西藏	9	6132	186	101	4
20200301	贵州	34	20577	575	200	4
20200301	辽宁	72	29878	640	246	17
20200301	重庆	32	304900	2355	388	95
20200301	陕西	48	206334	2193	458	57
20200301	青海	6	61718	1696	65	42
20200301	香港	1	11	0	0	0
20200301	黑龙江	46	14980	348	118	6
20200302		40	20094	81	2	1
20200302	Incheon	1	276	5	1	0
20200302	上海	22	21251	418	95	6
20200302	云南	57	144499	1949	461	11
20200302	佛罗里达州	1	4	0	0	0
20200302	内蒙古	35	55564	1689	121	56
20200302	北京	25	425206	8157	579	374
20200302	吉林	21	6128	248	54	1
20200302	四川	71	72150	1598	296	33
20200302	天津	8	3651	58	59	0
20200302	宁夏	9	6793	79	34	1
20200302	安徽	65	365677	2257	535	85
20200302	山东	123	72053	1184	350	18
20200302	山西	30	21838	402	125	1
20200302	广东	76	216384	2191	331	54
20200302	广西	68	378203	4492	755	162
20200302	新疆	14	3922	108	15	1
20200302	江苏	93	5148289	180869	52819	7686
20200302	江西	22	38085	644	93	1
20200302	河北	98	1269655	7370	1311	273
20200302	河南	170	1133221	19200	5855	578
20200302	浙江	37	103429	1704	262	21
20200302	海南	5	715	40	8	2
20200302	湖北	25	31113	519	149	7
20200302	湖南	63	254398	2109	335	45
20200302	甘肃	34	44101	1120	204	23
20200302	福建	37	15542	494	61	5
20200302	西藏	4	13068	146	42	0
20200302	贵州	32	127034	5658	283	15
20200302	辽宁	88	93556	2758	587	50
20200302	重庆	17	586924	8839	531	10
20200302	陕西	32	61239	566	153	9
20200302	青海	13	38231	757	79	8
20200302	黑龙江	66	238973	2552	330	12
20200303		54	128814	673	5	7
20200303	上海	11	4877	98	24	4
20200303	云南	50	122319	1817	630	14
20200303	内蒙古	35	12446	323	80	4
20200303	北京	21	51537	1183	147	313
20200303	吉林	23	33405	553	126	48
20200303	四川	54	165679	2293	794	43
20200303	天津	8	5625	101	23	4
20200303	宁夏	1	1071	45	23	0
20200303	安徽	54	67384	1281	198	73
20200303	山东	116	85525	1563	542	23
20200303	山西	34	30903	2386	358	15
20200303	广东	70	232665	2175	512	61
20200303	广西	38	115643	660	192	4
20200303	新疆	6	1674	44	19	0
20200303	江苏	77	94282	2219	292	29
20200303	江西	26	349751	2189	167	64
20200303	河北	79	891272	5314	494	90
20200303	河南	141	277250	2385	651	61
20200303	浙江	41	47747	775	181	14
20200303	海南	6	1661	44	14	2
20200303	湖北	29	13326	215	41	10
20200303	湖南	40	75028	2348	215	15
20200303	甘肃	35	12943	280	86	6
20200303	福建	27	98953	5929	273	10
20200303	西藏	5	2294	161	32	0
20200303	贵州	24	18739	222	91	2
20200303	辽宁	43	48918	975	263	14
20200303	重庆	18	11687	621	141	0
20200303	陕西	42	95477	1240	281	12
20200303	青海	1	243	15	6	0
20200303	黑龙江	32	1903939	64009	13064	696
20200304		145	14585	68	1	1
20200304	上海	8	2860	102	29	1
20200304	云南	40	146254	1569	371	33
20200304	内蒙古	22	6819	216	81	2
20200304	北京	19	15987	649	78	30
20200304	吉林	21	12237	216	77	30
20200304	四川	57	740609	4289	622	286
20200304	天津	9	4858	174	41	8
20200304	宁夏	4	3162	91	23	2
20200304	安徽	50	47115	912	210	11
20200304	山东	135	141478	2495	785	22
20200304	山西	47	855245	9954	6318	197
20200304	广东	72	838459	80484	1901	95
20200304	广西	46	71319	1157	239	27
20200304	新疆	6	8301	174	25	8
20200304	江苏	89	289816	3375	574	202
20200304	江西	29	11704	313	81	5
20200304	河北	72	723122	7324	1370	72
20200304	河南	156	1477032	21033	6951	807
20200304	浙江	24	112750	786	103	22
20200304	海南	3	6119	67	12	0
20200304	湖北	20	25567	254	82	20
20200304	湖南	54	529437	7358	1131	88
20200304	甘肃	23	158242	1909	591	28
20200304	福建	26	205001	7962	664	16
20200304	西藏	3	1321	87	41	0
20200304	贵州	29	1063008	9366	2886	24
20200304	辽宁	35	8666	257	100	4
20200304	重庆	15	4898	122	41	4
20200304	陕西	37	36568	472	155	10
20200304	青海	8	26494	210	73	2
20200304	黑龙江	26	113849	2438	362	23
20200305		38	39080	212	2	1
20200305	Amurskaya Oblast’	1	83	11	1	0
20200305	Changwat Chon Buri	1	61	0	0	1
20200305	上海	9	32559	352	11	2
20200305	云南	50	58020	902	214	1
20200305	内蒙古	15	35513	288	159	3
20200305	北京	31	189091	2016	356	229
20200305	吉林	13	5568	87	26	0
20200305	四川	68	49939	884	316	20
20200305	天津	11	2166	65	29	0
20200305	宁夏	3	2261	45	21	3
20200305	安徽	45	245655	843	565	31
20200305	山东	148	2151293	25037	8141	510
20200305	山西	39	20268	658	209	4
20200305	广东	56	29542	1248	272	15
20200305	广西	34	103639	1223	265	15
20200305	新疆	4	3662	112	18	3
20200305	江苏	62	48524	1213	384	9
20200305	江西	22	12869	197	67	2
20200305	河北	79	49104	861	222	12
20200305	河南	153	135334	2353	715	13
20200305	浙江	25	109209	1312	121	9
20200305	海南	4	15107	202	18	3
20200305	湖北	16	826005	74046	10615	109
20200305	湖南	51	4648863	39127	3405	1817
20200305	甘肃	29	143013	1475	719	9
20200305	福建	32	28924	279	92	9
20200305	西藏	2	1277	21	21	0
20200305	贵州	42	68711	1087	305	15
20200305	辽宁	28	7647	172	64	0
20200305	重庆	16	7804	225	57	0
20200305	陕西	35	35692	953	290	14
20200305	青海	4	2484	44	21	0
20200305	黑龙江	20	20950	225	75	4
20200306		39	6756	35	1	1
20200306	Jeju-do	1	68246	162	32	1
20200306	上海	5	11035	440	67	12
20200306	云南	36	39476	861	145	6
20200306	内蒙古	24	18189	526	79	2
20200306	北京	12	7892	152	49	1
20200306	吉林	18	13221	446	192	5
20200306	四川	51	30435	959	176	10
20200306	天津	4	758	12	2	0
20200306	宁夏	1	73	3	2	0
20200306	安徽	41	32161	519	153	8
20200306	山东	87	326546	2744	756	27
20200306	山西	33	919725	11197	1384	62
20200306	广东	53	186253	2885	134	16
20200306	广西	32	18163	501	117	7
20200306	新疆	6	1007	35	12	1
20200306	江苏	64	42626	1304	267	37
20200306	江西	18	25611	277	49	0
20200306	河北	59	1029241	5651	454	137
20200306	河南	89	102599	1622	406	24
20200306	浙江	45	23013	406	71	6
20200306	海南	6	13780	133	29	0
20200306	湖北	13	32579	225	31	6
20200306	湖南	46	340177	1880	371	121
20200306	甘肃	17	388870	1411	156	2
20200306	福建	26	11335	297	112	4
20200306	贵州	23	128606	1035	773	4
20200306	辽宁	36	14544	203	93	2
20200306	重庆	13	5814	106	43	0
20200306	陕西	31	24800	665	171	4
20200306	青海	6	1330	29	21	0
20200306	黑龙江	26	2438025	83129	40363	10486
20200307	上海	4	28346	1501	38	24
20200307	云南	29	53698	781	204	4
20200307	内蒙古	5	24555	767	538	51
20200307	北京	14	52071	595	88	86
20200307	吉林	10	15565	337	30	1
20200307	四川	41	2361353	25505	3397	108
20200307	天津	6	7103	279	109	4
20200307	宁夏	2	739	21	11	0
20200307	安徽	28	11795	374	79	2
20200307	山东	74	149935	7913	473	77
20200307	山西	21	15219	138	47	2
20200307	广东	58	11511	351	109	7
20200307	广西	37	26112	484	68	8
20200307	新疆	5	2418	46	35	2
20200307	江苏	54	25101	573	174	6
20200307	江西	18	4961	128	48	0
20200307	河北	52	37521	1335	261	9
20200307	河南	71	62343	995	264	12
20200307	浙江	27	50976	1050	67	7
20200307	海南	4	876	27	4	0
20200307	湖北	19	8755	304	63	1
20200307	湖南	48	103560	2433	261	5
20200307	甘肃	21	19431	300	74	6
20200307	福建	28	50639	933	284	38
20200307	西藏	2	2165	74	24	0
20200307	贵州	27	52199	1388	762	3
20200307	辽宁	16	15522	188	71	7
20200307	重庆	13	5987	92	28	1
20200307	陕西	24	6435133	81643	24790	1605
20200307	青海	3	885	25	4	0
20200307	黑龙江	17	34017	817	174	17
20200308		13	2064	8	0	2
20200308	上海	4	2493	137	20	0
20200308	云南	37	15631	677	156	4
20200308	内蒙古	16	7339	192	49	1
20200308	北京	7	56215	1357	124	370
20200308	吉林	11	3911	124	39	0
20200308	四川	38	20236	661	227	10
20200308	天津	4	198	10	4	0
20200308	宁夏	1	199	12	1	0
20200308	安徽	27	44137	682	186	4
20200308	山东	75	2217598	89947	4643	6648
20200308	山西	18	50932	437	63	77
20200308	广东	43	24155	414	102	1
20200308	广西	33	20748	260	55	6
20200308	新疆	3	730	36	7	0
20200308	江苏	41	312816	1828	272	63
20200308	江西	14	9239	96	27	2
20200308	河北	38	22934	523	166	6
20200308	河南	60	35514	942	385	7
20200308	浙江	24	33651	418	92	3
20200308	海南	4	39625	1648	113	52
20200308	湖北	17	4215	136	30	0
20200308	湖南	26	28994	508	163	5
20200308	甘肃	16	5553	148	36	3
20200308	福建	13	5454	150	40	17
20200308	西藏	2	499	33	7	0
20200308	贵州	27	242656	1950	437	16
20200308	辽宁	22	210471	4956	1711	34
20200308	重庆	7	2852	114	46	0
20200308	陕西	25	1195329	28200	2749	689
20200308	青海	3	115	10	5	0
20200308	香港	1	85	5	0	0
20200308	黑龙江	24	7191	192	62	1
20200309		115	98424	584	4	4
20200309	上海	9	47670	958	167	14
20200309	云南	43	225922	2548	1336	72
20200309	内蒙古	26	18225	201	26	2
20200309	北京	9	2013	48	25	4
20200309	吉林	11	14578	135	25	7
20200309	四川	52	63994	968	232	5
20200309	天津	7	1276	38	20	0
20200309	宁夏	4	42468	217	21	0
20200309	安徽	86	72137	1086	217	18
20200309	山东	81	371385	5185	1136	347
20200309	山西	47	540617	3481	902	126
20200309	广东	74	16907	370	95	5
20200309	广西	22	22667	438	95	1
20200309	新疆	3	20487	92	35	6
20200309	江苏	352	43360	906	120	12
20200309	江西	366	1085217	6222	1497	25
20200309	河北	84	3971784	23811	2512	5333
20200309	河南	99	230092	2195	548	152
20200309	浙江	394	40979	4531	414	9
20200309	海南	4	1668	34	9	1
20200309	湖北	105	566233	7439	1914	202
20200309	湖南	46	255447	2172	441	173
20200309	甘肃	17	56337	2131	508	4
20200309	福建	52	34586	462	72	15
20200309	西藏	1	344	5	1	0
20200309	贵州	36	37841	612	183	5
20200309	辽宁	85	78112	1438	124	66
20200309	重庆	58	4388	94	37	4
20200309	陕西	21	26071	318	114	2
20200309	青海	40	1741	52	17	0
20200309	黑龙江	20	6010	200	82	11
20200310		12	963	0	0	0
20200310	Bangkok	1	640	9	0	0
20200310	上海	7	1762	155	23	0
20200310	云南	43	106700	1334	265	19
20200310	内蒙古	24	205763	1403	453	5
20200310	北京	18	11291	83	21	3
20200310	吉林	20	37825	692	162	8
20200310	四川	61	57858	1038	225	5
20200310	天津	5	2163	41	26	1
20200310	宁夏	6	4703	66	17	2
20200310	安徽	57	513346	3533	1050	218
20200310	山东	109	279258	4383	2205	338
20200310	山西	42	159375	913	145	19
20200310	广东	78	390817	3136	708	142
20200310	广西	32	31987	404	116	9
20200310	新疆	5	3834	64	34	1
20200310	江苏	61	264387	2760	364	81
20200310	江西	34	131087	2187	215	27
20200310	河北	59	880190	5927	2297	695
20200310	河南	109	485877	5323	717	37
20200310	浙江	32	152553	2246	386	130
20200310	海南	10	551116	3740	314	337
20200310	湖北	17	33282	216	137	11
20200310	湖南	39	239135	1970	398	25
20200310	甘肃	24	61894	543	135	1
20200310	福建	35	68426	781	145	26
20200310	西藏	2	2870	102	21	0
20200310	贵州	41	133038	1361	460	43
20200310	辽宁	25	36567	553	268	14
20200310	重庆	11	3151888	32200	2259	1051
20200310	陕西	27	650766	3984	602	133
20200310	青海	4	4831	58	4	1
20200310	黑龙江	18	5095	122	33	3
20200311		85	50110	599	5	1
20200311	上海	5	291	12	11	0
20200311	云南	71	659590	32498	4329	93
20200311	内蒙古	22	17989	634	65	3
20200311	北京	23	997291	15600	636	159
20200311	吉林	15	37347	527	161	5
20200311	四川	62	81867	2384	615	18
20200311	天津	5	4788	39	24	1
20200311	宁夏	3	198	13	5	1
20200311	安徽	41	34947	462	90	7
20200311	山东	101	933907	17172	1732	137
20200311	山西	28	22352	317	135	4
20200311	广东	90	138575	2520	285	18
20200311	广西	42	152059	5799	596	18
20200311	新疆	7	5145	77	21	1
20200311	江苏	66	110957	1416	271	13
20200311	江西	25	22534	175	109	1
20200311	河北	55	369325	2576	773	78
20200311	河南	138	2911584	29954	4820	2070
20200311	浙江	33	192939	10693	660	15
20200311	海南	4	192968	1084	312	24
20200311	湖北	34	7341400	107317	11331	70776
20200311	湖南	52	56197	666	293	24
20200311	甘肃	27	69972	988	257	91
20200311	福建	28	1028316	10723	865	402
20200311	西藏	2	1596	74	33	0
20200311	贵州	31	13886	286	84	5
20200311	辽宁	29	246792	2225	528	10
20200311	重庆	8	2884	109	42	4
20200311	陕西	42	234094	6529	2303	199
20200311	青海	5	948	42	7	0
20200311	首尔特别市	1	738210	42436	3011	56
20200311	黑龙江	26	4306	187	58	1
20200312		2	209	0	0	0
20200312	上海	8	8189	377	31	0
20200312	云南	36	17078	640	257	9
20200312	内蒙古	19	32095	1054	114	11
20200312	北京	17	33063	431	63	32
20200312	吉林	16	4986	122	52	1
20200312	四川	54	137736	1185	210	14
20200312	天津	8	8003	50	13	1
20200312	宁夏	4	12264	72	24	0
20200312	安徽	52	173893	1637	412	43
20200312	山东	111	6103609	35869	2364	2475
20200312	山西	35	522393	7003	1437	21
20200312	广东	54	25198	485	239	4
20200312	广西	41	25279	491	154	15
20200312	新疆	9	38011	920	98	36
20200312	江苏	95	380231	5112	921	103
20200312	江西	29	90603	735	220	4
20200312	河北	66	190619	1825	685	100
20200312	河南	205	1072970	12476	3173	271
20200312	浙江	45	59612	1270	281	38
20200312	海南	5	45896	250	70	6
20200312	湖北	27	189180	1315	214	96
20200312	湖南	33	40178	335	84	11
20200312	甘肃	22	117425	1712	203	15
20200312	福建	38	29963	301	79	11
20200312	贵州	28	513380	4991	1270	39
20200312	辽宁	26	10655	173	77	1
20200312	重庆	11	23615	241	29	0
20200312	陕西	44	92762	1223	389	112
20200312	青海	3	7526	20	6	0
20200312	黑龙江	9	15430	120	151	3
20200313		42	3167	38	0	4
20200313	上海	8	16421	213	52	4
20200313	云南	26	19561	243	101	3
20200313	内蒙古	12	2364	106	13	2
20200313	北京	14	138045	458	72	5
20200313	吉林	15	14949	481	84	2
20200313	四川	38	27217	1088	271	10
20200313	天津	6	3764	28	3	0
20200313	宁夏	6	2325	40	1	1
20200313	安徽	45	73774	1082	217	38
20200313	山东	96	420931	8885	792	89
20200313	山西	20	8847	135	49	2
20200313	广东	44	30179	934	220	10
20200313	广西	27	8500	260	74	2
20200313	新疆	1	53	3	0	0
20200313	江苏	70	763395	4777	460	307
20200313	江西	26	19015	355	58	2
20200313	河北	36	38891	304	90	7
20200313	河南	140	280612	4072	609	63
20200313	浙江	25	10208	285	68	2
20200313	海南	4	6245	174	59	0
20200313	湖北	17	16221	303	46	4
20200313	湖南	31	15066	627	142	5
20200313	甘肃	15	31711	260	74	5
20200313	福建	16	20239	646	213	3
20200313	西藏	4	119	20	6	0
20200313	贵州	22	565889	5019	1310	7
20200313	辽宁	17	6317	237	92	15
20200313	重庆	13	59634	573	439	8
20200313	陕西	19	31992	462	106	17
20200313	青海	3	53	4	0	0
20200313	黑龙江	20	109674	1129	218	14
20200314		11	830	5	0	0
20200314	Tokyo Prefecture	2	136	3	0	0
20200314	上海	7	22433	349	77	11
20200314	云南	44	77934	1090	288	44
20200314	内蒙古	22	7703	195	41	1
20200314	北京	20	15187	488	107	13
20200314	吉林	12	1715	56	10	0
20200314	四川	56	83934	1138	246	11
20200314	天津	10	7846	108	19	0
20200314	宁夏	2	874	12	6	0
20200314	安徽	64	505180	4359	907	150
20200314	山东	120	683486	20087	1966	1181
20200314	山西	45	24785	379	144	16
20200314	广东	61	44303	1387	390	33
20200314	广西	30	19148	352	67	4
20200314	新疆	15	239582	2048	280	53
20200314	江苏	67	205053	2188	685	65
20200314	江西	30	86672	1015	228	9
20200314	河北	80	15330707	374572	15087	1986
20200314	河南	135	820892	6937	918	79
20200314	浙江	47	128202	1464	150	8
20200314	海南	5	1293	23	8	1
20200314	湖北	24	7213	217	73	2
20200314	湖南	37	43732	504	196	3
20200314	甘肃	21	30059	431	95	3
20200314	福建	18	32855	374	75	21
20200314	西藏	5	1033	52	9	0
20200314	贵州	41	246264	2982	437	9
20200314	辽宁	30	13131	302	104	4
20200314	重庆	15	23708	238	65	1
20200314	陕西	39	75502	2781	321	80
20200314	青海	4	789	19	4	0
20200314	黑龙江	41	60507	701	254	10
20200315		24	112	1	0	0
20200315	上海	3	791	15	1	0
20200315	云南	30	13092	275	199	2
20200315	内蒙古	20	6753	416	103	3
20200315	北京	16	31083	949	73	10
20200315	吉林	13	29561	220	49	0
20200315	四川	54	26870	529	180	4
20200315	天津	4	706942	25422	12808	976
20200315	宁夏	1	674	13	2	0
20200315	安徽	41	15623	363	93	4
20200315	山东	104	1062105	8487	3569	163
20200315	山西	22	7464	106	30	0
20200315	广东	57	58463	1507	355	76
20200315	广西	35	120291	509	102	15
20200315	新疆	3	1719	47	4	0
20200315	江苏	59	22384	849	142	6
20200315	江西	19	4156	159	58	0
20200315	河北	64	51482	681	238	18
20200315	河南	88	137342	1413	368	11
20200315	浙江	31	18427	761	91	8
20200315	海南	9	4460	205	26	0
20200315	湖北	25	7318	219	56	2
20200315	湖南	27	18407	387	119	4
20200315	甘肃	23	23164	424	114	9
20200315	福建	28	7576	799	137	3
20200315	西藏	3	453	23	15	0
20200315	贵州	44	31307	715	150	2
20200315	辽宁	36	77247	3365	280	12
20200315	重庆	16	2686	92	41	0
20200315	陕西	28	31254	400	137	19
20200315	青海	5	3035	26	24	0
20200315	黑龙江	34	43613	412	154	6
延迟开学不用愁，高途课堂全科特训营，今日只要36元	20200212	1	0	486	1	0
延迟开学不用愁，高途课堂全科特训营，今日只要36元	20200213	1	0	1695	1	1
延迟开学不用愁，高途课堂全科特训营，今日只要36元	20200214	6	0	5024	7	2
