20200101	江苏	1	139940	1405	119	97
20200101	湖北	9	3135741	18030	6146	556
20200102	湖北	8	803	15	1	0
20200103	湖北	3	1349	4	4	0
20200104	湖北	5	34132	199	47	2
20200105	湖北	1	6857	209	49	0
20200107	湖北	2	8	0	0	0
20200109	湖北	1	838	17	6	0
20200109	澳门	1	13011	35	6	17
20200111	湖北	1	5803	30	6	1
20200113	湖北	1	2	0	0	0
20200115	湖北	1	363	2	0	0
20200117	湖北	1	52301	279	73	5
20200118	江苏	1	6	0	0	0
20200119	湖北	2	1452	7	4	0
20200120	广东	2	27	1	1	1
20200120	湖北	19	46505	456	131	4
20200121	上海	2	38900616	806509	65158	23308
20200121	北京	1	30874698	347502	38194	7333
20200121	四川	2	11	1	1	0
20200121	天津	1	1	0	0	0
20200121	安徽	1	37	0	0	0
20200121	山东	2	14	0	0	0
20200121	广东	2	20	1	0	0
20200121	江苏	1	8	1	0	1
20200121	河北	3	4788394	68042	8890	1357
20200121	河南	3	1291	17	8	0
20200121	湖北	49	309632	1475	715	35
20200121	湖南	1	13	0	0	0
20200121	辽宁	1	3	1	0	0
20200121	黑龙江	1	0	0	0	0
20200122	上海	1	5	2	0	0
20200122	内蒙古	1	12	0	0	0
20200122	北京	2	15	0	0	0
20200122	四川	3	8922145	137465	7109	1304
20200122	安徽	2	221653	4279	415	173
20200122	山东	2	9306	62	88	8
20200122	山西	2	65	0	0	0
20200122	广东	7	765	11	7	1
20200122	江苏	3	5055	81	19	0
20200122	江西	1	24	0	0	0
20200122	河北	1	1650	7	2	0
20200122	河南	2	433817	6643	694	156
20200122	浙江	1	5195	26	7	1
20200122	湖北	58	3107395	14574	1369	466
20200122	湖南	1	52	0	0	0
20200122	辽宁	1	40	2	0	0
20200122	重庆	2	799	8	8	1
20200122	陕西	1	10	0	0	0
20200122	黑龙江	5	20	0	1	1
20200123	上海	4	173	2	4	0
20200123	云南	2	885	11	3	0
20200123	加利福尼亚州	1	565	5	2	0
20200123	北京	6	381494429	12972284	848165	722153
20200123	吉林	2	21	0	0	0
20200123	四川	2	11	1	0	0
20200123	天津	1	3	0	0	0
20200123	安徽	3	57010	129	31	1
20200123	山东	4	9035019	103817	20602	427
20200123	广东	5	56	4	2	0
20200123	新疆	1	6	0	0	0
20200123	江苏	3	6101	42	9	0
20200123	江西	5	70617	273	32	5
20200123	河北	2	3	1	0	0
20200123	河南	6	5055	20	11	0
20200123	湖北	41	1202371	16432	1967	619
20200123	湖南	8	150990	1454	429	25
20200123	甘肃	1	6	0	0	1
20200123	福建	1	9	0	0	0
20200123	西藏	1	28	3	2	0
20200123	贵州	1	15	1	1	0
20200123	辽宁	1	3	1	0	0
20200123	重庆	3	19	1	0	0
20200123	黑龙江	2	6559	139	16	1
20200124	上海	2	22	0	0	0
20200124	云南	1	31	5	1	0
20200124	北京	1	4	1	0	0
20200124	吉林	4	16	3	0	0
20200124	四川	6	1781	14	2	0
20200124	安徽	9	10414	73	15	0
20200124	山东	8	395577	7534	412	470
20200124	山西	5	35	2	0	0
20200124	广东	8	7484	42	4	0
20200124	广西	2	4	0	0	0
20200124	新疆	1	2	1	0	0
20200124	江苏	6	14500	132	3	5
20200124	江西	6	25767	578	17	26
20200124	河北	7	99411	2043	392	192
20200124	河南	13	13367	136	21	0
20200124	浙江	9	88183	764	41	32
20200124	海南	1	1032	6	4	1
20200124	湖北	50	1480657	30948	2500	569
20200124	湖南	10	8110	31	2	0
20200124	甘肃	1	7	1	0	0
20200124	福建	2	9	0	0	1
20200124	贵州	2	18	2	3	0
20200124	辽宁	1	833	6	0	0
20200124	重庆	1	4	0	0	0
20200124	陕西	6	749	102	3	2
20200124	黑龙江	2	6	0	1	0
20200125	上海	1	15	0	0	0
20200125	云南	2	9	2	0	0
20200125	北京	3	1014788	30421	4347	3304
20200125	吉林	2	3140	15	2	0
20200125	四川	7	27	2	0	0
20200125	天津	1	4	0	0	0
20200125	安徽	16	447	37	3	0
20200125	山东	13	7024	124	39	2
20200125	山西	4	32	4	2	1
20200125	广东	15	419	30	1	4
20200125	广西	4	14	1	0	0
20200125	江苏	8	5895	32	2	2
20200125	江西	9	1759	13	0	0
20200125	河北	8	5584	23	8	1
20200125	河南	31	14124965	65789	6925	1252
20200125	浙江	10	104	5	1	0
20200125	海南	2	9	1	0	0
20200125	湖北	40	125769	3821	339	9
20200125	湖南	4	12	1	0	0
20200125	甘肃	6	46	3	1	0
20200125	福建	4	562	38	1	0
20200125	贵州	5	43	2	1	3
20200125	辽宁	2	51	1	0	0
20200125	重庆	7	5913	35	0	0
20200125	陕西	10	104	6	2	0
20200125	黑龙江	6	24	4	1	1
20200126	Okayama-ken	1	10	0	0	0
20200126	上海	2	40148	1033	73	15
20200126	云南	1	5	0	0	0
20200126	内蒙古	2	30665625	399618	34786	13260
20200126	北京	3	22683653	293756	32714	3653
20200126	北苏门答腊省	1	5	1	0	0
20200126	吉林	1	7	0	0	0
20200126	四川	6	11080	39	1	1
20200126	天津	2	537	11	0	0
20200126	安徽	12	100195736	1245299	130074	35123
20200126	山东	15	24793328	149007	21070	3797
20200126	山西	3	92395	1029	127	48
20200126	广东	11	1156790	7434	829	331
20200126	广西	2	14891415	149578	13919	3652
20200126	新疆	1	3	0	0	0
20200126	江苏	5	2137257	17659	2706	510
20200126	江西	1	10080	162	43	1
20200126	河北	11	5906074	24366	2946	891
20200126	河南	13	609524	8981	630	366
20200126	浙江	4	2797396	52390	5161	1036
20200126	海南	1	0	0	0	0
20200126	湖北	46	193245278	2559568	190699	61526
20200126	湖南	4	349574	3694	281	61
20200126	甘肃	2	2221479	11834	2300	428
20200126	福建	7	1811698	16221	2982	592
20200126	贵州	6	4318203	40541	8006	644
20200126	辽宁	5	138	3	2	0
20200126	重庆	4	20	1	0	0
20200126	陕西	5	24335	163	10	2
20200126	青海	1	3	0	0	0
20200126	黑龙江	3	132672	1873	118	64
20200127	Bangkok	1	7	0	0	0
20200127	上海	3	17529	142	20	7
20200127	云南	2	12947	88	3	1
20200127	内蒙古	3	14	0	0	0
20200127	加利福尼亚州	1	10	1	0	0
20200127	北京	4	17873341	151593	13315	7154
20200127	吉林	2	7	1	0	0
20200127	四川	16	83026	834	135	18
20200127	宁夏	1	13	0	0	0
20200127	安徽	15	33013	415	32	9
20200127	山东	32	163065	1521	173	29
20200127	山西	5	26	0	0	0
20200127	广东	11	40294	305	48	11
20200127	广西	5	30	3	0	0
20200127	新疆	1	53658	349	34	32
20200127	江苏	25	2308233	66778	18862	1899
20200127	江西	7	14182	166	9	1
20200127	河北	17	4955	72	2	1
20200127	河南	34	13225319	153639	44848	8351
20200127	浙江	2	19743	215	12	1
20200127	海南	1	1481076	8766	1382	372
20200127	湖北	58	162663	2026	323	47
20200127	湖南	7	2636633	25816	3483	235
20200127	甘肃	2	5	0	0	0
20200127	福建	9	2997259	24314	4127	568
20200127	西藏	1	13	1	0	0
20200127	贵州	7	18	1	0	0
20200127	辽宁	14	510	45	6	0
20200127	重庆	6	94602641	1441770	248376	42366
20200127	陕西	11	35809	375	80	7
20200127	青海	2	3181	7	0	0
20200127	黑龙江	3	12	0	0	0
20200128		1	287237	1886	115	110
20200128	上海	4	3924	108	12	0
20200128	云南	2	7	0	0	1
20200128	内蒙古	1	154	13	3	0
20200128	北京	1	128336850	2359320	208525	147651
20200128	吉林	2	20660	515	49	3
20200128	四川	7	4551	22	7	0
20200128	安徽	14	2901	27	1	1
20200128	山东	7	3863	15	2	0
20200128	山西	10	31139	128	17	5
20200128	广东	7	16201	284	93	1
20200128	广西	1	4	0	0	0
20200128	江苏	7	143	8	2	0
20200128	江西	4	29451	60	61	1
20200128	河北	13	220	7	0	0
20200128	河南	20	4415550	53929	9281	880
20200128	浙江	6	6721	49	25	0
20200128	海南	1	4	1	0	0
20200128	湖北	32	47800	565	262	15
20200128	湖南	1	1176	19	9	0
20200128	甘肃	2	6	0	0	0
20200128	福建	1	5	0	0	0
20200128	贵州	5	44	2	0	0
20200128	辽宁	2	38	1	0	0
20200128	重庆	1	10	1	0	0
20200128	陕西	14	44003	426	53	2
20200128	黑龙江	6	2246	84	15	1
20200129	Île-de-France	1	1	0	0	0
20200129	上海	2	1407	47	1	0
20200129	云南	2	11973	33	4	0
20200129	内蒙古	1	6	1	0	0
20200129	北京	1	39	0	0	0
20200129	吉林	2	1	0	0	0
20200129	四川	2	130	3	2	0
20200129	安徽	5	416609	2045	1313	20
20200129	山东	7	264	7	0	0
20200129	山西	1	9	0	0	0
20200129	广东	9	3315	36	6	1
20200129	广西	4	2090	256	32	0
20200129	江苏	5	40475026	655677	130965	10536
20200129	江西	3	479	3	1	0
20200129	河北	12	26724	154	21	5
20200129	河南	7	2594	57	2	0
20200129	浙江	4	2305	25	1	2
20200129	湖北	25	14770	142	12	1
20200129	湖南	2	294	4	5	0
20200129	甘肃	1	4031	2	3	0
20200129	福建	6	151	4	2	0
20200129	贵州	4	96	2	0	0
20200129	辽宁	2	2	0	0	0
20200129	重庆	2	202383	7124	798	137
20200129	陕西	3	79	14	0	0
20200129	黑龙江	2	0	0	0	0
20200130		1	6409	162	53	21
20200130	上海	1	36	1	0	0
20200130	云南	2	69	12	1	0
20200130	内蒙古	1	534	18	3	0
20200130	四川	3	1298	69	12	0
20200130	宁夏	1	35550	255	31	3
20200130	安徽	2	307	3	0	0
20200130	山东	7	2309	6	4	0
20200130	山西	1	29679	103	6	3
20200130	广东	4	2416	44	7	1
20200130	江苏	5	169987	1128	76	29
20200130	江西	3	66	6	0	0
20200130	河北	1	1576	17	0	0
20200130	河南	8	38441	1127	100	17
20200130	浙江	2	3	1	0	0
20200130	海南	1	2	0	0	0
20200130	湖北	14	22293	493	75	2
20200130	湖南	1	0	0	0	0
20200130	福建	2	251	2	0	0
20200130	西藏	1	3	0	0	0
20200130	贵州	1	2616	6	6	1
20200130	陕西	1	37	2	0	0
20200131	上海	3	78	1	0	0
20200131	云南	2	65170	225	47	8
20200131	内蒙古	1	3	0	0	0
20200131	北京	2	15	0	0	0
20200131	宁夏	1	21285	54	2	2
20200131	安徽	2	13	0	0	0
20200131	山东	5	782804	28761	1422	79
20200131	山西	2	825428	35271	5608	595
20200131	广东	2	13	1	0	0
20200131	新疆	2	19	2	0	0
20200131	江苏	5	367	125	2	0
20200131	江西	1	28170	446	226	53
20200131	河北	2	32731	345	73	38
20200131	河南	11	204083	6338	834	97
20200131	浙江	2	33	2	0	0
20200131	湖北	15	18523	147	23	3
20200131	湖南	2	188	25	0	4
20200131	甘肃	1	30	0	1	0
20200131	福建	3	5246	47	0	0
20200131	贵州	7	22	5	0	0
20200131	陕西	3	252	9	0	0
20200131	黑龙江	2	9	0	0	0
20200201	上海	1	5	0	0	0
20200201	云南	1	5130	36	3	1
20200201	四川	3	220	2	0	0
20200201	安徽	2	31664	71	22	0
20200201	山东	1	1	0	0	0
20200201	广东	7	961	4	2	0
20200201	广西	1	6	0	0	0
20200201	江苏	3	8032	419	74	20
20200201	江西	1	6	0	0	0
20200201	河北	2	515	7	10	0
20200201	河南	2	2879	99	4	0
20200201	浙江	1	7	1	0	1
20200201	湖北	9	53452	333	74	6
20200201	湖南	5	4331	29	30	3
20200201	甘肃	2	11	1	0	0
20200201	福建	1	3	0	0	0
20200201	贵州	1	8	1	0	0
20200201	辽宁	2	3457	21	5	1
20200201	重庆	1	13	1	1	0
20200201	陕西	2	696	6	7	0
20200201	黑龙江	1	3	0	0	0
20200202	上海	1	32	3	0	0
20200202	云南	2	4159	17	2	0
20200202	内蒙古	2	599	11	0	0
20200202	北京	1	3	0	0	1
20200202	吉林	2	1	0	0	0
20200202	安徽	2	33196	107	14	0
20200202	山东	4	29	3	0	0
20200202	山西	1	1391	23	7	0
20200202	广东	1	17	1	0	0
20200202	江苏	1	432	115	11	0
20200202	江西	3	44921	128	199	13
20200202	河北	2	2	1	0	0
20200202	河南	6	102237	1012	74	4
20200202	浙江	3	790	15	0	4
20200202	海南	1	143	25	5	0
20200202	湖北	12	1078467	17208	1101	118
20200202	湖南	5	56922	961	30	7
20200202	福建	1	5	1	0	0
20200202	西藏	1	2670	150	46	0
20200202	贵州	3	223	12	3	0
20200202	辽宁	1	25	1	0	0
20200202	重庆	1	795	9	0	0
20200202	黑龙江	3	13	0	0	0
20200203	北京	2	715581	4187	325	252
20200203	天津	1	0	0	0	0
20200203	安徽	2	0	0	0	0
20200203	山东	2	10	0	0	0
20200203	广东	1	1197	23	8	0
20200203	广西	1	5	0	0	0
20200203	江苏	1	10	0	0	0
20200203	江西	2	4949	305	95	1
20200203	河北	1	115	12	3	0
20200203	河南	6	47980	576	117	53
20200203	浙江	1	1	0	0	0
20200203	海南	1	564	48	4	0
20200203	湖北	6	16247	161	76	0
20200203	湖南	2	18816	32	5	0
20200203	陕西	2	68969	341	58	3
20200203	黑龙江	2	0	0	0	0
20200204	北京	2	5	0	3	0
20200204	四川	3	788	11	2	0
20200204	天津	1	31246	419	131	14
20200204	安徽	1	9	0	0	0
20200204	山东	5	12657	35	10	0
20200204	山西	1	4	0	0	0
20200204	广东	3	2611	19	2	0
20200204	河北	1	0	0	0	0
20200204	河南	3	2053	45	0	0
20200204	浙江	1	0	0	0	0
20200204	湖北	9	65	15	1	3
20200204	湖南	3	96	3	1	0
20200204	福建	1	4460	45	8	4
20200204	贵州	1	481	35	12	0
20200204	陕西	1	3	0	0	0
20200205	上海	1	5	0	0	0
20200205	云南	1	155	10	0	0
20200205	四川	2	13	2	0	0
20200205	山东	7	39	4	1	0
20200205	广东	2	19	1	0	0
20200205	江苏	1	69	7	0	0
20200205	河北	2	18	0	0	0
20200205	河南	1	4657627	51777	13633	1206
20200205	湖北	11	21421	85	42	8
20200205	湖南	1	7	0	0	0
20200205	福建	2	27	0	0	0
20200205	辽宁	1	236	12	2	0
20200206	上海	1	7	0	0	0
20200206	云南	1	170	16	0	0
20200206	北京	3	92094326	2502939	76547	61556
20200206	吉林	1	3	0	0	0
20200206	四川	3	1005730	29176	7354	770
20200206	安徽	2	168	43	0	0
20200206	山东	2	3548	51	6	1
20200206	山西	3	14	0	0	1
20200206	广东	5	426	12	0	1
20200206	新疆	1	2	1	0	0
20200206	江苏	2	19	1	0	0
20200206	江西	2	6	0	0	0
20200206	河北	1	7	0	0	0
20200206	河南	6	28186	311	15	33
20200206	浙江	8	54925	1590	427	54
20200206	湖北	6	2897	87	20	3
20200206	湖南	6	31389	249	37	2
20200206	贵州	1	4	0	0	0
20200206	辽宁	1	15743	120	110	11
20200206	陕西	2	8	1	0	0
20200207		1	0	0	0	0
20200207	National Capital Region	2	11	0	0	0
20200207	云南	5	30	0	0	0
20200207	北京	1	1	0	0	0
20200207	吉林	1	0	0	0	0
20200207	四川	7	169351	6092	575	87
20200207	安徽	7	1685	56	11	0
20200207	山东	5	6087	21	5	0
20200207	山西	1	4	0	0	0
20200207	广东	10	1459655	10379	4411	226
20200207	新疆	2	47009	521	31	21
20200207	江苏	5	10	1	0	0
20200207	江西	1	1	0	1	0
20200207	河北	10	8757	169	11	1
20200207	河南	8	646	28	7	0
20200207	浙江	6	232190	5928	669	53
20200207	湖北	12	14674	75	36	5
20200207	福建	4	8	0	1	0
20200207	西藏	2	6	0	0	0
20200207	辽宁	1	0	0	0	0
20200207	重庆	1	0	0	0	0
20200207	陕西	6	17290	545	153	9
20200207	黑龙江	1	0	0	0	0
20200208	上海	2	12797	150	44	3
20200208	内蒙古	1	5	0	0	0
20200208	四川	5	26	2	0	1
20200208	天津	1	53	1	1	0
20200208	安徽	2	58	3	0	0
20200208	山东	1	12509	171	23	2
20200208	广东	6	2049	16	4	0
20200208	江苏	2	638	16	2	5
20200208	江西	3	50	6	3	0
20200208	河北	1	11	1	0	0
20200208	河南	6	758	14	0	0
20200208	浙江	1	20	2	2	0
20200208	湖北	3	4316	62	3	0
20200208	贵州	2	22373	398	18	0
20200208	重庆	3	112	4	0	0
20200208	陕西	2	5	1	0	0
20200208	黑龙江	2	638	5	1	0
20200209	内蒙古	1	609	4	0	1
20200209	北京	2	3226946	18472	1425	1015
20200209	北海道	1	1935	14	0	0
20200209	四川	6	19	1	0	0
20200209	天津	3	13	0	0	0
20200209	宁夏	1	190	2	0	0
20200209	安徽	9	78	2	1	0
20200209	山东	8	1694	4	2	0
20200209	山西	2	7	0	1	0
20200209	广东	7	1265228	9449	487	200
20200209	广西	1	6	1	0	0
20200209	江苏	8	45	2	0	0
20200209	河南	2	695	26	8	0
20200209	浙江	3	6	1	0	0
20200209	湖北	7	40709	532	91	69
20200209	湖南	2	72	2	0	0
20200209	甘肃	2	6	0	0	0
20200209	福建	1	9	1	2	0
20200209	贵州	2	29979	80	12	0
20200209	辽宁	1	4	0	0	0
20200209	重庆	3	33	2	0	0
20200209	陕西	2	873	27	0	0
20200210	Catalunya	1	3	0	0	0
20200210	上海	2	8057	39	12	1
20200210	云南	2	10	1	0	0
20200210	内蒙古	2	4	0	0	0
20200210	北京	2	5	1	0	1
20200210	吉林	4	14	0	0	0
20200210	四川	5	17	2	0	0
20200210	天津	5	25	0	0	0
20200210	宁夏	1	628	10	4	0
20200210	安徽	6	76	4	0	0
20200210	山东	7	2003	11	0	1
20200210	山西	3	8	2	0	0
20200210	广东	7	83381	4754	565	17
20200210	江苏	5	10	0	0	0
20200210	江西	4	60	4	0	0
20200210	河北	3	16	3	0	0
20200210	河南	4	14	1	0	0
20200210	浙江	1	4	0	0	0
20200210	湖北	5	1315	16	5	0
20200210	甘肃	3	282	27	5	0
20200210	福建	5	270	11	2	0
20200210	贵州	2	11	0	0	0
20200210	辽宁	7	24	1	0	0
20200210	重庆	4	1187	67	10	0
20200210	陕西	7	43	1	0	0
20200210	青海	1	2	0	0	0
20200210	黑龙江	2	1	0	0	0
20200211	上海	3	317465	2335	139	154
20200211	云南	4	1024	10	0	0
20200211	内蒙古	2	0	0	0	0
20200211	吉林	1	1	0	0	0
20200211	四川	4	965	14	3	0
20200211	天津	1	4	0	0	0
20200211	安徽	2	8	0	0	0
20200211	山东	6	23	0	0	0
20200211	山西	3	34	1	0	0
20200211	广东	4	28	3	3	1
20200211	江苏	11	119	13	1	0
20200211	江西	7	37	4	0	0
20200211	河北	5	771	20	6	4
20200211	河南	9	7782	8	2	2
20200211	浙江	5	8985	27	4	0
20200211	海南	1	3	0	1	0
20200211	湖北	11	29489	478	98	4
20200211	湖南	5	420	16	3	0
20200211	甘肃	1	23	1	0	0
20200211	福建	6	38	4	0	1
20200211	贵州	1	5	0	0	0
20200211	陕西	3	68	1	3	0
20200211	黑龙江	1	15	1	0	0
20200212	上海	1	4	0	0	0
20200212	内蒙古	3	8	0	0	0
20200212	北京	3	3207	39	2	3
20200212	吉林	3	5	0	0	0
20200212	四川	1	9	1	0	2
20200212	安徽	4	173	16	8	0
20200212	山东	4	1692	27	4	0
20200212	山西	2	1079	24	2	1
20200212	广东	3	938	20	0	0
20200212	广西	1	1775	42	13	0
20200212	新疆	1	1524	28	4	1
20200212	江苏	4	45	3	0	0
20200212	江西	1	212	7	0	0
20200212	河北	4	17	2	0	0
20200212	河南	1	20	0	0	0
20200212	浙江	2	841	5	0	0
20200212	湖北	10	4464	67	13	2
20200212	湖南	1	64	1	0	0
20200212	福建	1	4	1	0	0
20200212	贵州	1	25	0	0	0
20200212	重庆	3	95	5	5	0
20200212	陕西	2	34	0	0	0
20200212	黑龙江	1	73	18	0	0
20200213	内蒙古	1	6	0	0	0
20200213	北京	1	3518	22	15	0
20200213	四川	2	3	0	0	0
20200213	安徽	2	4	0	0	0
20200213	山东	2	7	0	0	0
20200213	山西	1	9	1	0	0
20200213	广东	9	45	2	0	0
20200213	广西	1	2	0	0	0
20200213	江苏	3	23	4	0	0
20200213	河北	4	14	1	0	0
20200213	河南	4	1910	53	0	1
20200213	浙江	3	25	3	1	0
20200213	湖北	7	2423	13	1	4
20200213	甘肃	1	287	29	1	0
20200213	辽宁	2	7	0	0	0
20200213	陕西	2	496	34	0	0
20200214	北京	1	92	1	0	0
20200214	吉林	1	6	0	0	0
20200214	四川	2	159	3	0	0
20200214	天津	1	282	6	3	0
20200214	安徽	2	23	2	0	0
20200214	广东	1	4	0	0	0
20200214	广西	1	77	10	4	0
20200214	江西	3	27	0	0	0
20200214	河北	2	328	4	3	0
20200214	河南	1	17	1	0	0
20200214	湖北	11	96226	617	243	30
20200214	湖南	2	499	2	0	0
20200214	福建	3	2156	39	5	5
20200214	贵州	1	1611	22	1	0
20200214	辽宁	1	381	1	0	0
20200214	陕西	1	10	0	0	0
20200215	北京	1	1	1	0	0
20200215	四川	2	6	1	0	0
20200215	安徽	4	81	0	0	0
20200215	广东	3	13	1	0	0
20200215	江西	2	22117	85	9	1
20200215	河北	1	2923	16	18	0
20200215	浙江	2	425	6	1	0
20200215	湖北	4	7358	134	13	0
20200215	福建	2	16	0	0	0
20200215	黑龙江	1	4	0	0	0
20200216	云南	1	668	4	0	0
20200216	四川	1	11	1	0	0
20200216	安徽	5	22694	646	446	54
20200216	山东	2	5	1	0	0
20200216	广东	1	70	1	0	0
20200216	江苏	2	319	3	0	0
20200216	江西	2	90306	3615	96	5
20200216	河南	4	4862	129	53	23
20200216	湖北	10	3180	148	49	2
20200216	湖南	1	1	0	0	0
20200216	福建	2	12	1	0	0
20200216	贵州	1	3	0	0	0
20200216	陕西	1	910	31	3	0
20200217	北京	2	16247537	83466	6250	2847
20200217	吉林	1	10693	274	9	0
20200217	安徽	3	20	2	5	0
20200217	山东	5	202	8	1	0
20200217	广西	1	19	1	0	0
20200217	江苏	3	770	40	0	2
20200217	江西	2	94	4	0	0
20200217	河南	1	3	0	0	0
20200217	浙江	3	40952	431	34	137
20200217	湖北	8	2830	43	6	10
20200217	贵州	1	713	25	4	0
20200217	辽宁	1	57	4	2	0
20200217	陕西	1	502	25	10	0
20200218	吉林	1	978769	5502	1349	60
20200218	四川	2	21709	281	30	25
20200218	安徽	1	240	9	5	0
20200218	山东	2	43041	199	23	3
20200218	山西	2	151666	1692	82	24
20200218	广东	2	11112	1627	2	2
20200218	江西	2	2177	53	12	2
20200218	河北	1	0	0	0	0
20200218	河南	2	6	1	0	0
20200218	浙江	1	4	1	0	0
20200218	湖北	4	14016	132	71	1
20200218	甘肃	1	42607	185	36	1
20200218	福建	1	3	0	0	0
20200218	辽宁	1	5	0	0	0
20200218	黑龙江	1	4	0	0	0
20200219	上海	2	1082	104	20	0
20200219	云南	2	68822	2870	98	44
20200219	北京	1	42292	726	117	9
20200219	四川	3	18973	242	30	32
20200219	安徽	1	10	0	0	0
20200219	山东	4	426937	3457	610	136
20200219	广东	2	1007	51	0	0
20200219	新疆	1	5	1	0	0
20200219	江苏	6	2873861	177597	1826	439
20200219	江西	1	14	0	0	4
20200219	河南	1	3	1	0	0
20200219	湖北	7	8412	26	6	0
20200219	湖南	1	3	0	0	0
20200219	贵州	1	17	2	0	0
20200219	陕西	2	56840	4482	352	15
20200219	黑龙江	1	7	0	0	0
20200220	云南	1	29	0	0	0
20200220	北京	2	762	10	0	1
20200220	吉林	2	177	18	6	0
20200220	四川	4	25	5	0	0
20200220	天津	1	10	1	0	0
20200220	山东	2	495	20	1	0
20200220	山西	1	134	11	1	0
20200220	江苏	2	5	1	0	0
20200220	河北	2	2	1	0	0
20200220	河南	2	470	1	0	0
20200220	湖北	3	3026	42	13	0
20200220	湖南	1	0	0	0	0
20200220	陕西	1	69	4	0	0
20200221	北京	2	2014	58	35	0
20200221	四川	1	1153	13	2	0
20200221	安徽	2	5	1	0	0
20200221	山东	3	508	14	2	0
20200221	广东	2	10	0	0	0
20200221	广西	1	206	1	0	0
20200221	江苏	2	39	0	0	0
20200221	河南	1	770	7	6	0
20200221	浙江	1	4	0	0	0
20200221	湖北	6	25969	158	48	3
20200221	湖南	2	67	10	4	1
20200221	辽宁	2	3	1	0	0
20200221	黑龙江	4	9	2	1	0
20200222		1	13	1	0	0
20200222	Kanagawa	1	6	0	0	0
20200222	上海	2	940775	6242	1072	184
20200222	云南	8	1147306	3403	364	112
20200222	内蒙古	7	20180886	173540	32975	15252
20200222	北京	15	20445148	249372	29319	12897
20200222	吉林	6	535722	3003	599	481
20200222	四川	14	132171971	2174569	275680	89126
20200222	天津	2	173	2	0	0
20200222	宁夏	1	200	0	1	0
20200222	安徽	19	2314066	17069	1577	610
20200222	山东	50	3886765	18579	1945	795
20200222	山西	13	129510751	2420868	177104	105250
20200222	广东	25	8931394	47053	7800	2738
20200222	广西	6	1161486	5784	591	325
20200222	新疆	2	268620	1111	94	36
20200222	江苏	18	8788402	66901	9562	5337
20200222	江西	12	2808824	12695	1158	595
20200222	河北	21	679934	5062	691	449
20200222	河南	36	5589213	40513	4337	1908
20200222	浙江	7	164677	817	76	39
20200222	湖北	55	23123304	113237	11411	6712
20200222	湖南	8	33649598	360391	46703	15841
20200222	甘肃	4	184015	721	56	35
20200222	福建	7	606006	3370	346	184
20200222	贵州	8	812912	4252	491	148
20200222	辽宁	11	3179093	9616	899	513
20200222	重庆	5	227507	1260	67	20
20200222	陕西	11	2328693	16210	1726	828
20200222	黑龙江	4	1561	10	1	1
20200223	上海	1	218	6	9	0
20200223	云南	5	30774	212	31	51
20200223	内蒙古	1	174625	788	68	25
20200223	北京	5	3315800	46511	4801	2031
20200223	吉林	4	0	0	0	0
20200223	四川	8	269442	1651	150	52
20200223	宁夏	1	499	26	2	0
20200223	安徽	9	1226320	4246	301	240
20200223	山东	20	577628	2818	271	78
20200223	山西	3	120235	545	49	33
20200223	广东	17	80717	835	98	35
20200223	广西	3	1033	13	9	1
20200223	江苏	10	39049744	568456	37671	8818
20200223	江西	4	2038957	6419	493	340
20200223	河北	10	44300	443	45	11
20200223	河南	10	11335034	46197	4742	1358
20200223	浙江	6	47443	159	15	2
20200223	湖北	30	55993	555	53	44
20200223	湖南	8	50062	534	43	22
20200223	甘肃	1	161685	631	54	13
20200223	福建	3	87	3	0	0
20200223	贵州	3	24042	197	8	4
20200223	辽宁	8	589	141	2	0
20200223	重庆	4	18056	918	42	9
20200223	陕西	6	4837	56	1	0
20200223	青海	1	9	0	0	0
20200223	黑龙江	3	9023	17	0	1
20200224	上海	2	8	1	0	0
20200224	云南	1	3727	16	3	0
20200224	内蒙古	1	906	5	0	0
20200224	吉林	2	24	2	0	0
20200224	四川	1	266	8	0	0
20200224	天津	1	3	1	0	0
20200224	安徽	2	2908	114	2	1
20200224	山东	1	394	2	0	0
20200224	广东	2	3	0	0	0
20200224	河北	2	6365	15	4	2
20200224	河南	3	44	0	0	0
20200224	湖北	6	8250561	36906	3576	513
20200224	湖南	1	183551	7229	148	22
20200224	福建	1	0	0	0	0
20200224	贵州	1	7	0	0	0
20200224	辽宁	1	7	1	0	0
20200224	重庆	2	14798	657	115	5
20200224	陕西	1	2	0	0	0
20200225	内蒙古	1	684	7	0	0
20200225	安徽	2	30	4	0	0
20200225	山东	3	63321	874	87	27
20200225	山西	1	2	0	0	0
20200225	广东	1	4	1	0	0
20200225	托斯卡纳	1	7	0	0	0
20200225	新疆	1	1115909	4059	95	50
20200225	江苏	5	2001	61	21	1
20200225	河北	2	28502	247	10	0
20200225	河南	6	96281571	1584655	78299	26382
20200225	浙江	1	172	8	5	0
20200225	湖北	5	30207	1331	194	1
20200225	甘肃	1	0	0	0	0
20200225	辽宁	1	1	0	0	0
20200225	陕西	1	3	1	0	0
20200225	黑龙江	1	0	0	0	0
20200226		1	42248	112	9	8
20200226	内蒙古	3	284903	1126	124	25
20200226	北京	5	435061	3527	279	51
20200226	吉林	2	18540	170	28	4
20200226	四川	4	571572	6788	556	63
20200226	天津	1	3	0	0	0
20200226	安徽	9	263493	2166	136	19
20200226	山东	18	7841761	62140	5779	396
20200226	山西	5	22485358	400558	37128	2319
20200226	广东	8	685578	3583	328	66
20200226	广西	2	43	1	0	0
20200226	江苏	3	717427	1743	122	24
20200226	江西	3	1722682	8177	418	89
20200226	河北	4	15243226	181241	11606	1427
20200226	河南	10	17104042	105334	7737	1739
20200226	浙江	2	1243895	5383	303	69
20200226	湖北	11	624216	4769	480	50
20200226	湖南	1	102390	472	22	3
20200226	福建	5	9556159	46802	2507	865
20200226	贵州	1	46	4	0	0
20200226	辽宁	2	169007	1683	172	20
20200226	重庆	1	9	0	0	0
20200226	陕西	1	51	7	0	0
20200226	黑龙江	2	63490	609	112	317
20200227	上海	1	1286	37	4	1
20200227	安徽	1	3	0	0	0
20200227	山东	2	8987561	33045	1623	409
20200227	山西	1	23757	191	18	3
20200227	广东	1	4	0	0	0
20200227	广西	1	1429	94	4	0
20200227	江苏	1	6	1	0	0
20200227	江西	1	7	0	0	0
20200227	河北	2	0	0	0	0
20200227	河南	4	6707	66	7	4
20200227	浙江	1	2	0	0	0
20200227	湖北	3	384	7	1	1
20200227	湖南	1	192	9	4	0
20200227	福建	2	12758	128	21	3
20200227	辽宁	1	1777	33	8	1
20200227	陕西	6	8359	307	10	2
20200227	黑龙江	1	2	0	0	0
20200228	北京	1	58762	2439	72	740
20200228	安徽	1	504	52	3	0
20200228	山东	1	2	0	0	0
20200228	山西	1	7	0	0	0
20200228	江苏	2	6	0	0	0
20200228	江西	2	442	3	0	0
20200228	河北	1	24	3	0	0
20200228	河南	1	0	0	0	0
20200228	浙江	1	5	0	0	0
20200228	湖北	9	792	12	1	0
20200228	湖南	2	898	59	17	0
20200229	State of New South Wales	1	10	1	1	0
20200229	北京	1	569	2	0	0
20200229	广东	2	749	5	0	0
20200229	广西	2	10	0	0	0
20200229	河北	3	2160018	64851	4858	606
20200229	河南	1	0	0	0	0
20200229	浙江	1	224	3	1	2
20200229	湖北	3	2796	51	7	0
20200229	湖南	1	5	0	2	0
20200229	福建	1	4	0	0	0
20200229	辽宁	1	4	2	0	0
20200301	Belgrade	1	410	8	0	1
20200301	上海	2	60	1	0	0
20200301	内蒙古	1	769	8	0	0
20200301	北京	2	5272495	82039	2761	1349
20200301	四川	2	802	13	0	0
20200301	天津	1	13122	213	16	1
20200301	安徽	3	48678	732	31	12
20200301	山东	4	155109	2213	80	19
20200301	山西	1	85	4	0	6
20200301	广东	2	86375	1020	78	8
20200301	新疆	1	60173	546	28	3
20200301	江苏	4	170485	1170	58	28
20200301	江西	2	343483	2591	118	166
20200301	河南	7	663144	7200	482	162
20200301	湖北	7	3504737	21867	1547	341
20200301	湖南	1	2	0	0	0
20200301	甘肃	1	100	10	3	0
20200301	福建	3	21628	488	31	4
20200301	辽宁	1	76665	1118	47	29
20200301	陕西	1	5	1	0	0
20200302	山东	1	43	1	0	0
20200302	山西	1	20	0	0	0
20200302	江苏	1	3	0	0	0
20200302	江西	1	5745	44	0	1
20200302	河南	3	9794118	476713	13427	3635
20200302	浙江	4	25475	517	15	9
20200302	湖北	1	3	0	0	0
20200302	湖南	1	717	26	0	0
20200303	上海	2	1348399	7924	835	83
20200303	云南	1	19	2	0	0
20200303	内蒙古	2	165931	869	46	8
20200303	北京	2	4014	52	3	5
20200303	吉林	1	2	0	0	0
20200303	四川	3	540517	5762	556	137
20200303	安徽	6	538224	6888	411	40
20200303	山东	11	13729711	112156	8050	3775
20200303	广东	3	4233	337	20	8
20200303	广西	1	4	0	0	0
20200303	江苏	4	98974	1055	84	19
20200303	河北	3	930132	5189	380	52
20200303	河南	8	616096	5283	455	98
20200303	浙江	1	1	0	0	0
20200303	湖北	37	194656	4400	423	72
20200303	湖南	5	10574	178	7	0
20200303	福建	3	83867	607	40	9
20200303	贵州	1	95787	673	38	8
20200303	辽宁	1	6435	103	9	0
20200303	重庆	2	1278874	37362	5011	1340
20200303	黑龙江	1	5580	31	0	0
20200304		1	3340322	59720	2476	2261
20200304	上海	2	3195162	38891	2845	907
20200304	云南	1	9	1	0	0
20200304	内蒙古	3	1754	21	3	4
20200304	北京	8	1285292	20453	550	106
20200304	四川	13	2440946	103954	6363	1291
20200304	天津	1	46	1	0	0
20200304	安徽	3	25188	373	10	5
20200304	山东	8	182886	939	27	10
20200304	山西	2	13	0	0	0
20200304	广东	7	167053	1597	372	10
20200304	江苏	3	4530483	66648	8970	908
20200304	江西	1	2	0	0	0
20200304	河北	3	34410	354	10	7
20200304	河南	8	3064420	48752	5970	379
20200304	浙江	1	4	0	0	0
20200304	湖北	33	786245	12073	975	517
20200304	湖南	3	11152	181	8	4
20200304	甘肃	1	301	5	2	0
20200304	福建	4	577	32	3	0
20200304	贵州	3	1370	27	1	0
20200304	陕西	3	219	23	0	1
20200305	上海	1	544085	9495	538	81
20200305	内蒙古	1	318	16	2	1
20200305	北京	1	329357	5953	392	318
20200305	吉林	1	0	0	0	0
20200305	四川	5	1868570	25960	5168	252
20200305	安徽	1	10	1	0	0
20200305	山东	2	910	47	6	0
20200305	江苏	2	14	2	0	0
20200305	江西	1	9395	87	3	2
20200305	河北	1	76128	853	64	12
20200305	河南	2	13324	364	38	3
20200305	湖北	17	6846801	144909	16206	999
20200305	贵州	1	5531	357	7	1
20200305	辽宁	2	25	2	0	0
20200305	陕西	5	919	14	0	2
20200306	吉林	1	4735	34	3	0
20200306	天津	1	36871	139	9	2
20200306	山东	1	1389055	4717	1191	70
20200306	广东	1	113	4	0	0
20200306	河南	5	47689679	444815	30719	2340
20200306	浙江	1	257	64	17	0
20200306	湖北	18	481727	4280	741	499
20200306	辽宁	1	2	0	0	0
20200306	陕西	1	349	5	0	0
20200307	上海	1	2078	19	0	0
20200307	北京	1	59	2	0	0
20200307	华盛顿州	1	185	2	0	1
20200307	四川	1	0	0	0	0
20200307	广东	2	108	4	1	0
20200307	河北	2	2001	18	8	0
20200307	河南	4	39205	565	28	3
20200307	浙江	1	1	0	0	0
20200307	湖北	24	674796	5119	1050	100
20200307	湖南	3	274	6	2	1
20200307	福建	1	5	0	0	0
20200307	贵州	1	4	0	0	0
20200307	辽宁	2	10861	123	3	1
20200308	山东	3	2244496	120612	2567	164
20200308	广东	1	801	9	5	0
20200308	河南	1	0	0	0	0
20200308	湖北	18	106092	3643	1258	18
20200308	辽宁	1	0	0	0	0
20200309	北京	1	1	0	0	0
20200309	四川	1	305	4	1	0
20200309	山东	3	10958291	89117	5787	2119
20200309	广东	2	98	11	3	2
20200309	广西	2	557	124	8	0
20200309	江苏	3	6159	111	10	0
20200309	江西	1	4	0	0	0
20200309	河北	3	738	20	0	1
20200309	河南	5	144740	2100	190	84
20200309	浙江	5	61794	2894	136	14
20200309	海南	1	27	2	0	0
20200309	湖北	50	84728091	1774411	170584	98111
20200309	湖南	1	274	6	1	1
20200309	辽宁	3	85	5	0	0
20200310	上海	2	10010	227	24	3
20200310	内蒙古	5	307023	866	49	21
20200310	北京	5	470534	4716	334	60
20200310	吉林	1	0	0	0	0
20200310	四川	3	4792	56	2	0
20200310	宁夏	1	3	0	0	0
20200310	安徽	4	421348	4435	407	96
20200310	山东	20	2934817	25595	2414	913
20200310	山西	2	1759262	6709	646	446
20200310	广东	7	15131	102	7	1
20200310	广西	3	18	2	0	0
20200310	新疆	1	802	75	5	0
20200310	江苏	2	151437	1710	90	29
20200310	江西	1	22	2	0	0
20200310	河北	8	119592	1261	104	21
20200310	河南	11	16081026	204360	21135	5676
20200310	浙江	4	164385	314	30	7
20200310	海南	1	172	4	0	0
20200310	湖北	70	512082	7738	786	302
20200310	湖南	5	33201	753	37	7
20200310	福建	2	23387	333	14	1
20200310	贵州	3	105390	1174	123	20
20200310	辽宁	6	141110	1837	246	48
20200310	重庆	1	45941	591	51	6
20200310	陕西	7	234576	1392	80	7
20200310	黑龙江	3	1	0	0	0
20200311	上海	1	19	2	0	0
20200311	云南	1	2	0	0	0
20200311	四川	1	520246	5278	737	171
20200311	安徽	1	78033	620	18	3
20200311	山东	5	263702	2082	166	31
20200311	广东	2	428	2	0	0
20200311	江苏	2	123702	1641	221	20
20200311	河北	1	1272052	4519	86	40
20200311	河南	3	15564720	111966	39861	752
20200311	浙江	1	2212	100	9	0
20200311	湖北	13	163635	3387	154	25
20200311	湖南	1	15	0	0	0
20200311	甘肃	1	24425	298	34	7
20200311	陕西	2	32	3	0	1
20200311	黑龙江	2	416	14	1	0
20200312	内蒙古	1	14106	264	5	3
20200312	山东	1	50597	492	31	9
20200312	广西	1	0	0	0	0
20200312	江苏	1	8	0	0	0
20200312	河北	2	3565442	14851	1284	158
20200312	河南	2	9474	33	10	0
20200312	湖北	12	205145	2473	622	63
20200312	湖南	1	16	1	0	0
20200312	黑龙江	1	17	2	0	0
20200313	Long An	1	3	0	0	0
20200313	北京	1	2266	26	3	0
20200313	山东	4	46686	550	52	14
20200313	广东	1	170	9	0	0
20200313	江苏	1	1	0	0	0
20200313	河南	4	69	1	0	0
20200313	湖北	10	1895	105	11	0
20200313	湖南	1	19934	165	8	0
20200313	福建	2	92850	1638	101	4
20200313	辽宁	1	8	0	0	0
20200313	陕西	2	434	8	0	0
20200314	上海	2	968738	19269	1584	303
20200314	四川	1	99	6	1	0
20200314	安徽	1	23	2	2	0
20200314	山东	11	1243905	7410	368	130
20200314	山西	1	143	22	0	0
20200314	广东	2	570	4	1	0
20200314	江苏	3	9195	112	10	3
20200314	河北	7	102403066	1083642	52716	16679
20200314	河南	6	4069853	20254	578	233
20200314	浙江	2	10185	102	28	0
20200314	海南	1	91280	275	9	5
20200314	湖北	4	96376	469	18	7
20200314	重庆	1	239	12	0	0
20200315		1	2295	29	4	1
20200315	北京	2	2033539	11723	1938	739
20200315	四川	3	308	16	0	1
20200315	山东	1	4	0	0	0
20200315	山西	2	5	0	1	0
20200315	广东	6	348342	4130	591	145
20200315	江西	1	4	1	0	0
20200315	河南	2	22567	487	19	4
20200315	浙江	2	478	30	2	0
20200315	湖北	9	3042	150	18	2
20200315	湖南	1	0	0	0	0
20200315	福建	1	29050	277	9	4
20200315	贵州	2	14608	223	23	3
