20200127	江西	1	1144	54	3	0
20200202	上海	2	2068	26	6	1
20200202	云南	2	398	9	0	0
20200202	内蒙古	3	1215650	27139	868	236
20200202	北京	5	27808836	1202164	36801	7472
20200202	吉林	3	53	4	0	0
20200202	四川	3	4371	272	3	0
20200202	天津	1	627	39	6	0
20200202	安徽	6	20251387	567733	16654	2298
20200202	山东	15	17903269	239731	10658	1522
20200202	山西	7	103338453	4345605	125550	16788
20200202	广东	11	128972	4891	231	48
20200202	新疆	2	10216	202	3	2
20200202	江苏	11	1616785	76301	4276	700
20200202	江西	4	52548	643	18	7
20200202	河北	9	39255186	1166992	38758	13246
20200202	河南	24	264712	8639	276	30
20200202	浙江	3	23137	1515	56	0
20200202	湖北	11	350789	11322	719	72
20200202	湖南	3	104852	2595	87	13
20200202	甘肃	3	9937	107	1	0
20200202	福建	4	8959303	142375	5660	1488
20200202	贵州	2	15081	888	49	11
20200202	辽宁	1	843	50	6	1
20200202	陕西	13	84418	3278	170	29
20200202	青海	1	107	8	1	0
20200202	黑龙江	1	40	3	0	0
20200203		1	4160	93	3	16
20200203	上海	5	22532	591	33	8
20200203	北京	1	715552	4187	325	252
20200203	四川	2	4875642	56674	4154	463
20200203	天津	4	2491	54	6	0
20200203	安徽	2	4	1	0	0
20200203	山东	4	3383154	151730	1806	1904
20200203	广东	6	13355	298	26	8
20200203	广西	2	9	1	0	0
20200203	新疆	1	0	0	0	0
20200203	江苏	4	377	19	2	0
20200203	江西	2	978	46	5	0
20200203	河北	5	4006	161	14	0
20200203	河南	4	210668	9141	811	54
20200203	浙江	1	10	0	0	1
20200203	海南	1	141	22	1	12
20200203	湖北	6	576904	20662	594	79
20200203	湖南	1	0	0	0	0
20200203	甘肃	2	31	1	0	0
20200203	福建	4	23969	410	8	7
20200203	贵州	2	929	16	1	4
20200203	辽宁	3	1	0	0	0
20200203	重庆	1	4	1	0	0
20200203	陕西	4	10981	124	5	3
20200203	青海	1	1	0	0	0
20200203	黑龙江	3	18	0	0	0
20200204	上海	1	0	0	0	0
20200204	北京	2	0	0	0	0
20200204	吉林	1	6	2	0	0
20200204	四川	4	1010	20	0	0
20200204	安徽	2	16847	335	14	2
20200204	山东	2	13156	1079	49	5
20200204	山西	1	31771	1698	71	6
20200204	广东	4	45171	3474	49	3
20200204	江苏	5	8509	492	32	2
20200204	江西	1	497	8	0	1
20200204	河北	4	12008	743	13	0
20200204	河南	5	22	1	0	0
20200204	浙江	3	6	1	0	0
20200204	湖北	5	774	39	1	0
20200204	福建	1	703	8	0	0
20200204	重庆	1	1999	182	6	0
20200204	陕西	1	444	25	0	0
20200204	黑龙江	4	958	20	6	0
20200205	云南	2	227	13	0	0
20200205	内蒙古	1	1026	11	0	0
20200205	吉林	1	735	36	0	1
20200205	四川	5	14	1	0	0
20200205	天津	1	1	0	0	0
20200205	安徽	1	12	1	0	0
20200205	山东	2	0	0	0	0
20200205	广东	4	1498	44	1	0
20200205	江苏	2	1066	178	13	0
20200205	江西	2	1190	85	2	1
20200205	河北	2	0	0	0	0
20200205	河南	3	445	20	0	1
20200205	湖北	5	979	110	29	0
20200205	福建	1	524	5	1	0
20200205	贵州	1	13	0	0	0
20200205	辽宁	4	30	1	0	0
20200205	陕西	1	44	3	1	0
20200205	黑龙江	3	0	0	0	0
20200206	上海	1	2509890	24852	9570	202
20200206	云南	1	76	4	0	0
20200206	北京	7	18747478	528482	45288	1845
20200206	四川	3	56346	670	39	12
20200206	安徽	8	7232238	144012	10085	1078
20200206	山东	11	273112	3352	205	41
20200206	山西	5	28481	274	22	4
20200206	广东	10	5125485	97204	12999	734
20200206	广西	3	15315	593	27	1
20200206	江苏	9	223779	5977	250	32
20200206	江西	4	188485	3445	71	11
20200206	河北	9	2384492	43713	2254	301
20200206	河南	16	9583200	310572	8645	812
20200206	浙江	4	18819	1194	32	0
20200206	海南	1	0	0	0	0
20200206	湖北	8	261029	4795	335	64
20200206	湖南	5	1122694	14226	682	173
20200206	甘肃	1	3200	217	4	0
20200206	福建	6	2870265	27921	1947	78
20200206	贵州	2	37389	628	48	11
20200206	辽宁	2	19229	1097	41	28
20200206	重庆	1	68	3	1	0
20200206	陕西	7	1154627	17167	1424	188
20200206	黑龙江	5	701897	28010	5230	234
20200207		2	12243581	326253	17483	27750
20200207	上海	2	334994	8436	292	67
20200207	云南	1	1	0	0	0
20200207	北京	2	2934407	70079	2678	501
20200207	吉林	8	552044	2462	57	94
20200207	四川	2	42833	1587	64	4
20200207	天津	1	2	0	0	0
20200207	安徽	1	812	109	9	5
20200207	山东	10	1812788	105906	4423	380
20200207	山西	3	642	4	0	0
20200207	广东	7	53101	1518	169	13
20200207	广西	1	3	0	0	0
20200207	江苏	10	3191	111	5	0
20200207	江西	3	543798	16674	271	42
20200207	河北	12	11475247	499181	18803	6024
20200207	河南	13	105168	8177	133	37
20200207	浙江	7	53390	2241	68	8
20200207	海南	2	20	2	2	0
20200207	湖北	11	93147	1896	74	5
20200207	湖南	5	77804	7511	96	9
20200207	福建	6	168947	2617	133	8
20200207	贵州	1	0	0	0	0
20200207	辽宁	1	3	0	1	0
20200207	陕西	3	1052	42	2	2
20200207	黑龙江	5	13689	724	59	2
20200208		1	0	0	0	0
20200208	上海	3	11577	243	6	2
20200208	云南	2	335	29	2	0
20200208	内蒙古	1	0	0	0	0
20200208	吉林	3	10	0	0	0
20200208	四川	1	99	5	0	1
20200208	安徽	6	20874	1107	22	13
20200208	山西	1	8	1	0	0
20200208	广东	3	2103691	127745	5508	658
20200208	广西	1	36534	796	14	7
20200208	新疆	1	5233817	183645	8312	2099
20200208	江苏	2	13	1	1	0
20200208	江西	3	1037	14	0	0
20200208	河北	4	14384	611	28	5
20200208	河南	2	120	28	2	0
20200208	浙江	2	40525	1131	7	3
20200208	湖北	8	742982	77370	2760	149
20200208	甘肃	1	10818	1119	35	6
20200208	福建	2	9858	557	12	2
20200208	辽宁	2	0	0	0	0
20200208	黑龙江	1	1	0	0	0
20200209	云南	1	10918	49	2	0
20200209	内蒙古	1	0	0	0	0
20200209	北京	1	180	5	2	1
20200209	吉林	2	0	0	0	0
20200209	四川	2	24538	1045	54	8
20200209	天津	2	4	0	0	0
20200209	宁夏	1	975	86	2	0
20200209	安徽	1	9	0	0	0
20200209	山东	2	5	1	0	0
20200209	山西	2	2783	61	5	0
20200209	广东	2	770	19	7	1
20200209	广西	1	1170	20	0	0
20200209	江苏	5	572	9	0	0
20200209	河南	8	188180	18298	570	240
20200209	海南	4	13	4	8	0
20200209	湖北	6	25763	637	30	5
20200209	湖南	2	9	1	0	0
20200209	贵州	1	0	0	0	0
20200209	辽宁	1	0	0	0	0
20200209	陕西	1	17	0	0	0
20200210	内蒙古	4	25	1	0	0
20200210	吉林	1	3	0	0	0
20200210	山东	3	27733	3245	77	17
20200210	广东	3	343	20	6	0
20200210	广西	4	38927	967	40	2
20200210	江苏	1	9371	122	6	0
20200210	江西	1	1330	97	2	0
20200210	河北	2	1951	35	4	0
20200210	河南	1	102	6	0	0
20200210	湖北	1	557	42	2	0
20200210	甘肃	1	186	10	2	0
20200210	辽宁	1	0	0	0	0
20200210	黑龙江	1	0	0	0	0
20200211	北京	1	152287	588	31	44
20200211	吉林	2	219	11	0	1
20200211	安徽	1	3	2	0	0
20200211	广东	1	2671206	30188	717	108
20200211	江苏	2	20	2	0	0
20200211	江西	3	3292	288	33	1
20200211	河北	2	562315	19019	1074	325
20200211	浙江	1	11522	82	1	0
20200211	甘肃	1	39998	737	69	38
20200211	重庆	1	1731	30	3	0
20200212		1	1388	65	6	0
20200212	上海	1	16	0	0	0
20200212	吉林	1	0	0	0	0
20200212	四川	3	29787	182	6	2
20200212	山东	1	8419	205	3	4
20200212	广东	3	25	3	0	0
20200212	江苏	3	2425	19	0	0
20200212	江西	1	32	1	0	0
20200212	河北	3	7	1	0	0
20200212	河南	1	48	0	0	0
20200212	湖北	1	2845	388	24	2
20200212	陕西	2	315	11	2	0
20200212	黑龙江	2	0	0	0	0
20200213	吉林	1	0	0	0	0
20200213	四川	2	633	158	5	0
20200213	安徽	1	0	0	0	0
20200213	山东	1	1199	14	1	0
20200213	广东	2	849	20	1	0
20200213	河北	1	0	0	0	0
20200213	河南	1	1	0	0	0
20200213	浙江	1	17	0	0	9
20200213	贵州	2	122	3	0	0
20200213	重庆	1	12069	572	11	0
20200214		1	0	0	0	0
20200214	云南	1	18	3	0	0
20200214	北京	2	7386286	274825	7432	5887
20200214	宁夏	1	37750	3128	83	24
20200214	山东	1	0	0	0	0
20200214	广东	1	935	64	2	0
20200214	广西	2	11	0	0	0
20200214	江苏	1	9	1	0	0
20200214	河北	1	138	2	0	0
20200214	河南	1	129	4	1	0
20200214	浙江	1	0	0	0	0
20200214	湖北	1	617	155	13	0
20200214	湖南	2	6555	409	11	2
20200214	甘肃	1	0	0	0	0
20200214	贵州	1	44550	3115	212	20
20200214	辽宁	1	0	0	0	0
20200214	黑龙江	2	1	1	0	0
20200215	上海	3	2260	43	5	0
20200215	内蒙古	1	0	0	0	0
20200215	四川	1	7	0	0	0
20200215	山东	1	0	0	0	0
20200215	山西	1	1	0	0	0
20200215	江西	1	1816	175	7	1
20200215	河北	1	0	0	0	0
20200215	河南	2	284	7	0	1
20200215	湖北	2	67416	1969	66	25
20200215	湖南	2	17	1	0	0
20200215	甘肃	1	2	1	0	0
20200215	福建	1	6	0	0	0
20200215	贵州	1	1	0	0	0
20200216	内蒙古	1	0	0	0	0
20200216	四川	3	122	4	0	0
20200216	山东	10	3604715	156450	3079	631
20200216	山西	3	3558	370	19	1
20200216	广东	1	0	0	0	0
20200216	广西	4	0	0	0	0
20200216	新疆	1	18	1	0	0
20200216	江苏	4	51810	5723	100	23
20200216	江西	1	1461	12	0	1
20200216	河北	1	8	1	0	0
20200216	河南	4	93966	4418	209	14
20200216	浙江	1	4	0	0	0
20200216	湖南	2	11	1	0	0
20200216	甘肃	2	226	16	6	0
20200216	福建	2	7069593	372500	14077	947
20200216	贵州	1	18	0	0	0
20200216	辽宁	2	12928	1867	69	7
20200216	陕西	4	8901	859	35	1
20200217	安徽	2	1165	47	11	2
20200217	山西	1	6007	117	10	0
20200217	广东	2	270	9	0	1
20200217	广西	1	79	3	0	0
20200217	江苏	3	1042	54	0	1
20200217	江西	2	714	55	5	0
20200217	河南	2	272	13	0	0
20200217	浙江	3	722	68	0	0
20200217	湖北	1	549	10	2	0
20200217	福建	1	2	0	0	0
20200217	贵州	3	1610	106	9	3
20200217	辽宁	1	32	3	0	0
20200218	北京	1	116	1	0	1
20200218	吉林	2	12	0	0	0
20200218	四川	1	34	1	0	1
20200218	山东	2	10	0	0	0
20200218	广东	1	4	1	0	0
20200218	江苏	1	93	32	0	0
20200218	河南	1	3	0	0	0
20200218	福建	1	1173	21	0	0
20200218	黑龙江	3	213	4	0	0
20200219	云南	2	279	5	0	0
20200219	北京	1	580	45	3	0
20200219	吉林	1	5	0	0	0
20200219	四川	1	41556	1628	61	37
20200219	山西	1	2844569	310489	8154	850
20200219	广西	1	0	0	0	0
20200219	江苏	2	10	0	0	0
20200219	河南	1	0	0	0	0
20200219	湖北	1	23	1	1	2
20200219	湖南	2	10739	306	4	2
20200219	甘肃	1	0	0	0	0
20200219	福建	1	1110	26	0	0
20200219	辽宁	1	37103	2057	111	15
20200219	陕西	1	306	36	0	0
20200219	黑龙江	2	0	0	0	0
20200220	上海	1	9	0	0	0
20200220	云南	1	3	0	0	0
20200220	北京	2	7260731	311615	9537	949
20200220	四川	2	270	20	8	0
20200220	宁夏	1	5482	421	24	1
20200220	安徽	2	28077	405	20	8
20200220	山东	6	4843	166	16	0
20200220	广东	2	1942	271	4	0
20200220	江苏	1	1749	55	4	0
20200220	江西	1	42	1	0	0
20200220	河北	4	313684	7643	407	56
20200220	河南	5	156611	1735	95	43
20200220	浙江	1	37	2	0	0
20200220	湖北	2	725	29	1	0
20200220	甘肃	1	0	0	0	0
20200220	福建	1	67	4	0	0
20200220	辽宁	2	28	0	1	0
20200220	陕西	2	108	2	0	0
20200220	黑龙江	2	18	0	0	0
20200221	云南	1	2990	52	0	0
20200221	北京	1	76986	1963	59	18
20200221	天津	1	9	2	0	0
20200221	安徽	1	1383	39	2	0
20200221	山东	2	667	55	17	1
20200221	新疆	1	1805	82	1	6
20200221	江苏	1	18	3	0	0
20200221	河北	2	796	71	4	0
20200221	河南	2	791	46	2	0
20200221	湖北	3	1564	50	4	0
20200221	湖南	2	2710	44	1	1
20200221	甘肃	1	20	0	0	0
20200221	福建	1	927	30	2	0
20200221	贵州	1	153	2	0	1
20200221	辽宁	1	52	4	0	0
20200221	陕西	2	4962	195	15	0
20200222	吉林	1	18	1	0	0
20200222	天津	1	0	0	0	0
20200222	安徽	1	4	0	0	0
20200222	江苏	2	20840	3412	56	6
20200222	河北	1	31503	448	20	3
20200222	河南	3	93	6	0	0
20200222	湖北	1	12886	184	6	0
20200222	湖南	1	556	78	8	3
20200222	甘肃	1	89749	706	16	3
20200222	贵州	1	54	5	1	0
20200222	陕西	3	677	28	1	0
20200222	黑龙江	1	3	0	0	0
20200223	山东	1	7899	1224	8	12
20200223	河南	3	1753	37	2	0
20200223	浙江	2	1832	184	7	1
20200223	湖北	1	5	1	0	1
20200223	贵州	1	10644	1104	6	2
20200224	广东	1	12	2	0	0
20200224	河南	1	30	1	0	0
20200224	湖北	1	8965	83	15	0
20200224	辽宁	1	106	1	0	0
20200224	陕西	1	77	10	0	1
20200225	上海	5	15648	323	10	0
20200225	云南	3	15	0	0	0
20200225	内蒙古	2	158148	2425	87	4
20200225	北京	3	234694	3334	216	25
20200225	四川	3	20361	1321	15	0
20200225	宁夏	1	30	4	0	0
20200225	安徽	9	4392929	128858	3531	797
20200225	山东	8	705669	21046	836	189
20200225	山西	7	8345272	365715	25654	895
20200225	广东	6	49642	2505	113	17
20200225	广西	4	78114	1341	50	3
20200225	新疆	2	59009	2383	85	11
20200225	江苏	6	244340	6258	311	28
20200225	江西	2	1586	68	2	0
20200225	河北	5	408171	6628	193	19
20200225	河南	11	105094	1652	67	10
20200225	浙江	2	4	0	0	0
20200225	海南	1	5	1	0	0
20200225	湖北	7	221705	10613	285	23
20200225	甘肃	1	1781409	19366	356	255
20200225	福建	3	169367	1816	220	27
20200225	贵州	1	43765	798	32	3
20200225	辽宁	1	35280	439	40	10
20200225	陕西	2	39550	774	35	9
20200226	北京	1	0	0	0	0
20200226	安徽	2	62556	1078	47	3
20200226	山西	1	659	12	0	0
20200226	广东	4	478257	14739	151	25
20200226	广西	2	43	1	0	0
20200226	新疆	1	0	0	0	0
20200226	江苏	1	3233	336	6	0
20200226	江西	1	79	3	0	0
20200226	河南	2	773	34	0	1
20200226	浙江	1	10	0	0	0
20200226	湖北	2	7310	74	14	1
20200226	甘肃	2	0	0	0	0
20200226	陕西	1	6657	115	35	5
20200226	黑龙江	1	13	0	0	0
20200227	上海	1	2340	508	122	0
20200227	内蒙古	1	0	0	0	0
20200227	四川	3	1422	376	52	0
20200227	安徽	1	4974	318	6	1
20200227	广东	1	42225	5046	64	1
20200227	广西	1	14290	1416	38	0
20200227	江苏	3	64368	4736	283	18
20200227	河南	1	466663	71939	750	52
20200227	浙江	1	5	0	0	0
20200227	湖北	1	3	0	0	1
20200227	湖南	1	23	4	0	0
20200227	辽宁	1	0	0	0	0
20200227	黑龙江	1	0	0	0	0
20200228	四川	1	2729	466	21	0
20200228	夏威夷州	2	11034	731	63	2
20200228	安徽	2	59421	6949	59	57
20200228	山西	1	11	1	0	0
20200228	广东	2	63	1	0	0
20200228	新疆	1	119	7	1	0
20200228	江苏	2	53723	1947	27	6
20200228	河北	1	18333	86	6	0
20200228	河南	4	6750	513	18	0
20200228	湖北	2	1110	47	13	0
20200228	贵州	1	1647	172	11	0
20200228	重庆	1	7057	107	14	1
20200228	陕西	2	12	0	0	0
20200229	北京	1	6	0	0	0
20200229	四川	4	1276	119	2	0
20200229	安徽	2	159931	2887	40	3
20200229	山东	1	5	0	0	0
20200229	湖北	1	14390	1453	82	9
20200229	黑龙江	1	0	0	0	0
20200301	天津	2	24701	1829	33	2
20200301	安徽	1	18104	1560	64	5
20200301	山东	1	2104	127	4	1
20200301	新疆	1	1025	71	12	3
20200302	江苏	2	114861	10436	230	14
20200302	海南	1	9	1	0	0
20200302	湖南	1	1650	207	24	0
20200303	安徽	1	28	0	0	0
20200303	山东	1	49	3	0	0
20200303	山西	1	0	0	0	0
20200303	浙江	1	1	0	0	1
20200304	Selangor	1	0	0	0	0
20200304	山东	1	974	32	4	0
20200304	广东	1	618	19	0	0
20200304	广西	1	229	1	0	0
20200304	辽宁	1	2	0	0	0
20200305	北京	1	143711	5516	456	84
20200305	江苏	1	373	88	4	0
20200306	山东	1	0	0	0	0
20200306	陕西	1	1932	261	82	0
20200306	黑龙江	1	0	0	0	0
20200307	安徽	1	16	0	0	0
20200307	广东	2	1014	30	1	0
20200307	湖南	2	2863	268	0	0
20200307	陕西	2	7883	545	11	7
20200308	四川	1	205	64	3	0
20200308	河北	1	1315948	32718	993	55
20200308	河南	1	74	3	1	0
20200308	陕西	1	778	18	0	0
20200309	山西	1	95309	428	15	11
20200309	湖北	2	13414	306	19	2
20200310	云南	1	757	31	1	0
20200310	山东	2	149	13	3	0
20200310	广西	2	12	0	0	0
20200310	江苏	1	3	0	0	0
20200310	黑龙江	1	0	0	0	0
20200311	安徽	1	12006	887	12	26
20200311	江苏	2	63	4	0	0
20200312	山东	1	209	19	3	0
20200312	海南	1	2	0	0	0
20200312	湖北	2	100756	5584	234	53
20200313	安徽	1	1	0	0	0
20200313	浙江	1	5	0	0	0
20200313	湖北	2	32441	980	27	6
20200314	湖北	1	4377	239	12	1
20200315	四川	1	95	3	0	0
20200315	天津	1	124	7	0	0
