20200120	湖北	1	5	1	0	0
20200121	北京	1	6	0	0	0
20200121	湖北	12	105	6	2	0
20200122	上海	1	1	0	0	0
20200122	北京	2	15	2	0	1
20200122	广东	2	1760	2	0	0
20200122	江苏	2	6063	14	0	0
20200122	湖北	12	48793	215	207	10
20200123		6	15056	94	8	3
20200123	Apokentroméni Dioíkisi Aigaíou	1	2	1	1	0
20200123	Auckland	1	72	5	0	0
20200123	Bangkok	4	399	37	0	0
20200123	Central Singapore Community Development Council	3	414	6	0	0
20200123	Changwat Chon Buri	1	301	5	0	0
20200123	Changwat Phrae	1	11	0	0	0
20200123	Changwat Rayong	1	282	11	0	0
20200123	Changwat Samut Prakan	1	2152	10	12	0
20200123	Daerah Khusus Ibukota Jakarta	3	32	2	0	0
20200123	Dubai	1	9	0	0	0
20200123	East	2	2537	53	23	1
20200123	Fukui	1	1298	90	0	0
20200123	Krasnoyarskiy Kray	1	0	0	0	0
20200123	Kuala Lumpur	1	3	0	0	0
20200123	Lombardia	1	1053	130	11	0
20200123	Madhyamanchal	1	25	0	0	0
20200123	Mafeteng District	1	6	1	0	0
20200123	Melaka	1	4	0	0	0
20200123	Moskva	1	100638	1414	36	3
20200123	Muḩāfaz̧at al Aḩmadī	1	801	9	2	0
20200123	National Capital Region	3	27	0	0	0
20200123	North East	1	7	0	0	0
20200123	Phuket Province	4	31381	120	33	4
20200123	Pohjois-Pohjanmaa	1	0	0	0	0
20200123	Punjab Province	1	12964	112	11	0
20200123	Sankt-Peterburg	1	3	0	0	0
20200123	Selangor	1	11	0	0	0
20200123	State of New South Wales	3	2565	35	8	0
20200123	State of Victoria	1	549	1	0	0
20200123	State of Western Australia	1	6	2	1	0
20200123	Tokyo Prefecture	2	11	1	0	0
20200123	Trashigang Dzongkhag	1	8840	360	6	0
20200123	Tỉnh Thái Nguyên	1	5	0	0	0
20200123	West	2	528	6	1	0
20200123	Île-de-France	1	1720	370	74	0
20200123	Ōsaka-fu	2	7	1	0	0
20200123	上海	107	134516	2043	208	22
20200123	中央吕宋	1	133	2	0	0
20200123	云南	87	314208	4632	231	100
20200123	信德省	1	3	0	0	0
20200123	内蒙古	37	32619	246	33	4
20200123	北京	141	61568653	587855	27010	87843
20200123	台湾	1	5	0	0	0
20200123	吉林	84	292695	2847	113	55
20200123	四川	324	3629826	88427	3262	1483
20200123	天津	53	132379	2225	181	31
20200123	威斯康辛州	1	4	0	0	0
20200123	宁夏	13	2139	34	5	0
20200123	安大略	1	6	0	0	0
20200123	安徽	378	18499468	281571	25646	7741
20200123	山东	348	15698542	359511	12801	3304
20200123	山西	141	942642	11510	449	313
20200123	岐阜县	1	11	0	0	0
20200123	巴厘岛	1	761	2	1	2
20200123	广东	572	35151323	596164	124408	25630
20200123	广西	156	34224366	635265	51622	26077
20200123	托斯卡纳	1	10	0	0	0
20200123	新疆	32	39993	353	36	14
20200123	柔佛州	2	10	1	0	0
20200123	江苏	370	4251830	51022	2944	1278
20200123	江西	294	456860	9673	1098	69
20200123	河北	260	878028	10312	623	218
20200123	河南	701	8272571	105629	5393	2182
20200123	浙江	288	9129684	130007	16105	7223
20200123	海南	51	255408	4371	197	61
20200123	湖北	5867	36624550	534499	61622	7529
20200123	湖南	384	1691187	16518	1767	555
20200123	澳门	2	13	3	0	0
20200123	甘肃	84	115850	8832	1668	43
20200123	福冈县	1	1389	33	7	1
20200123	福建	210	1244441	20689	1695	729
20200123	英格兰	2	63	0	0	0
20200123	西哈努克市	1	10	1	0	0
20200123	西藏	13	16828	318	11	1
20200123	贵州	170	1911824	32344	1959	340
20200123	辽宁	111	340135	2912	299	55
20200123	重庆	133	87386242	3112384	62237	49028
20200123	陕西	224	216254845	4894583	217249	327702
20200123	青海	16	23483	686	54	6
20200123	香港	6	30	4	1	0
20200123	黑龙江	95	1022904	17759	1185	279
20200124		2	2176	8	6	0
20200124	Baladīyat az̧ Z̧a‘āyin	1	18	1	0	0
20200124	Bangkok	1	19693	282	63	0
20200124	Changwat Chon Buri	5	36705	480	111	1
20200124	Changwat Surat Thani	1	20432	159	22	1
20200124	Chiang Mai Province	1	1641	40	15	0
20200124	East	1	1686	225	11	0
20200124	Kampong Speu	1	41	0	0	0
20200124	Lagos State	1	5	1	0	1
20200124	Majuro Atoll	1	8	0	0	0
20200124	Muḩāfaz̧at Baghdād	1	86	0	0	0
20200124	Muḩāfaz̧at Dhī Qār	1	627	15	0	0
20200124	National Capital Region	1	5	0	0	0
20200124	Thành Phố Đà Nẵng	1	933	22	7	0
20200124	上海	15	191904	1973	134	111
20200124	不列颠哥伦比亚	1	3	0	0	0
20200124	中米沙鄢	1	40	6	2	0
20200124	云南	38	100560	4528	429	63
20200124	京畿道	3	1634	23	5	0
20200124	内蒙古	16	16654	145	29	2
20200124	北京	30	5406858	82803	5065	2577
20200124	北海道	1	5	1	0	0
20200124	吉林	25	11388	634	157	0
20200124	四川	92	327745	5976	303	73
20200124	天津	15	856	72	22	1
20200124	宁夏	6	24	1	0	0
20200124	安徽	116	79565	1996	234	19
20200124	山东	140	57167	1288	163	12
20200124	山西	73	377269185	8293349	419839	366792
20200124	巴厘岛	1	1832	13	0	1
20200124	广东	156	178632	2816	558	29
20200124	广西	40	72996	3036	78	14
20200124	新疆	12	105	7	0	0
20200124	江苏	129	196596	3241	304	24
20200124	江西	87	106743	3516	403	46
20200124	河北	134	72878	1462	130	35
20200124	河南	394	1108960	15378	1561	233
20200124	浙江	63	148070	1439	225	11
20200124	海南	9	779	12	0	0
20200124	湖北	1844	7187141	114972	13825	1223
20200124	湖南	110	91180	2075	122	14
20200124	澳门	1	7	0	0	0
20200124	甘肃	22	8763	87	25	5
20200124	福建	50	42179	443	102	5
20200124	纽约州	1	3	0	0	0
20200124	西藏	4	1422	4	1	0
20200124	贵州	60	96361	3362	391	21
20200124	辽宁	31	16614	536	143	3
20200124	重庆	52	166345	22768	288	32
20200124	陕西	78	926074	8339	509	59
20200124	青海	2	8	1	2	0
20200124	香港	2	42209	2058	40	1
20200124	黑龙江	24	21031	164	19	2
20200125		1	1	0	0	0
20200125	Abū Z̧aby	1	623	4	0	0
20200125	Changwat Chon Buri	2	33883	83	4	0
20200125	Jeju-do	1	722	7	1	1
20200125	Khouèng Bokèo	1	6	0	0	0
20200125	Madhyamanchal	1	3	1	0	0
20200125	National Capital Region	1	13	0	0	0
20200125	Oita Prefecture	2	18	2	0	0
20200125	Thành Phố Hà Nội	1	10	0	1	0
20200125	Thành Phố Đà Nẵng	1	11	0	0	0
20200125	上海	56	5530	82	16	1
20200125	下萨克森	1	2526	106	6	2
20200125	云南	121	57732	1171	116	11
20200125	内蒙古	70	4647	50	10	1
20200125	北京	96	23634	543	227	5
20200125	台湾	2	7	1	0	0
20200125	吉林	82	11968	489	38	2
20200125	四川	369	78202	1165	195	81
20200125	天津	36	3527	454	91	2
20200125	威尼托	1	3	0	0	0
20200125	宁夏	16	91	6	0	0
20200125	安徽	604	73199	2456	257	21
20200125	山东	493	56569	1196	240	55
20200125	山西	243	20713	483	100	12
20200125	巴厘岛	1	7	0	0	0
20200125	广东	399	194560	2127	209	53
20200125	广西	214	20588	517	67	11
20200125	新疆	32	1458	162	7	0
20200125	明尼苏达州	1	3	0	0	0
20200125	江苏	407	41816	1665	160	20
20200125	江西	353	57367	1215	120	28
20200125	河北	305	80991	1010	121	19
20200125	河南	1191	193347088	3475562	195167	50737
20200125	浙江	270	33680	662	107	22
20200125	海南	31	55978408	2007063	69641	8259
20200125	湖北	1623	3113220	52838	8298	1376
20200125	湖南	205	16579	380	93	19
20200125	澳门	1	3	0	0	0
20200125	甘肃	118	27107	170	21	6
20200125	砂拉越	1	15	0	1	0
20200125	福建	154	64916	976	85	21
20200125	莫斯科州	1	13	1	0	0
20200125	西藏	6	18	1	0	0
20200125	贵州	274	56948	779	79	25
20200125	辽宁	104	9554	211	21	4
20200125	重庆	136	28771	642	135	3
20200125	长野县	1	2	1	2	0
20200125	陕西	400	170639	4843	608	32
20200125	青海	19	150	15	3	0
20200125	黑龙江	123	10257	184	18	3
20200126		2	584	56	6	0
20200126	Daerah Khusus Ibukota Jakarta	1	101	6	8	0
20200126	National Capital Region	1	2	0	0	0
20200126	Oita Prefecture	1	7	1	0	0
20200126	Punjab Province	1	11	2	0	0
20200126	State of Queensland	1	9	0	0	0
20200126	上海	11	2441	32	4	0
20200126	云南	37	487457	4741	274	81
20200126	内蒙古	8	3548	238	79	0
20200126	北京	18	13919	269	50	14
20200126	吉林	11	49	5	0	0
20200126	四川	75	62277	2109	374	15
20200126	天津	11	10574	111	6	1
20200126	宁夏	5	1186	50	4	1
20200126	安徽	163	362327	6996	521	34
20200126	山东	96	32963	615	78	5
20200126	山西	19	5137	593	49	0
20200126	广东	97	62432025	527781	15079	12500
20200126	广西	38	14623	356	41	4
20200126	新疆	7	450	10	4	0
20200126	江苏	91	260922	7137	351	37
20200126	江西	69	98801	951	165	16
20200126	河北	93	57531	498	47	14
20200126	河南	258	148917	4164	395	31
20200126	浙江	42	122587	2765	102	8
20200126	海南	14	1775	28	2	1
20200126	湖北	1391	63691294	1830534	88738	2096
20200126	湖南	71	137606	2327	254	18
20200126	甘肃	18	1792	44	13	0
20200126	福建	33	33669	764	81	3
20200126	莫斯科州	1	20	1	1	3
20200126	西藏	3	12	0	0	0
20200126	贵州	57	7220	406	25	1
20200126	辽宁	25	8134	232	28	0
20200126	重庆	21	2060	58	3	1
20200126	陕西	78	311130	2738	270	55
20200126	青海	3	633	72	14	0
20200126	首尔特别市	1	8	1	0	0
20200126	香港	2	3301	7	11	0
20200126	黑龙江	20	1166	21	2	0
20200127		1	729	12	0	0
20200127	Khouèng Phôngsali	1	1058	15	0	0
20200127	State of New South Wales	1	2685	67	7	0
20200127	State of Victoria	1	4	1	0	0
20200127	上海	12	26457	643	65	1
20200127	云南	25	86221	3048	115	4
20200127	内蒙古	4	2156	22	9	1
20200127	北京	8	21277	28	11	5
20200127	吉林	3	114	9	3	0
20200127	四川	43	246301	3469	338	11
20200127	天津	2	1136	15	1	0
20200127	宁夏	5	1150	19	9	0
20200127	安徽	303	1671968	28718	2006	58
20200127	山东	44	179012	2861	266	19
20200127	山西	28	14818	512	73	2
20200127	广东	44	420226	7467	379	32
20200127	广西	35	49955	537	85	17
20200127	新疆	4	21	2	0	0
20200127	江苏	86	446663	6138	635	13
20200127	江西	42	76647	1527	113	10
20200127	河北	28	28795	749	60	4
20200127	河南	288	5432396	67479	3871	616
20200127	浙江	49	115012	1557	201	10
20200127	海南	7	10505900	250742	12810	971
20200127	湖北	1185	2794247	41523	6084	567
20200127	湖南	29	432929	5716	380	14
20200127	甘肃	15	7933	99	7	3
20200127	福建	21	10072	293	20	2
20200127	西哈努克市	1	982	12	4	0
20200127	西藏	3	18	3	0	0
20200127	贵州	39	38472	1444	286	4
20200127	辽宁	6	9874	121	13	0
20200127	重庆	18	82857	957	177	5
20200127	陕西	41	158595	1688	214	3
20200127	青海	2	130	12	2	0
20200127	黑龙江	18	18809	110	8	4
20200128		1	3551	40	5	2
20200128	Jeju-do	1	555	10	0	0
20200128	上海	7	30550	272	17	8
20200128	云南	13	5937	178	13	0
20200128	伊利诺伊州	1	13	0	0	0
20200128	内蒙古	3	1857	182	8	0
20200128	加利福尼亚州	2	41482	177	3	4
20200128	北京	2	10	1	0	0
20200128	吉林	6	1504	73	6	2
20200128	四川	35	87256	1573	291	12
20200128	天津	6	24959	722	50	11
20200128	宁夏	1	2111	22	7	0
20200128	安徽	135	662213	6419	718	9
20200128	山东	58	341261	4457	422	45
20200128	山西	21	12891	335	46	8
20200128	广东	25	568980	6960	390	20
20200128	广西	17	30076	2720	60	8
20200128	新疆	2	5	2	0	0
20200128	江苏	50	259141	3159	390	32
20200128	江西	30	25011	997	101	3
20200128	河北	25	7873	182	15	0
20200128	河南	115	316679	3796	516	17
20200128	浙江	30	50176	660	152	10
20200128	海南	6	16052	499	60	1
20200128	湖北	652	9020302	202295	9106	3003
20200128	湖南	33	89320	2950	212	9
20200128	澳门	1	3872	50	52	0
20200128	甘肃	14	8485	346	75	1
20200128	福建	17	7832	863	115	10
20200128	贵州	16	11729	1033	129	1
20200128	辽宁	5	491	45	5	1
20200128	重庆	7	38358	863	139	14
20200128	陕西	44	150872	1816	180	7
20200128	黑龙江	10	3618185	16755	1095	903
20200129		3	0	0	0	0
20200129	Attica	1	1235	31	19	0
20200129	上海	3	553	65	10	0
20200129	不列颠哥伦比亚	1	108	3	0	1
20200129	云南	9	2086	132	108	1
20200129	内蒙古	6	55109	4081	291	11
20200129	加利福尼亚州	2	3609	34	10	7
20200129	北京	9	1409	37	5	0
20200129	吉林	8	941	32	5	0
20200129	四川	31	117268	1741	286	10
20200129	天津	2	554	2	0	0
20200129	宁夏	1	526	4	1	0
20200129	安徽	68	33683501	180241	16258	8190
20200129	山东	28	13505	339	49	2
20200129	山西	7	8262	168	39	0
20200129	广东	26	29879	236	36	7
20200129	广西	10	18284	730	53	2
20200129	新疆	1	31380	156	23	0
20200129	江苏	35	35569	2015	277	2
20200129	江西	22	17822	505	49	6
20200129	河北	21	9013	492	116	1
20200129	河南	64	26564	1424	161	7
20200129	浙江	34	17170	661	72	5
20200129	海南	2	37	3	0	0
20200129	湖北	569	772305	16617	2969	158
20200129	湖南	16	3875	274	25	2
20200129	甘肃	6	1786	79	5	0
20200129	福冈县	1	38	0	0	0
20200129	福建	16	4229	149	22	5
20200129	西藏	1	531	11	0	0
20200129	贵州	15	107361	1462	166	12
20200129	辽宁	8	14559	151	22	6
20200129	重庆	12	9623	161	19	0
20200129	陕西	68	193642	2614	200	15
20200129	青海	3	37	1	0	0
20200129	黑龙江	7	1817	36	8	0
20200130	Bangkok	1	652	15	4	0
20200130	Trashigang Dzongkhag	1	96	0	0	0
20200130	上海	3	335	85	10	0
20200130	云南	27	6156	315	41	3
20200130	内华达州	2	574	7	0	1
20200130	内蒙古	4	2598	106	2	2
20200130	北京	5	1526	412	66	1
20200130	吉林	16	379	20	2	0
20200130	四川	37	8653	269	27	0
20200130	天津	6	615	19	12	0
20200130	宁夏	2	2653	27	5	1
20200130	安徽	79	13643	604	129	4
20200130	山东	75	16123	543	72	9
20200130	山西	23	4020	146	26	1
20200130	广东	46	8656	324	39	7
20200130	广西	25	23520	151	24	0
20200130	新疆	3	716	48	9	0
20200130	江苏	47	10442	621	158	1
20200130	江西	61	11840	410	114	2
20200130	河北	34	3507	193	31	6
20200130	河南	127	76558	2028	220	66
20200130	浙江	37	5437	243	33	2
20200130	海南	4	380	24	3	0
20200130	湖北	526	442889	18122	2551	255
20200130	湖南	44	60967	997	114	28
20200130	甘肃	24	4651	158	55	1
20200130	福建	19	37387	328	7	10
20200130	西藏	67	4348	87	11	0
20200130	贵州	81	18849	694	68	8
20200130	辽宁	7	454	37	14	0
20200130	重庆	19	3182	163	24	0
20200130	陕西	46	22278	566	58	9
20200130	青海	3	1427	35	11	0
20200130	黑龙江	15	3299	285	26	0
20200131	Saskatchewan	1	14	0	0	0
20200131	上海	4	4657199	40325	2338	6318
20200131	云南	11	8009	421	44	1
20200131	内蒙古	4	3200	103	20	4
20200131	北京	8	28723525	1148291	37841	5734
20200131	吉林	1	16	3	0	0
20200131	四川	18	4581	291	31	3
20200131	天津	4	1229	11	3	0
20200131	宁夏	2	724	13	6	0
20200131	安徽	44	45758	3481	732	16
20200131	山东	30	4325	244	51	1
20200131	山西	8	5267	92	22	4
20200131	广东	31	7668310	74153	13456	712
20200131	广西	13	1899	64	5	3
20200131	德克萨斯州	1	10	0	0	0
20200131	新疆	1	98	9	4	0
20200131	江苏	29	11785	658	78	3
20200131	江西	26	2888	127	15	2
20200131	河北	33	6105	415	48	2
20200131	河南	83	21870	1561	262	5
20200131	浙江	9	2850	53	2	0
20200131	海南	3	2547	98	6	0
20200131	湖北	395	226696	7660	1601	76
20200131	湖南	28	6755	214	45	3
20200131	甘肃	8	33	5	1	0
20200131	皮埃蒙特	1	8	0	3	0
20200131	福建	15	6550	297	48	1
20200131	西藏	8	61	3	1	0
20200131	贵州	28	8572	674	66	3
20200131	辽宁	11	1871	72	5	1
20200131	重庆	9	1733	108	24	1
20200131	陕西	25	6519	286	28	5
20200131	黑龙江	6	2999	132	9	0
20200201	Bangkok	1	2522	22	9	1
20200201	Bruxelles-Capitale	1	49	7	2	0
20200201	上海	2	16145976	203353	6636	32529
20200201	云南	3	8490	70	10	1
20200201	内蒙古	2	196	7	0	0
20200201	北京	2	5	0	0	0
20200201	吉林	1	28	4	0	0
20200201	四川	10	3789	159	12	0
20200201	天津	4	559	9	1	6
20200201	宁夏	1	9	1	0	0
20200201	安徽	37	19021	951	129	6
20200201	山东	13	3436	92	10	0
20200201	山西	12	6466	414	83	0
20200201	广东	27	54321780	411247	18512	9475
20200201	广西	8	1898	92	16	0
20200201	江苏	16	3013	294	128	1
20200201	江西	18	23241	448	54	27
20200201	河北	18	4835	152	25	1
20200201	河南	55	70011	2391	366	40
20200201	浙江	27	120070	1052	134	14
20200201	海南	2	43	0	0	0
20200201	湖北	343	533690	12509	2006	190
20200201	湖南	13	2662	167	15	2
20200201	甘肃	5	6961	265	20	0
20200201	福建	11	4176	144	32	3
20200201	西藏	3	14	0	0	0
20200201	贵州	19	8699	421	68	1
20200201	辽宁	4	591	14	2	0
20200201	重庆	6	1287	63	9	1
20200201	陕西	16	8216	697	78	7
20200201	黑龙江	8	3643	87	23	2
20200202	Pashchimanchal	1	1181	35	3	0
20200202	Saskatchewan	1	10	0	0	0
20200202	上海	3	15578	243	21	1
20200202	云南	8	74348	686	130	9
20200202	内蒙古	2	985	387	18	0
20200202	北京	8	5947	413	2	8
20200202	吉林	1	1	0	0	0
20200202	四川	15	4370	415	106	1
20200202	天津	3	60	2	1	0
20200202	安徽	40	77780	1763	273	31
20200202	山东	14	3672	93	33	2
20200202	山西	3	7433	77	23	6
20200202	广东	15	1853	75	5	8
20200202	广西	11	2206	67	36	0
20200202	新疆	3	994	92	28	1
20200202	江苏	29	95967	7057	533	134
20200202	江西	22	20490	282	48	13
20200202	河北	19	2933	155	23	0
20200202	河南	40	688586	17974	325	42
20200202	浙江	11	4154	326	55	3
20200202	海南	2	284	9	0	0
20200202	湖北	320	584824	23975	1967	263
20200202	湖南	19	18893	574	98	3
20200202	甘肃	3	1361	121	48	0
20200202	福建	6	456	10	4	0
20200202	西哈努克市	1	1108	57	6	0
20200202	贵州	17	8976	874	107	1
20200202	辽宁	3	356	43	10	0
20200202	重庆	4	1044	30	19	0
20200202	陕西	11	4782	151	30	1
20200202	黑龙江	10	1914	26	2	0
20200203	上海	5	1804	36	29	0
20200203	云南	8	1442	64	2	1
20200203	内蒙古	1	14	0	0	0
20200203	北京	5	34	2	2	0
20200203	吉林	3	563	44	1	1
20200203	四川	7	901	50	9	0
20200203	天津	1	446	40	2	1
20200203	安徽	27	21371	1142	259	9
20200203	山东	13	13526	143	17	6
20200203	山西	8	15334	1043	55	1
20200203	广东	27	13655	241	33	3
20200203	广西	11	1576	19	1	0
20200203	江苏	16	4567	368	48	2
20200203	江西	8	7197	169	32	2
20200203	河北	13	27389	690	25	5
20200203	河南	22	8274	418	84	0
20200203	浙江	19	22647	323	31	7
20200203	湖北	308	679745	18932	1932	1427
20200203	湖南	19	36451	487	84	17
20200203	甘肃	1	2	0	0	0
20200203	福建	10	3567	150	17	0
20200203	贵州	12	3205	257	51	2
20200203	辽宁	7	606	17	1	1
20200203	重庆	5	1916	34	8	0
20200203	陕西	10	814	47	2	0
20200203	黑龙江	4	1816	27	4	0
20200204	Mwanza Region	1	754	14	4	0
20200204	Phuket Province	1	916	15	0	1
20200204	上海	4	2512472	9984	478	140
20200204	云南	5	1766	143	18	0
20200204	内蒙古	6	83	0	0	0
20200204	北京	4	5706	65	6	13
20200204	四川	4	179	22	2	2
20200204	安徽	22	3608	128	23	4
20200204	山东	8	491	14	9	0
20200204	山西	7	3146	65	22	0
20200204	广东	18	4273	564	51	6
20200204	广西	7	2762	25	1	0
20200204	新疆	2	9	2	0	0
20200204	江苏	18	12569	345	54	2
20200204	江西	20	21952	758	101	10
20200204	河北	11	931	33	0	0
20200204	河南	32	741697	4428	538	96
20200204	浙江	16	5259	333	37	0
20200204	海南	1	8857	290	26	1
20200204	湖北	274	193987	6362	1185	96
20200204	湖南	12	2970	110	13	1
20200204	福建	6	771	18	2	0
20200204	贵州	11	4620	228	36	3
20200204	辽宁	4	21	1	0	0
20200204	重庆	3	19	2	0	0
20200204	陕西	7	2121	100	16	0
20200204	青海	1	6	0	0	0
20200204	黑龙江	3	0	0	0	0
20200205	Pamplemousses District	2	79	4	0	0
20200205	上海	3	453	18	4	0
20200205	云南	3	3864	121	2	0
20200205	内蒙古	3	126	10	1	0
20200205	加利福尼亚州	1	8	1	0	0
20200205	北京	4	16	1	0	0
20200205	吉林	2	76	1	4	0
20200205	四川	8	16595	1077	116	6
20200205	天津	3	167	3	0	0
20200205	安徽	25	30614	797	84	11
20200205	密歇根州	1	6	1	0	0
20200205	山东	12	2380	110	16	1
20200205	山西	6	12472	271	41	2
20200205	广东	20	4989	126	14	1
20200205	广西	3	2695	41	18	0
20200205	新疆	1	864	34	5	3
20200205	江苏	16	6250	415	66	2
20200205	江西	18	2245	91	5	1
20200205	河北	9	2072	282	21	0
20200205	河南	34	58008	854	65	200
20200205	浙江	23	2876	88	23	1
20200205	湖北	278	344360	14803	4304	408
20200205	湖南	11	9211	93	10	1
20200205	甘肃	3	925	7	0	1
20200205	福建	17	3183	68	9	0
20200205	贵州	7	1543	124	2	0
20200205	辽宁	8	1198	138	5	0
20200205	重庆	5	1459	48	7	0
20200205	陕西	15	5215	156	12	1
20200205	黑龙江	3	11	1	0	0
20200206		1	6	0	0	0
20200206	Lombardia	1	11	0	0	0
20200206	Pamplemousses District	1	2	0	0	0
20200206	云南	4	1514	84	12	1
20200206	内蒙古	4	1956	33	8	0
20200206	北京	7	17189	387	52	9
20200206	吉林	1	0	0	0	0
20200206	四川	10	8107	658	112	4
20200206	天津	1	7	0	0	0
20200206	宁夏	2	70	3	0	0
20200206	安徽	14	5830226	1501487	7578	214
20200206	山东	6	34584	505	29	3
20200206	山西	9	4220	130	19	0
20200206	广东	23	11964	480	70	2
20200206	广西	9	1584	40	9	0
20200206	新疆	1	205	36	2	0
20200206	江苏	18	5523	515	81	4
20200206	江西	12	6324	268	96	0
20200206	河北	10	2157	72	9	0
20200206	河南	27	138768	2455	124	16
20200206	浙江	12	5454	130	16	0
20200206	海南	3	1168	11	1	2
20200206	湖北	221	5813004	38070	4456	1043
20200206	湖南	15	5687	143	25	0
20200206	甘肃	4	2680	82	16	0
20200206	福建	10	6858	307	39	3
20200206	贵州	3	997	22	7	0
20200206	辽宁	4	131	11	0	1
20200206	重庆	6	3884	692	144	0
20200206	陕西	15	10880	627	118	1
20200206	黑龙江	2	43	1	0	0
20200207	Canton de Vaud	6	0	0	0	0
20200207	Saskatchewan	1	171	11	2	0
20200207	上海	4	79	1	0	0
20200207	云南	3	816	40	6	0
20200207	内蒙古	4	91	3	3	0
20200207	北京	6	206	10	0	0
20200207	四川	11	2874	102	10	2
20200207	安徽	14	5794	674	55	2
20200207	山东	10	6391	180	8	0
20200207	山西	4	2102	324	173	4
20200207	广东	12	4644	219	26	1
20200207	广西	9	2639	110	18	0
20200207	新疆	3	51020	459	462	43
20200207	江苏	20	4894	200	27	0
20200207	江西	13	8525	269	39	3
20200207	河北	9	793	37	2	0
20200207	河南	27	10478	669	121	0
20200207	浙江	12	6052	374	44	2
20200207	海南	7	650	142	38	0
20200207	湖北	156	76089	2149	391	32
20200207	湖南	5	80	1	0	0
20200207	甘肃	4	59	8	1	0
20200207	福建	7	1984	28	7	3
20200207	贵州	5	3316	318	38	2
20200207	辽宁	5	1125	19	12	1
20200207	重庆	7	13644	231	56	1
20200207	陕西	8	22703	596	83	4
20200207	黑龙江	2	678	14	9	0
20200208		1	32	0	0	0
20200208	Tỉnh Cao Bằng	1	2	2	0	1
20200208	上海	3	9442	195	31	2
20200208	云南	4	22	0	0	0
20200208	内蒙古	4	625	14	1	0
20200208	北京	1	37	2	0	0
20200208	四川	7	1700	195	20	0
20200208	天津	2	2071	72	8	0
20200208	安徽	20	25385	804	78	3
20200208	山东	15	32839	732	62	31
20200208	山西	3	2881	19	0	0
20200208	广东	9	2697	55	5	2
20200208	广西	10	12918	163	13	1
20200208	新疆	1	2	0	0	0
20200208	江苏	11	3261	179	25	6
20200208	江西	8	203181	738	99	1256
20200208	河北	10	1243	86	4	0
20200208	河南	17	6796	223	22	3
20200208	浙江	4	27568	1048	17	6
20200208	湖北	215	1440522	54779	4212	142
20200208	湖南	3	471	24	5	0
20200208	甘肃	4	5576	88	3	1
20200208	福建	5	1691	36	7	0
20200208	莫斯科州	1	86	4	0	4
20200208	贵州	4	2665	128	24	0
20200208	重庆	2	1117	12	2	0
20200208	陕西	5	1079	63	2	0
20200208	青海	1	13	0	0	0
20200208	黑龙江	8	1866	53	7	4
20200209	上海	1	87	7	3	1
20200209	云南	1	356	28	0	0
20200209	内蒙古	1	330	8	0	1
20200209	北京	3	1152	24	4	0
20200209	四川	11	5244	245	15	1
20200209	天津	1	0	0	0	0
20200209	安徽	6	21130	1992	359	4
20200209	山东	6	2590	99	6	0
20200209	山西	2	245	7	5	0
20200209	广东	8	3058	83	18	1
20200209	广西	5	1814	15	8	0
20200209	江苏	14	4408	121	9	2
20200209	江西	4	8440	74	12	0
20200209	河北	5	106	5	0	0
20200209	河南	10	47571	759	104	4
20200209	浙江	7	403	19	0	5
20200209	湖北	194	1303966	7974	1392	112
20200209	湖南	4	3396	16	0	0
20200209	甘肃	2	1569	138	16	0
20200209	福建	4	1162	13	4	3
20200209	贵州	5	8527	140	20	1
20200209	辽宁	1	221	25	4	0
20200209	陕西	2	11	1	0	0
20200209	黑龙江	3	8	0	0	0
20200210	上海	6	467	12	3	2
20200210	内蒙古	2	32	1	0	0
20200210	北京	2	85	1	0	0
20200210	四川	10	475	29	20	1
20200210	天津	1	109	10	2	0
20200210	安徽	10	19624	387	66	2
20200210	山东	2	85	0	0	0
20200210	山西	7	770	22	7	0
20200210	广东	11	4001	117	21	2
20200210	广西	2	16	1	0	0
20200210	江苏	9	5361	131	33	0
20200210	江西	4	325	11	1	0
20200210	河北	3	1	0	0	0
20200210	河南	10	2162	249	15	0
20200210	浙江	1	9	1	0	0
20200210	湖北	186	2729902	18257	985	106
20200210	湖南	2	178	13	2	0
20200210	甘肃	1	445	2	2	0
20200210	贵州	3	2126	174	49	0
20200210	辽宁	1	0	0	0	0
20200210	重庆	5	34893	477	20	4
20200210	陕西	9	5695	165	15	1
20200210	黑龙江	4	470	16	0	0
20200211	上海	7	16804	364	132	1
20200211	云南	2	1069	169	16	1
20200211	内蒙古	2	516	34	5	0
20200211	北京	4	56	1	0	4
20200211	四川	7	4489	60	7	1
20200211	安徽	11	7121	303	42	0
20200211	山东	7	6712	179	10	5
20200211	山西	3	2733	60	10	0
20200211	广东	14	3128	420	10	14
20200211	广西	3	1505	20	0	0
20200211	新疆	1	5	1	0	0
20200211	江苏	10	10213	774	53	0
20200211	江西	6	5360	140	2	0
20200211	河北	3	415	33	1	0
20200211	河南	11	1620	111	14	1
20200211	浙江	4	10928	834	53	1
20200211	海南	6	572	13	3	0
20200211	湖北	203	251134	6431	1137	124
20200211	湖南	6	1768	25	6	0
20200211	甘肃	1	0	0	0	0
20200211	福建	4	1826	32	9	4
20200211	纽约州	2	3	0	0	0
20200211	贵州	3	1114	68	6	0
20200211	辽宁	3	295	6	6	0
20200211	重庆	6	3057	101	18	0
20200211	陕西	3	562	13	1	2
20200211	香港	1	4	0	0	0
20200211	黑龙江	2	477	26	0	0
20200212	上海	1	591	1	0	0
20200212	云南	1	258	31	4	0
20200212	北京	5	696	11	6	0
20200212	吉林	1	3	0	0	0
20200212	四川	9	6417	102	8	0
20200212	安徽	10	3406	120	10	2
20200212	山东	10	2339	36	0	0
20200212	山西	9	31516	729	95	23
20200212	广东	4	649	7	2	0
20200212	广西	2	23	0	0	0
20200212	新疆	1	317	13	0	0
20200212	江苏	7	948	165	4	0
20200212	江西	4	2388	34	1	0
20200212	河北	3	592	16	5	0
20200212	河南	10	1121	80	13	3
20200212	浙江	4	142	7	1	0
20200212	海南	2	595	13	7	0
20200212	湖北	238	613238	7639	936	83
20200212	湖南	9	1220	54	5	0
20200212	甘肃	1	80	1	0	0
20200212	福建	1	11	0	0	0
20200212	西藏	1	313	13	4	0
20200212	贵州	4	243	10	0	0
20200212	辽宁	3	46	1	2	1
20200212	陕西	2	11	1	0	0
20200212	青海	1	1138	39	7	0
20200212	黑龙江	2	17	0	0	0
20200213	Tỉnh Bình Dương	1	4	1	0	0
20200213	上海	7	45907	1536	27	24
20200213	云南	4	1291	20	2	0
20200213	北京	5	11604660	214039	5334	795
20200213	吉林	2	117	8	0	0
20200213	四川	12	5628	395	56	1
20200213	天津	1	102	1	0	0
20200213	宁夏	1	3	1	0	0
20200213	安徽	4	7270	281	35	11
20200213	山东	6	786	35	18	2
20200213	山西	5	1419	34	7	2
20200213	广东	14	1325	34	16	1
20200213	广西	4	11076	193	18	0
20200213	新疆	2	228	38	0	0
20200213	江苏	7	369	16	4	0
20200213	江西	4	134	4	0	0
20200213	河北	7	327179	10820	494	271
20200213	河南	18	44949	1085	97	8
20200213	浙江	2	16	0	1	0
20200213	海南	2	11	0	0	0
20200213	湖北	203	377305	4673	722	437
20200213	湖南	7	2379	42	17	0
20200213	甘肃	2	503	40	12	1
20200213	福建	6	3176	111	14	1
20200213	英格兰	1	5	0	0	0
20200213	贵州	3	306	33	3	0
20200213	辽宁	4	16	1	0	0
20200213	重庆	5	1484	39	6	2
20200213	陕西	7	378867	43184	665	162
20200213	黑龙江	3	598	4	1	2
20200214	上海	3	271	10	2	0
20200214	云南	4	366	35	1	0
20200214	北京	5	383	22	1	1
20200214	四川	10	4324	209	25	1
20200214	天津	2	5	1	0	0
20200214	宁夏	3	10	0	0	0
20200214	安徽	7	7517	346	51	0
20200214	山东	7	3075	100	47	0
20200214	山西	15	1439	39	0	5
20200214	广东	12	42905	287	11	3
20200214	广西	2	663	23	9	0
20200214	江苏	12	31116	712	59	4
20200214	江西	6	11124333	271004	8966	1029
20200214	河北	11	360	18	1	0
20200214	河南	18	27905	451	54	3
20200214	浙江	4	893	27	2	1
20200214	海南	1	6	0	0	0
20200214	湖北	225	329017	6440	1044	75
20200214	湖南	10	1431	183	21	3
20200214	甘肃	1	59	2	0	0
20200214	福建	3	13844	48	7	1
20200214	贵州	3	988	76	15	0
20200214	重庆	7	2334	54	15	3
20200214	陕西	4	2811	216	19	1
20200214	黑龙江	1	0	0	0	0
20200215	上海	3	584	11	1	0
20200215	云南	3	1331	43	6	0
20200215	北京	2	29	1	1	0
20200215	吉林	7	1856	108	11	1
20200215	四川	8	1896	46	2	2
20200215	天津	1	37	0	0	0
20200215	安徽	10	3106	77	13	0
20200215	山东	9	6508	119	4	9
20200215	山西	1	507	2	0	0
20200215	广东	9	4809	80	22	2
20200215	广西	3	890	26	3	0
20200215	新疆	1	654	17	0	0
20200215	江苏	6	21569	147	26	4
20200215	江西	3	597	17	2	0
20200215	河北	10	2378	60	9	1
20200215	河南	22	70297	1276	65	3
20200215	浙江	8	336273	4986	150	179
20200215	海南	1	1	0	0	0
20200215	湖北	549	3641189	62786	4998	1456
20200215	湖南	8	3939	125	28	6
20200215	甘肃	2	158	10	1	2
20200215	贵州	3	13675	169	21	0
20200215	辽宁	3	178	8	0	0
20200215	重庆	3	7224	163	24	0
20200215	陕西	2	824	79	51	1
20200215	青海	1	213	2	0	0
20200215	黑龙江	2	0	0	0	0
20200216	上海	8	2622	38	3	0
20200216	云南	4	1379	46	1	0
20200216	北京	2	35	1	1	0
20200216	吉林	4	142	8	0	0
20200216	四川	10	2122	124	11	1
20200216	安徽	12	92236	2947	251	72
20200216	山东	9	3936	100	29	3
20200216	山西	5	1357	61	7	8
20200216	广东	8	4975	1107	350	0
20200216	广西	5	1910	26	5	0
20200216	新疆	1	7	2	0	0
20200216	江苏	10	4096	159	11	1
20200216	江西	2	5221	195	11	3
20200216	河北	5	1157	31	5	2
20200216	河南	15	75817	905	79	12
20200216	浙江	6	354	18	1	1
20200216	海南	4	52	3	0	1
20200216	湖北	266	379553	7188	1276	97
20200216	湖南	14	4669	177	21	3
20200216	甘肃	4	22184	2515	34	19
20200216	福建	3	488973	1776	94	11
20200216	贵州	5	110	9	1	0
20200216	辽宁	1	0	0	0	0
20200216	重庆	2	745	52	10	0
20200216	陕西	3	980	59	8	0
20200216	青海	1	20	0	0	0
20200216	黑龙江	3	1011	16	3	3
20200217	上海	4	1146	22	3	0
20200217	云南	2	1075	33	6	0
20200217	内蒙古	1	1562	25	0	0
20200217	北京	6	31447334	862286	119022	27013
20200217	吉林	1	15279	218	22	6
20200217	四川	4	206432	2414	44	21
20200217	宁夏	1	0	0	0	0
20200217	安徽	6	3291	302	13	8
20200217	山东	1	74	0	0	0
20200217	山西	1	2135	68	11	2
20200217	广东	10	1310790	20939	2663	418
20200217	广西	3	30	3	0	0
20200217	江苏	4	66	8	0	0
20200217	江西	3	2771785	31096	4502	1100
20200217	河北	2	674	9	1	0
20200217	河南	19	25322473	286595	12406	3939
20200217	浙江	2	27	2	1	0
20200217	海南	5	389	21	0	0
20200217	湖北	223	222317	9532	932	52
20200217	湖南	3	1821	67	16	0
20200217	西藏	1	10	2	0	0
20200217	贵州	1	7	0	0	0
20200217	辽宁	1	18	0	0	0
20200217	重庆	3	7226	90	14	1
20200217	陕西	1	587	9	1	0
20200217	黑龙江	4	1120	20	3	0
20200218	State of Queensland	1	220	1	1	0
20200218	上海	5	1121	43	11	0
20200218	云南	1	378	10	6	0
20200218	北京	4	325	4	0	1
20200218	吉林	1	1590	62	5	3
20200218	四川	1	6	0	0	0
20200218	安徽	7	4161	176	22	5
20200218	山东	6	686	19	16	2
20200218	山西	5	1693	84	1	1
20200218	广东	7	2246	41	3	0
20200218	新疆	2	19287	128	4	4
20200218	江苏	7	3390	209	62	1
20200218	江西	3	666	46	0	0
20200218	河北	3	17	1	0	1
20200218	河南	8	2168	29	5	0
20200218	浙江	5	743	38	4	0
20200218	湖北	205	287391	5524	1052	65
20200218	湖南	2	6531	107	70	10
20200218	贵州	1	107	3	1	0
20200218	辽宁	1	0	0	0	0
20200218	重庆	1	12758	117	3	0
20200218	陕西	4	2771	176	43	0
20200218	黑龙江	1	0	0	0	0
20200219	上海	1	15	1	1	0
20200219	云南	1	1	0	0	0
20200219	北京	5	10540792	181267	32199	1617
20200219	吉林	2	143	4	1	0
20200219	四川	5	470	14	0	1
20200219	安徽	6	873	38	3	3
20200219	山东	4	321	12	4	0
20200219	山西	4	1848	83	12	3
20200219	广东	4	798912	4524	382	89
20200219	广西	2	570	8	4	0
20200219	江苏	9	2634	386	58	0
20200219	江西	3	1138	51	6	0
20200219	河北	5	2824	255	80	0
20200219	河南	2	245	2	1	0
20200219	浙江	2	107	3	0	0
20200219	海南	1	21	0	0	0
20200219	湖北	200	379611	4132	1338	133
20200219	湖南	2	995	13	3	0
20200219	甘肃	1	10	1	1	0
20200219	辽宁	1	3	0	0	0
20200219	重庆	1	8289	199	16	4
20200219	陕西	1	237	10	5	0
20200219	黑龙江	2	1584	47	0	0
20200220	上海	3	379	20	5	0
20200220	云南	2	688	60	20	1
20200220	内蒙古	1	8	1	0	0
20200220	北京	1	0	0	0	0
20200220	吉林	1	8	2	0	0
20200220	四川	6	2049	85	9	0
20200220	天津	1	561	73	4	0
20200220	安徽	2	590	28	2	0
20200220	山东	5	130	16	2	0
20200220	山西	1	1	0	0	0
20200220	广东	3	1882	22	6	1
20200220	广西	1	7222	88	29	0
20200220	江苏	9	6630	135	28	2
20200220	江西	1	0	0	0	0
20200220	河北	7	848	49	4	0
20200220	河南	7	25915	117	6	0
20200220	浙江	7	3422	118	10	0
20200220	海南	1	2	0	0	0
20200220	湖北	222	154000	4152	883	71
20200220	湖南	8	3307	138	18	2
20200220	甘肃	1	174	9	0	0
20200220	贵州	2	703	20	5	2
20200220	辽宁	3	332	22	7	0
20200220	重庆	4	6742	134	9	1
20200220	陕西	4	840	8	2	1
20200220	首尔特别市	1	755	21	0	1
20200220	黑龙江	2	851	9	1	0
20200221		1	0	0	0	0
20200221	上海	3	232	18	0	0
20200221	云南	3	253	2	0	0
20200221	北京	3	6846	113	13	5
20200221	吉林	1	2	0	0	0
20200221	四川	5	1466	50	6	0
20200221	天津	1	23	3	4	0
20200221	宁夏	1	1	0	0	0
20200221	安徽	4	12488	1167	9	3
20200221	山东	9	2276	73	10	4
20200221	山西	5	889	101	23	3
20200221	广东	6	4330	821	251	0
20200221	广西	1	1551	35	5	0
20200221	江苏	7	15717	827	92	0
20200221	江西	3	1585	64	2	0
20200221	河北	4	808	22	0	0
20200221	河南	9	8699	413	34	0
20200221	浙江	2	6	1	0	0
20200221	湖北	228	717121	38711	2916	301
20200221	湖南	3	195	11	2	0
20200221	甘肃	2	344	12	1	0
20200221	福建	3	1429	10	0	0
20200221	辽宁	7	15505	1933	63	2
20200221	重庆	5	10386	100	6	0
20200221	陕西	2	44	0	0	0
20200221	黑龙江	2	2277	54	9	0
20200222		1	0	0	0	0
20200222	北京	2	413	29	7	0
20200222	吉林	1	2	0	0	0
20200222	天津	1	1197	100	25	0
20200222	宁夏	1	31	2	0	0
20200222	安徽	5	1669	46	4	0
20200222	山东	4	1211	13	2	0
20200222	山西	1	2	0	0	0
20200222	广东	10	2282	195	5	1
20200222	江苏	7	12383	473	125	0
20200222	河北	3	2890	49	32	0
20200222	河南	12	15451	358	58	0
20200222	浙江	4	191	13	2	0
20200222	海南	3	80	3	0	0
20200222	湖北	267	2328577	48942	4702	402
20200222	湖南	6	2067	218	21	2
20200222	福建	2	661	19	12	0
20200222	贵州	2	954	20	0	0
20200222	辽宁	1	570	36	4	1
20200222	重庆	4	495	47	15	1
20200222	黑龙江	6	7107	189	15	1
20200223	Northern Territory	1	38	0	1	1
20200223	State of Victoria	1	29	1	1	0
20200223	上海	1	16	1	0	0
20200223	云南	5	403	22	1	0
20200223	内蒙古	2	1130	11	1	1
20200223	加利福尼亚州	1	69	2	0	0
20200223	北京	7	918	133	17	0
20200223	吉林	1	1543	141	13	0
20200223	四川	7	12835	566	17	4
20200223	天津	3	427	36	3	0
20200223	安徽	8	5129	331	33	0
20200223	山东	10	2299	110	16	0
20200223	山西	1	656	18	27	0
20200223	广东	14	6761	350	48	8
20200223	广西	1	767	4	0	0
20200223	新疆	1	1078	177	13	0
20200223	江苏	13	9761	234	9	2
20200223	江西	8	3268	136	18	4
20200223	河北	8	3688	33	1	1
20200223	河南	15	33912	678	91	1
20200223	浙江	5	10475	75	15	0
20200223	海南	2	481	20	3	0
20200223	湖北	404	6098170	64785	5335	562
20200223	湖南	15	41160	1382	57	51
20200223	福建	2	1901	48	3	0
20200223	贵州	5	2177	108	12	0
20200223	辽宁	2	1608	147	3	0
20200223	重庆	2	17508	252	40	5
20200223	陕西	6	57351	599	39	33
20200224	上海	1	141	1	0	0
20200224	云南	1	5	0	0	0
20200224	内蒙古	1	7	1	0	0
20200224	北京	4	6818	276	17	1
20200224	吉林	1	2	0	0	0
20200224	四川	7	2665	58	10	1
20200224	天津	2	141	4	1	0
20200224	安徽	4	73	3	0	1
20200224	山东	3	18309	255	8	0
20200224	山西	4	3325	113	7	1
20200224	广东	13	4143	105	29	7
20200224	广西	4	875	81	13	3
20200224	江苏	7	39225	5785	77	37
20200224	江西	2	48	4	1	4
20200224	河北	5	2305	66	10	2
20200224	河南	9	36772	755	78	17
20200224	浙江	4	207	11	2	0
20200224	海南	3	6	0	0	0
20200224	湖北	305	698245	14914	1994	161
20200224	湖南	6	915	42	0	1
20200224	甘肃	1	5	0	0	0
20200224	皮埃蒙特	1	7486	32	8	5
20200224	福建	1	191	9	0	0
20200224	贵州	4	9599	403	32	0
20200224	辽宁	2	18	0	2	0
20200224	重庆	3	18081	140	21	2
20200224	陕西	4	1242	105	21	2
20200224	黑龙江	4	244	31	7	0
20200225		1	938	24	0	0
20200225	Changwat Phetchaburi	1	4	0	0	0
20200225	Chiang Mai Province	1	556	10	0	0
20200225	上海	8	2269	89	24	1
20200225	云南	1	1	1	1	0
20200225	内蒙古	1	0	0	0	0
20200225	北京	3	223	2	3	1
20200225	吉林	2	102	8	0	0
20200225	四川	2	839	29	1	0
20200225	天津	2	343	9	0	0
20200225	安徽	2	20754	202	58	20
20200225	山东	4	228	4	2	0
20200225	山西	2	16	0	0	0
20200225	广东	12	4999	903	234	1
20200225	广西	2	11230	1205	179	18
20200225	新疆	3	4281	109	8	0
20200225	江苏	1	482	24	8	1
20200225	河北	2	70	4	0	0
20200225	河南	12	47744832	554678	31200	3107
20200225	浙江	9	3230	73	22	1
20200225	湖北	232	2497940	106971	17642	521
20200225	湖南	4	18220	404	17	2
20200225	甘肃	1	5	0	0	0
20200225	辽宁	1	1	1	1	0
20200225	重庆	2	19	0	0	0
20200225	陕西	2	221	5	0	0
20200225	黑龙江	2	191	7	1	0
20200226		1	0	0	0	0
20200226	Changwat Phetchaburi	1	15881	140	23	0
20200226	上海	1	856	16	0	0
20200226	云南	1	5	0	0	0
20200226	内蒙古	1	1287	113	17	0
20200226	北京	7	75342	1032	20	4
20200226	四川	7	29555	1246	40	8
20200226	安徽	5	2141	28	1	0
20200226	山东	7	533	8	17	0
20200226	广东	11	2156	69	26	1
20200226	广西	1	12	0	0	0
20200226	新疆	2	16	1	0	0
20200226	江苏	4	938	24	6	1
20200226	江西	6	1996	183	23	2
20200226	河北	9	72531	573	119	146
20200226	河南	8	68824	288	31	7
20200226	浙江	5	1242	42	16	0
20200226	海南	1	1	0	0	0
20200226	湖北	259	759102	35494	6991	274
20200226	湖南	4	2935	95	6	0
20200226	福建	6	4513	254	12	0
20200226	西藏	1	7	0	0	0
20200226	贵州	1	204	27	18	0
20200226	辽宁	1	144	5	3	0
20200226	重庆	4	28301	440	7	4
20200226	陕西	3	31	3	0	0
20200226	黑龙江	2	767	25	0	0
20200227	上海	5	2374672	29650	5003	2128
20200227	云南	1	59	4	1	0
20200227	内蒙古	1	11	0	0	0
20200227	北京	4	9	0	0	0
20200227	吉林	2	411	5	1	0
20200227	四川	5	49962	734	29	8
20200227	天津	2	906	16	3	0
20200227	安徽	8	1062	50	18	0
20200227	山东	3	410	11	2	1
20200227	山西	3	1324	105	22	1
20200227	广东	10	17629	100	19	5
20200227	广西	5	20492	2534	66	1
20200227	新疆	3	37	3	0	0
20200227	江苏	4	799	29	4	0
20200227	江西	5	46195	884	93	61
20200227	河北	3	1144	76	8	0
20200227	河南	15	38476	427	46	7
20200227	浙江	5	1710	61	14	0
20200227	湖北	258	3705785	30335	4913	265
20200227	湖南	9	4426	212	38	0
20200227	甘肃	1	0	0	0	0
20200227	福建	3	1266	55	0	2
20200227	贵州	4	158	8	0	0
20200227	辽宁	5	9208	46	12	0
20200227	重庆	2	11	2	0	0
20200227	陕西	3	12	2	0	0
20200227	黑龙江	1	25	2	0	0
20200228	上海	1	23	0	0	0
20200228	内蒙古	1	14	1	0	0
20200228	北京	3	61220	5604	644	111
20200228	吉林	1	673	8	2	0
20200228	四川	4	2273	66	6	0
20200228	宁夏	1	2	0	0	0
20200228	安徽	6	4697	68	7	0
20200228	山东	4	126890	2693	635	11
20200228	山西	3	0	0	0	0
20200228	广东	8	1428	50	2	1
20200228	新疆	4	216	19	3	0
20200228	江苏	6	1449	25	18	1
20200228	江西	5	11230	476	21	0
20200228	河北	6	4479	420	21	1
20200228	河南	6	408	18	2	1
20200228	浙江	4	2006	39	13	1
20200228	海南	2	5	1	0	0
20200228	湖北	274	1428710	29399	5946	185
20200228	湖南	4	122	7	4	1
20200228	甘肃	1	8	0	0	0
20200228	福建	2	675	5	0	0
20200228	贵州	1	435	30	1	0
20200228	辽宁	1	1	0	0	0
20200228	重庆	3	36066	356	24	7
20200228	黑龙江	1	3	0	0	0
20200229	Central Singapore Community Development Council	1	18	1	2	0
20200229	上海	1	6	0	0	0
20200229	云南	2	2227	42	6	0
20200229	北京	6	10557616	272472	41517	2730
20200229	四川	1	4	0	0	0
20200229	安徽	6	6233	118	19	1
20200229	山东	6	3790	82	2	5
20200229	山西	2	684	16	1	0
20200229	广东	4	2487	18	0	4
20200229	新疆	2	21	2	0	0
20200229	江苏	4	1525	24	2	1
20200229	江西	2	2320	44	11	0
20200229	河北	8	8722	640	234	2
20200229	河南	15	27161	299	21	2
20200229	浙江	3	13529	102	21	3
20200229	海南	1	2201	50	21	2
20200229	湖北	336	1845017	23504	3704	180
20200229	湖南	5	207053	3193	106	4
20200229	甘肃	1	253	5	0	0
20200229	福建	1	326466	1603	114	5
20200229	贵州	3	213	24	12	0
20200229	辽宁	2	1694	50	10	1
20200229	重庆	1	957	10	9	0
20200229	陕西	1	7	1	0	0
20200301	上海	1	151	11	1	0
20200301	云南	1	763	10	4	0
20200301	内蒙古	1	1185	26	0	0
20200301	北京	2	123	14	3	0
20200301	吉林	1	3	0	1	0
20200301	四川	4	1001	9	2	0
20200301	安徽	4	362	14	0	0
20200301	山东	6	1606	127	7	1
20200301	广东	8	57574	857	254	4
20200301	广西	2	320	31	8	1
20200301	江苏	3	583	66	20	0
20200301	江西	5	7051	109	58	0
20200301	河北	2	727	36	2	0
20200301	河南	10	120894	6180	327	23
20200301	海南	2	16	1	0	0
20200301	湖北	314	690821	32330	2905	210
20200301	湖南	5	1029	90	11	1
20200301	福建	3	298481	3096	267	9
20200301	贵州	1	43	0	0	0
20200301	辽宁	2	17043	1051	91	8
20200301	重庆	2	15406	249	19	3
20200301	陕西	5	14849	160	17	3
20200301	黑龙江	2	47	1	0	0
20200302	Tokyo Prefecture	1	4	0	0	0
20200302	上海	2	116	4	0	1
20200302	北京	1	606	5	0	0
20200302	四川	5	1262	74	13	1
20200302	安徽	3	657	36	5	0
20200302	山东	1	0	0	0	0
20200302	广东	6	2590049	13437	534	255
20200302	广西	11	130	21	0	0
20200302	江苏	2	182	5	0	0
20200302	江西	2	343	14	1	0
20200302	河北	1	0	0	0	0
20200302	河南	6	45447	213	9	2
20200302	浙江	1	57	4	0	0
20200302	海南	1	3745	85	7	1
20200302	湖北	237	333618	5576	1413	91
20200302	湖南	1	9	1	0	0
20200302	福建	1	226	4	0	0
20200302	重庆	4	6827	130	5	0
20200302	陕西	2	16	0	0	0
20200302	黑龙江	4	1000	9	0	0
20200303	上海	1	0	0	0	1
20200303	北京	3	131	7	0	0
20200303	四川	1	7	0	0	0
20200303	安徽	9	3702	144	23	1
20200303	山东	2	88	10	1	0
20200303	山西	2	879	71	6	1
20200303	广东	8	2596	52	3	0
20200303	广西	3	2157	27	4	0
20200303	江苏	2	66	10	4	0
20200303	河北	2	87	13	0	0
20200303	河南	6	15976	459	30	1
20200303	浙江	2	18	2	0	1
20200303	湖北	255	1737329	16692	2448	353
20200303	湖南	2	44	0	0	0
20200303	甘肃	1	144	7	0	0
20200303	福建	2	1165	56	32	0
20200303	贵州	1	10	0	0	0
20200303	辽宁	2	0	0	0	0
20200303	黑龙江	2	1559	9	2	0
20200304	上海	2	224	3	0	0
20200304	内蒙古	2	365	7	3	0
20200304	北京	2	182	4	3	1
20200304	吉林	1	0	0	0	0
20200304	四川	1	301	10	0	0
20200304	天津	2	5	0	0	0
20200304	安徽	1	723	34	1	0
20200304	山东	1	1	0	0	0
20200304	山西	2	350	7	2	0
20200304	广东	8	5056	314	14	2
20200304	江苏	2	143	6	5	0
20200304	江西	1	4	0	0	0
20200304	河北	3	26	1	0	0
20200304	河南	5	122	4	0	0
20200304	浙江	1	142	7	0	0
20200304	湖北	262	1397576	9217	1391	60
20200304	湖南	7	827269	15791	276	32
20200304	甘肃	4	372	12	1	0
20200304	福建	2	4	2	4	0
20200304	贵州	2	381	35	9	0
20200304	辽宁	3	4	0	0	0
20200304	重庆	1	28891	138	15	2
20200304	陕西	2	3036	36	9	0
20200304	黑龙江	1	48	0	0	0
20200305	上海	1	283	8	1	0
20200305	吉林	1	916	14	2	0
20200305	天津	1	361	14	2	0
20200305	宁夏	1	32	2	0	0
20200305	安徽	2	234	20	6	0
20200305	山东	2	7	3	2	0
20200305	广东	1	669	8	1	0
20200305	江苏	3	39622	401	26	1
20200305	江西	3	358	11	2	0
20200305	河北	2	6517	359	191	2
20200305	河南	3	734	5	3	0
20200305	浙江	2	999	167	3	0
20200305	湖北	259	5087060	109766	15879	307
20200305	湖南	7	50401	3160	24	4
20200305	甘肃	1	543	14	5	0
20200305	福建	2	3675	146	22	0
20200305	贵州	1	27	6	0	0
20200305	重庆	2	28886	389	23	7
20200305	黑龙江	2	3	0	0	0
20200306	Tokyo Prefecture	1	14025	77	14	1
20200306	内蒙古	1	0	0	0	0
20200306	北京	3	104	7	2	0
20200306	吉林	2	0	0	0	0
20200306	四川	3	94	2	0	1
20200306	宁夏	1	509	16	1	0
20200306	安徽	4	356	51	13	1
20200306	山东	1	1	0	0	0
20200306	山西	2	1109	25	1	0
20200306	广东	6	743	63	27	0
20200306	广西	1	594	42	1	0
20200306	新疆	1	5	1	0	0
20200306	江苏	3	458	26	2	1
20200306	江西	1	162	13	1	0
20200306	河北	1	13	0	0	0
20200306	河南	5	12958	51	5	0
20200306	浙江	1	1161	19	0	0
20200306	海南	1	642	13	12	0
20200306	湖北	242	395122	8221	1663	71
20200306	湖南	1	1	0	0	0
20200306	福建	1	1	0	0	0
20200306	贵州	2	85	14	0	0
20200306	辽宁	1	37658	267	33	4
20200306	重庆	1	12148	193	18	7
20200306	黑龙江	3	654	30	7	0
20200307	上海	2	816	16	1	0
20200307	云南	3	1221	47	4	0
20200307	北京	5	1182	25	5	1
20200307	吉林	1	437	146	37	0
20200307	四川	3	599	17	1	0
20200307	山东	2	2208	126	4	0
20200307	山西	3	213	18	3	0
20200307	广东	5	2207	34	1	0
20200307	江苏	5	9333	138	25	5
20200307	江西	4	865	76	5	4
20200307	河北	3	33	1	0	0
20200307	河南	6	3339	199	38	0
20200307	浙江	4	1109	77	19	1
20200307	海南	1	179	37	2	0
20200307	湖北	324	2552595	31203	3567	236
20200307	湖南	1	0	0	0	0
20200307	甘肃	1	7	0	0	0
20200307	福建	4	1514	61	16	3
20200307	贵州	1	0	0	0	0
20200307	辽宁	1	357	32	5	0
20200307	重庆	4	14435	260	20	2
20200307	黑龙江	3	1	0	0	0
20200308	Comunidad de Madrid	1	2	0	0	0
20200308	上海	2	675	73	4	0
20200308	北京	1	130	28	6	1
20200308	吉林	1	22908	524	7	0
20200308	四川	2	290	16	7	0
20200308	威尼托	1	2	0	0	0
20200308	安徽	9	15752	58	13	0
20200308	山东	1	87	10	0	0
20200308	广东	5	1236	97	5	0
20200308	广西	2	86	6	1	0
20200308	拉齐奥	1	1011	103	39	12
20200308	江苏	4	638	29	2	0
20200308	江西	2	2665	20	3	0
20200308	河北	2	651	8	3	0
20200308	河南	2	0	0	0	0
20200308	浙江	3	1107	263	17	0
20200308	海南	4	88	3	0	0
20200308	湖北	310	232217	6875	1212	79
20200308	湖南	2	2715	93	2	0
20200308	皮埃蒙特	1	6	1	0	0
20200308	福建	1	1	0	0	0
20200308	重庆	2	37831	412	10	3
20200308	陕西	1	4	0	0	0
20200308	黑龙江	3	32	2	2	0
20200309	上海	1	228	31	8	0
20200309	云南	1	123	7	0	0
20200309	北京	1	716726	27305	1101	181
20200309	四川	4	678	101	10	0
20200309	天津	2	1016	31	1	2
20200309	安徽	3	3890	80	11	2
20200309	山东	2	171527	2604	80	20
20200309	山西	2	116	5	0	0
20200309	广东	7	612	12	3	0
20200309	拉齐奥	1	531	79	8	2
20200309	新疆	1	27071	507	19	4
20200309	江苏	2	30699	716	42	1
20200309	江西	1	871	21	9	0
20200309	河北	5	12282	42	3	0
20200309	河南	7	31007666	144082	7078	6876
20200309	浙江	2	231	4	0	0
20200309	海南	1	457	25	4	0
20200309	湖北	306	519658	16865	1479	63
20200309	湖南	1	294	26	7	0
20200309	甘肃	1	7947	150	4	2
20200309	福建	1	7946	98	3	0
20200309	贵州	1	0	0	0	0
20200309	辽宁	4	1437	26	0	0
20200309	重庆	2	9217	219	12	1
20200309	陕西	5	886	31	6	1
20200309	黑龙江	2	0	0	0	0
20200310	Lombardia	1	17676	725	176	0
20200310	北京	2	1361	72	0	0
20200310	吉林	1	0	0	0	0
20200310	天津	1	5	0	0	0
20200310	安徽	2	587	10	5	3
20200310	山东	2	123	28	0	0
20200310	山西	1	9	0	0	0
20200310	广东	9	541	25	6	0
20200310	江苏	8	4948	514	146	0
20200310	江西	2	0	0	0	0
20200310	河北	6	1961	81	3	0
20200310	河南	4	1266	266	6	1
20200310	浙江	3	813	63	35	0
20200310	海南	5	108859	5536	390	67
20200310	湖北	376	23647134	573019	29604	6426
20200310	湖南	2	38317	71	14	3
20200310	甘肃	1	1102	53	0	0
20200310	福建	3	169	25	1	0
20200310	贵州	3	867	32	1	0
20200310	重庆	1	9614	243	16	0
20200310	陕西	1	547	13	3	0
20200310	香港	1	40	7	7	0
20200310	黑龙江	1	3	0	0	0
20200311	Siem Reab	1	16	2	1	0
20200311	内蒙古	1	108	6	0	0
20200311	北京	1	0	0	0	0
20200311	四川	3	1507	31	1	0
20200311	宁夏	1	3254	107	6	2
20200311	安徽	3	73003	574	93	7
20200311	山西	1	28	7	1	0
20200311	广东	7	1273	33	9	0
20200311	广西	4	1955	50	6	0
20200311	江苏	3	5633	69	8	0
20200311	江西	2	2787	10	2	1
20200311	河北	2	549	5	4	0
20200311	河南	3	35327	652	40	5
20200311	浙江	2	374	12	8	1
20200311	海南	1	120	3	0	0
20200311	湖北	323	2379499	26370	3436	266
20200311	湖南	6	2326	13	1	0
20200311	西藏	2	218	8	1	0
20200311	陕西	1	499	0	0	0
20200311	黑龙江	1	23	0	0	1
20200312	Lombardia	1	1	0	0	0
20200312	上海	1	0	0	0	0
20200312	云南	1	537	21	7	0
20200312	内蒙古	1	11	2	0	0
20200312	北京	3	591	43	3	7
20200312	四川	1	0	0	0	0
20200312	山东	4	1215	145	6	0
20200312	山西	1	54	3	0	0
20200312	广东	6	54	7	1	0
20200312	广西	1	3	0	0	0
20200312	新疆	1	10473	155	7	0
20200312	江苏	5	49	5	2	2
20200312	江西	1	4210	150	49	1
20200312	河北	2	615	29	11	0
20200312	河南	7	841	73	8	0
20200312	浙江	3	1298	38	8	0
20200312	湖北	307	1674992	58765	5941	149
20200312	犹他州	1	300782	13988	1850	289
20200312	甘肃	2	9	0	0	0
20200312	福建	1	3	1	0	0
20200312	贵州	1	223	6	0	0
20200312	辽宁	2	460	5	0	0
20200312	陕西	1	1155	36	1	0
20200312	黑龙江	1	533	12	0	0
20200313	上海	2	6	1	0	1
20200313	北京	3	275	19	0	0
20200313	吉林	1	1791	35	3	0
20200313	四川	3	81	3	0	0
20200313	山东	3	1880	68	4	2
20200313	广东	2	11	1	0	0
20200313	江苏	4	895	35	37	0
20200313	江西	2	8	0	0	1
20200313	河北	3	91	5	0	0
20200313	河南	5	730	19	3	0
20200313	浙江	2	546	21	0	1
20200313	湖北	274	259991	7094	1325	71
20200313	湖南	4	276	12	0	0
20200313	甘肃	1	15	2	0	0
20200313	福建	1	54872	1684	227	9
20200313	贵州	4	21	1	0	0
20200313	辽宁	1	0	0	0	0
