20200101	湖南	1	76	1	0	0
20200130	上海	3	2027553	29070	10263	1533
20200130	云南	1	8930	70	31	0
20200130	内蒙古	2	123518	3118	720	66
20200130	北京	12	72847111	1547876	291662	25348
20200130	吉林	2	3486443	13577	3070	128
20200130	四川	7	13260868	101196	23908	5341
20200130	天津	1	6	0	0	0
20200130	安徽	9	254863	3650	549	76
20200130	山东	27	773183	11076	1928	473
20200130	山西	8	12274069	178372	32407	5975
20200130	广东	15	1634927	40142	7872	773
20200130	广西	1	6	0	0	0
20200130	江苏	7	69436	576	108	36
20200130	江西	6	30105	311	69	22
20200130	河北	12	525622	7944	1840	218
20200130	河南	24	894355	15486	2928	313
20200130	浙江	6	323146	5698	920	179
20200130	湖北	46	96980442	2208057	418671	22499
20200130	湖南	8	1239866	11991	3111	443
20200130	甘肃	3	6260710	82111	20030	2766
20200130	福建	7	9609147	87122	20715	547
20200130	贵州	4	74969	693	138	86
20200130	辽宁	6	307	0	2	0
20200130	重庆	2	15	1	1	0
20200130	陕西	8	1147237	10898	2698	88
20200131		1	0	0	0	0
20200131	上海	1	7	1	0	0
20200131	云南	1	3	0	0	0
20200131	内蒙古	1	1788948	18943	4646	157
20200131	北京	8	244846	2365	417	32
20200131	吉林	2	26849	229	36	28
20200131	四川	4	102223	1297	158	11
20200131	天津	3	80851	1104	126	10
20200131	安徽	7	1807	34	1	0
20200131	山东	13	130608	1067	206	15
20200131	山西	5	136	3	2	0
20200131	广东	6	803	17	0	1
20200131	广西	1	10	0	0	0
20200131	新疆	2	9	0	0	0
20200131	江苏	17	2470051	15359	4701	260
20200131	江西	7	89333	814	68	284
20200131	河北	9	304321	3884	1326	65
20200131	河南	23	1337582	5463	850	103
20200131	浙江	6	614	20	2	0
20200131	湖北	22	47038	288	61	161
20200131	湖南	12	719846	7547	4250	419
20200131	甘肃	4	42	3	2	1
20200131	福建	5	1771	136	0	1
20200131	莫斯科州	1	2	0	0	0
20200131	贵州	6	201875	2629	642	24
20200131	辽宁	7	399	8	5	0
20200131	重庆	4	94	20	1	0
20200131	陕西	5	22	2	2	1
20200131	青海	1	6	1	3	0
20200131	黑龙江	2	13	1	1	0
20200201	北京	1	369703	2959	1357	67
20200201	吉林	1	519	14	0	0
20200201	宁夏	1	46	5	0	0
20200201	安徽	4	24	1	0	0
20200201	河北	2	9	1	0	0
20200201	河南	3	499	11	3	0
20200201	浙江	2	3	0	0	0
20200201	海南	2	8	0	0	3
20200201	湖北	2	5	1	0	0
20200201	福建	1	5	0	0	0
20200201	陕西	1	418	5	0	0
20200202	山东	1	14	1	0	0
20200202	新疆	1	3	1	1	0
20200202	江西	1	1654	70	10	1
20200202	河北	1	679	4	2	0
20200202	河南	1	7	0	0	0
20200202	湖北	2	18	1	1	1
20200203	江苏	1	28	1	0	0
20200203	湖北	1	142	7	0	3
20200205	新疆	1	3	0	0	0
20200205	湖北	1	2	0	0	0
20200205	湖南	1	1	0	0	0
20200207	湖南	1	5	0	0	2
20200208	宁夏	1	4	0	0	0
20200208	山东	1	0	0	0	0
20200208	江苏	1	864	31	1	2
20200208	河南	1	16	1	0	0
20200208	浙江	1	315	12	2	3
20200208	湖北	1	8	2	0	1
20200208	贵州	1	0	0	0	0
20200208	陕西	1	23	1	0	0
20200209	内蒙古	1	4	0	0	0
20200209	湖北	2	6	1	0	1
20200211	江西	1	10	0	0	0
20200212	河南	1	9	1	1	0
20200212	湖北	1	0	0	0	0
20200213	广西	1	2	0	0	0
20200213	贵州	1	4	0	0	0
20200214	山东	1	0	0	0	0
20200214	浙江	2	7733	334	43	5
20200214	重庆	1	3	0	0	0
20200215	四川	1	1821	31	20	0
20200215	山东	1	2	0	0	0
20200215	湖北	1	3	0	0	0
20200216	湖北	2	23	2	1	1
20200216	贵州	2	4	2	0	0
20200218	北京	1	732508	9744	1985	146
20200218	山东	1	7	0	0	0
20200219	河南	1	64	1	0	0
20200225	海南	1	6	1	1	0
20200225	湖南	1	215	19	14	0
20200227	浙江	1	1	0	0	0
20200227	福建	1	2	0	0	0
20200302	浙江	1	1	0	0	0
20200307	重庆	1	5	0	0	0
