20200104	广东	1	600	14	0	0
20200105	江西	1	626	30	0	0
20200110		1	155104	3992	85	27
20200110	新疆	1	49	4	3	0
20200112		2	193459	5565	88	27
20200113		1	1	0	0	0
20200113	安徽	1	40	1	0	0
20200118		1	1	0	0	0
20200119		1	0	0	0	0
20200119	Ōsaka-fu	1	63	5	0	0
20200121		1	0	0	0	0
20200121	黑龙江	2	1658	14	1	1
20200123	黑龙江	1	64	0	0	0
20200124	四川	1	134	0	0	0
20200126	黑龙江	1	69	5	0	0
20200127		1	1	0	0	0
20200129	云南	1	8	1	0	0
20200129	新疆	1	152	14	4	0
20200131	四川	1	646	24	0	0
20200201	安徽	1	328260	16935	393	94
20200204	湖南	1	0	0	0	0
20200205	Kanagawa	1	14777	214	20	5
20200205	北京	1	507732	6149	341	276
20200205	四川	1	1126	27	4	0
20200205	山东	4	19135943	240194	15362	8841
20200205	山西	1	94782	679	24	31
20200205	广东	1	3	1	2	0
20200205	江西	1	97	2	0	0
20200205	河南	4	206675	1284	69	64
20200205	湖北	3	1771	161	23	17
20200205	福建	1	10034	36	4	3
20200205	辽宁	1	2	0	0	0
20200206	Kanagawa	1	1582	100	3	2
20200206	Tokyo Prefecture	1	88	11	0	0
20200206	上海	1	174637	2696	220	62
20200206	云南	1	318149	1828	79	77
20200206	北京	1	372504	4956	149	63
20200206	四川	3	460	5	0	0
20200206	安徽	2	33330	262	9	10
20200206	山东	2	124982	1537	54	22
20200206	山西	1	49011	276	5	11
20200206	广东	1	25615	228	20	21
20200206	新疆	3	50213	395	12	7
20200206	江苏	1	11174	76	5	0
20200206	河北	1	101148	1846	73	28
20200206	河南	2	23836	181	6	5
20200206	湖南	2	285650	3446	165	320
20200207	Aichi-ken	1	4155	68	15	0
20200207	Chiba-ken	1	10	0	0	0
20200207	Kanagawa	3	812	12	9	0
20200207	上海	5	5135633	39822	1709	4544
20200207	云南	1	43776	656	32	17
20200207	内蒙古	2	28442	219	11	3
20200207	北京	5	21497868	152319	5372	9122
20200207	四川	1	168441	1659	62	58
20200207	安徽	5	652326	2688	78	102
20200207	山东	4	640516	5646	406	281
20200207	山西	2	225305	1128	33	42
20200207	广东	6	18260203	262006	15561	6265
20200207	广西	1	1	1	0	1
20200207	江苏	4	1112391	4687	180	253
20200207	河北	5	2794637	7290	221	362
20200207	河南	7	959763	3339	154	270
20200207	浙江	7	458069	3457	171	131
20200207	海南	1	13	0	0	0
20200207	湖南	1	98514	1178	31	20
20200207	福冈县	1	3	0	0	0
20200207	福建	5	316674	1853	113	103
20200207	辽宁	4	719413	3910	617	252
20200207	陕西	1	2	0	0	0
20200207	香港	1	5	1	0	0
20200208	Auckland	2	19591	139	7	1
20200208	Northern Ireland	1	18	0	0	0
20200208	上海	2	80475	698	62	5
20200208	内蒙古	1	8043	33	3	5
20200208	北京	1	393306	2958	156	82
20200208	台湾	1	923	4	0	0
20200208	吉林	3	224525	2391	80	82
20200208	安徽	2	242423	1706	64	36
20200208	广东	2	25	4	1	0
20200208	广西	1	6	1	0	0
20200208	弗吉尼亚州	1	275	1	2	0
20200208	江苏	3	4685	47	3	1
20200208	江西	1	9	1	0	0
20200208	河南	4	479366	1665	50	138
20200208	浙江	1	35288	318	15	19
20200208	湖南	1	72686	977	42	17
20200208	福建	4	78794	1239	107	54
20200209	Aichi-ken	1	7	1	1	0
20200209	Kanagawa	2	110	9	0	0
20200209	上海	2	272587	3555	318	123
20200209	云南	2	12	0	0	0
20200209	内蒙古	1	1136374	5054	281	183
20200209	安徽	1	79471	898	28	18
20200209	山东	1	134135	3796	331	69
20200209	广东	2	59453	494	27	5
20200209	广西	2	58253	582	31	4
20200209	新疆	1	50171	251	21	10
20200209	河北	1	978282	5005	302	144
20200209	河南	1	1096	5	0	0
20200210	Tokyo Prefecture	1	1	0	0	0
20200210	Ōsaka-fu	2	3961	175	44	0
20200210	上海	2	1437871	33193	4445	1756
20200210	内蒙古	2	65038	234	8	34
20200210	北京	4	586175	3938	283	219
20200210	安徽	2	44174	526	38	12
20200210	山东	3	102135	691	42	55
20200210	山西	1	82777	510	20	44
20200210	广东	12	3889626	35702	3165	1732
20200210	广西	1	8	3	3	0
20200210	江苏	4	745821	5421	380	408
20200210	江西	1	50484	376	22	43
20200210	河北	4	9665227	28925	743	1831
20200210	河南	4	57205	184	8	78
20200210	浙江	2	550044	1516	83	86
20200210	湖南	1	133882	123	4	23
20200210	福建	4	26881	88	0	8
20200210	辽宁	1	93	1	0	0
20200210	青海	1	420	23	3	0
20200210	香港	1	4247	49	2	2
20200210	黑龙江	1	1783	10	0	0
20200211		1	1	0	0	0
20200211	Kanagawa	1	620	13	1	1
20200211	State of New South Wales	1	3	0	0	0
20200211	上海	5	44	2	0	2
20200211	内蒙古	1	42721	356	28	10
20200211	北京	3	163580	1183	61	121
20200211	吉林	1	5475	39	1	0
20200211	四川	1	41291	70	7	18
20200211	安徽	2	368377	1860	73	115
20200211	山东	6	493386	3003	156	133
20200211	山西	2	729470	1999	58	102
20200211	广东	2	260239	2394	21	254
20200211	新疆	1	65976	367	9	30
20200211	江苏	5	1742	258	16	5
20200211	江西	2	993330	10132	862	249
20200211	河北	3	616566	1348	62	57
20200211	河南	3	2564250	21183	1154	268
20200211	浙江	1	7520	100	5	0
20200211	湖北	1	1819	15	1	0
20200211	湖南	2	191010	1641	49	52
20200211	福建	2	73585	1253	120	57
20200211	辽宁	2	49312	308	34	21
20200211	黑龙江	1	9	0	0	0
20200212	Chiba-ken	1	5	0	0	0
20200212	Tokyo Prefecture	1	2	0	0	0
20200212	上海	3	3252271	40263	5449	3048
20200212	内蒙古	3	667656	1791	120	185
20200212	北京	8	1393680	23687	680	876
20200212	四川	1	258675	3013	229	152
20200212	天津	2	1101	15	0	0
20200212	安徽	8	1228508	6769	492	360
20200212	山东	13	1879445	6757	335	350
20200212	山西	3	177473	631	22	86
20200212	广东	7	1453928	22623	2199	871
20200212	江苏	4	1470205	9265	533	504
20200212	江西	3	891648	5794	444	307
20200212	河北	5	345196	2917	208	105
20200212	河南	8	318337	2024	155	224
20200212	浙江	2	124449	749	44	22
20200212	湖北	1	12	0	0	1
20200212	甘肃	1	40217	277	0	2
20200212	福建	5	29635	214	7	6
20200212	辽宁	1	0	0	0	0
20200212	重庆	1	13	0	0	1
20200212	陕西	6	2764932	82797	5902	790
20200212	黑龙江	1	23	1	0	0
20200213	Kanagawa	3	429	7	1	0
20200213	Shizuoka	1	11078	29	8	1
20200213	上海	3	6145480	82467	6757	5893
20200213	内蒙古	2	109640	345	19	30
20200213	北京	4	452572	2961	164	99
20200213	吉林	1	2014592	45463	3361	1444
20200213	四川	2	42256	259	18	16
20200213	安徽	4	188272	2156	21	14
20200213	山东	6	822586	6421	372	295
20200213	山西	3	158730	799	23	151
20200213	广东	12	358172	2027	91	234
20200213	新疆	1	12899	180	9	1
20200213	江苏	5	285	10	1	2
20200213	江西	3	3005651	68785	1994	298
20200213	河北	6	188087	1718	74	86
20200213	河南	8	418549	3519	222	648
20200213	浙江	2	31533	253	6	6
20200213	湖南	1	677	4	0	0
20200213	甘肃	2	112182	684	18	63
20200213	福建	2	33030	1062	266	7
20200213	贵州	1	490530	4513	242	175
20200213	辽宁	1	25399	205	9	4
20200213	重庆	1	9180	26	2	0
20200213	陕西	2	80996	772	13	36
20200213	黑龙江	1	300	7	0	0
20200214	Kanagawa	4	26646	209	20	2
20200214	上海	6	3564752	26540	744	830
20200214	云南	1	11238	31	7	1
20200214	内蒙古	6	827791	9839	608	515
20200214	北京	9	1867784	15572	665	667
20200214	吉林	3	37845	134	1	8
20200214	宁夏	1	1060	38	2	0
20200214	安徽	1	29165	224	13	4
20200214	山东	5	99532	714	22	12
20200214	山西	1	155430	687	36	16
20200214	广东	12	2151677	12727	649	929
20200214	江苏	4	41723	333	22	2
20200214	江西	1	47622	184	1	30
20200214	河北	7	14010913	116629	3824	5095
20200214	河南	8	8241031	54872	5420	697
20200214	浙江	2	21134	128	7	3
20200214	湖北	2	38	2	0	0
20200214	湖南	6	63997	487	30	7
20200214	福建	6	576373	6528	483	202
20200214	贵州	1	141939	1365	68	53
20200214	辽宁	2	21	0	0	0
20200214	重庆	1	176	2	0	0
20200214	陕西	1	28	1	0	0
20200214	黑龙江	1	69	4	0	2
20200215	Kanagawa	3	680	12	4	0
20200215	上海	4	4199964	22285	1533	1216
20200215	云南	2	11	3	0	0
20200215	内蒙古	3	229163	886	29	147
20200215	北京	5	32306	241	16	22
20200215	吉林	1	0	0	0	0
20200215	四川	2	103627	951	50	73
20200215	安徽	7	3148392	31428	2027	715
20200215	山东	9	1627083	8837	980	983
20200215	山西	2	18206249	147553	16702	9673
20200215	广东	11	1444204	12966	545	402
20200215	广西	2	13	1	0	0
20200215	新疆	1	1	0	0	0
20200215	江苏	3	15	1	0	0
20200215	江西	1	40066	379	3	30
20200215	河北	10	122912112	1670988	100099	50043
20200215	河南	16	72095990	697598	32229	31840
20200215	浙江	5	965139	4463	388	300
20200215	海南	1	9	1	0	0
20200215	湖北	4	227918	1983	82	33
20200215	甘肃	1	19	2	1	0
20200215	福建	4	75120	219	3	10
20200215	贵州	1	6	1	0	0
20200215	辽宁	3	7853	128	3	2
20200215	重庆	2	37568	113	1	0
20200215	陕西	1	8	0	0	0
20200215	香港	1	5	1	0	0
20200216	Kanagawa	5	776681	22557	4240	78
20200216	Tokyo Prefecture	2	20712	188	13	8
20200216	上海	2	10	1	0	0
20200216	内蒙古	3	98812	359	21	15
20200216	北京	26	2011770	18610	856	712
20200216	吉林	1	391	10	0	0
20200216	四川	3	1528762	14826	2111	525
20200216	宁夏	2	10	0	0	0
20200216	安徽	4	724021	3559	316	190
20200216	山东	11	1437047	19380	3207	386
20200216	山西	4	750589	10099	896	476
20200216	广东	11	762631	5088	215	245
20200216	江苏	8	74093	1298	144	8
20200216	江西	1	5	1	0	0
20200216	河北	9	389712	3318	162	116
20200216	河南	13	955044	6217	245	260
20200216	浙江	4	39991	195	8	20
20200216	湖北	6	362491	3063	168	57
20200216	湖南	3	819443	7063	508	175
20200216	甘肃	1	54291	458	10	23
20200216	福建	8	6009987	50279	1893	479
20200216	贵州	1	86667	331	24	6
20200216	辽宁	4	151977	393	25	84
20200216	陕西	4	132763	1381	75	25
20200216	香港	2	238	1	0	0
20200216	黑龙江	3	2937	27	2	0
20200217	Auckland	1	1491	24	1	1
20200217	Kanagawa	4	1351279	7469	1025	142
20200217	Ōsaka-fu	2	4	0	0	0
20200217	上海	14	421300	2907	199	92
20200217	云南	2	505	4	1	0
20200217	内蒙古	5	185538	1019	94	58
20200217	北京	24	12475038	197702	13381	2970
20200217	吉林	5	272837	1990	113	47
20200217	四川	3	703	19	3	0
20200217	宁夏	1	3	1	0	0
20200217	安徽	14	3349252	23334	2563	934
20200217	山东	18	1134656	6545	786	780
20200217	山西	8	298259	1608	87	70
20200217	广东	24	2688133	20268	3302	1013
20200217	广西	1	364	2	0	0
20200217	新疆	2	15124	110	3	1
20200217	江苏	7	1070791	14613	574	269
20200217	江西	4	10245810	70773	6453	880
20200217	河北	12	9423597	123597	11568	2379
20200217	河南	13	393713	1786	152	257
20200217	浙江	10	12072	42	6	6
20200217	海南	2	255	3	0	0
20200217	湖北	23	564231	4794	223	266
20200217	湖南	6	888632	7822	911	587
20200217	甘肃	2	28849	130	1	4
20200217	福建	7	1088957	6871	862	173
20200217	纽约州	2	77827	2427	305	27
20200217	贵州	1	49773	404	21	6
20200217	辽宁	4	1583	42	4	5
20200217	重庆	3	864	12	0	0
20200217	陕西	5	89958	781	23	22
20200217	黑龙江	9	14797	89	2	7
20200218	Chiang Mai Province	1	674	23	1	0
20200218	Kanagawa	2	29295	290	71	0
20200218	Saitama-ken	1	28	4	0	0
20200218	Selangor	4	13	0	0	0
20200218	State of New South Wales	1	2021	16	0	1
20200218	Tokyo Prefecture	4	153639	1780	81	10
20200218	上海	8	1695896	26041	2178	282
20200218	云南	2	104	2	0	0
20200218	内蒙古	7	86476	390	26	8
20200218	北京	10	1141995	9949	635	162
20200218	吉林	2	1344	43	0	0
20200218	四川	3	199125	3077	249	38
20200218	基辅州	1	8	1	1	0
20200218	宁夏	1	3	1	0	0
20200218	安徽	9	195137	1429	57	14
20200218	山东	22	541615	4526	207	53
20200218	山西	11	10279593	321804	14753	1457
20200218	广东	28	974585	5636	288	200
20200218	广西	17	67	15	1	0
20200218	新疆	2	7	0	0	0
20200218	江苏	19	11654654	82364	9602	502
20200218	江西	5	212977	711	177	18
20200218	河北	12	510444	2332	214	120
20200218	河南	27	536009	2002	53	36
20200218	浙江	22	2742359	86938	4836	5080
20200218	海南	1	1200	16	2	0
20200218	湖北	25	15062540	112491	13875	5644
20200218	湖南	6	314726	2772	441	96
20200218	甘肃	6	1525	87	5	0
20200218	福建	13	7878311	89798	10754	772
20200218	纽约州	2	14	0	0	0
20200218	贵州	5	193304	1745	39	29
20200218	辽宁	13	30	0	0	0
20200218	陕西	14	142660	1069	83	31
20200218	黑龙江	10	6483	49	10	0
20200219		1	2	0	0	0
20200219	Aichi-ken	1	4	0	0	0
20200219	Dubai	1	0	0	0	0
20200219	Kanagawa	9	3386	46	13	1
20200219	Kyoto Prefecture	2	537	9	0	0
20200219	Saitama-ken	3	9	2	0	0
20200219	Tokyo Prefecture	26	97067	1194	379	21
20200219	Ōsaka-fu	1	4	0	0	0
20200219	上海	17	2756411	13296	1167	280
20200219	云南	1	28559	239	7	1
20200219	佛罗里达州	2	54	4	0	1
20200219	内蒙古	14	407769	2326	110	59
20200219	加利福尼亚州	1	654	8	0	1
20200219	北京	42	15114461	215890	7745	2855
20200219	北海道	3	206	6	4	2
20200219	吉林	8	8440	127	4	0
20200219	四川	13	3926155	85356	4150	1136
20200219	天津	1	6	0	0	0
20200219	安徽	10	16630	136	9	0
20200219	山东	36	639045	4928	211	84
20200219	山西	18	205017	1094	55	18
20200219	岐阜县	1	4	0	0	0
20200219	广东	35	16656482	685217	29882	2065
20200219	广西	5	39638	348	10	3
20200219	新疆	3	359365	4026	230	50
20200219	江苏	22	1184244	12114	602	192
20200219	江西	8	11811103	704242	28040	5666
20200219	河北	17	823707	6231	534	333
20200219	河南	21	768596	10160	582	112
20200219	浙江	6	148685	1908	55	6
20200219	海南	3	9	0	0	0
20200219	湖北	16	2465752	9871	553	205
20200219	湖南	24	633722	4171	140	58
20200219	滋贺县	1	2201	22	5	0
20200219	福建	17	591692	5426	849	119
20200219	贵州	7	752139	6355	178	63
20200219	辽宁	7	78641	790	69	15
20200219	重庆	1	1597	15	0	1
20200219	陕西	10	76213	768	50	8
20200219	香港	8	753365	16943	1139	1115
20200219	黑龙江	6	13444	92	4	4
20200220		1	7860	62	1	0
20200220	Chiba-ken	2	414	4	0	1
20200220	Kanagawa	8	107704	1699	589	21
20200220	Tokyo Prefecture	1	3	0	0	0
20200220	Ōsaka-fu	1	0	0	0	0
20200220	上海	12	995766	4633	146	68
20200220	云南	1	7	0	0	0
20200220	内蒙古	8	305097	1812	96	20
20200220	北京	31	31212555	1011971	54318	4002
20200220	吉林	6	18051	589	42	3
20200220	四川	13	5317845	159395	20279	11574
20200220	天津	3	14	2	0	0
20200220	安徽	17	14860612	300780	28326	20718
20200220	山东	36	5400960	226276	8832	639
20200220	山西	7	1364944	19339	1541	129
20200220	广东	36	1786363	17494	898	198
20200220	广西	9	4743	128	11	6
20200220	新疆	3	31739	415	11	3
20200220	江苏	28	7757027	541720	29858	3608
20200220	江西	12	8371812	192219	3900	387
20200220	河北	15	3751491	30512	5093	273
20200220	河南	34	972224	5048	203	69
20200220	浙江	15	211535	2131	94	41
20200220	湖北	9	1079303	8247	625	209
20200220	湖南	16	135737	845	106	14
20200220	甘肃	4	432	35	0	0
20200220	福建	20	936738	41725	2775	469
20200220	贵州	9	24200	448	19	4
20200220	辽宁	8	131488	1364	80	12
20200220	重庆	4	1421168	7729	247	41
20200220	陕西	11	113518	752	11	13
20200220	香港	3	5433	123	3	10
20200220	黑龙江	5	187241	917	30	9
20200221		2	2732	147	1	1
20200221	Chiba-ken	1	67	4	0	0
20200221	Kanagawa	8	39005	881	172	2
20200221	Rio de Janeiro	1	85923	2815	192	18
20200221	Tokyo Prefecture	1	301	14	11	0
20200221	上海	9	460132	4622	312	84
20200221	云南	2	89	11	0	0
20200221	京畿道	1	5	1	0	0
20200221	北京	11	46247615	677496	65156	12750
20200221	吉林	2	5	0	0	0
20200221	四川	3	7361	52	6	1
20200221	天津	3	8709	410	6	0
20200221	宁夏	1	577	2	2	0
20200221	安徽	9	3079283	20040	713	463
20200221	山东	17	770946	6134	589	287
20200221	山西	6	2035088	9918	409	397
20200221	广东	23	92960	570	22	14
20200221	广西	1	3	0	0	0
20200221	新疆	2	43117	579	19	6
20200221	江苏	7	1414	133	10	0
20200221	江西	3	1321981	27470	1430	101
20200221	河北	5	396	6	0	1
20200221	河南	7	20484	136	2	2
20200221	浙江	16	914643	8734	799	145
20200221	海南	1	92	4	0	1
20200221	湖北	3	96	7	3	2
20200221	湖南	3	3611	77	4	0
20200221	甘肃	3	1720	29	1	0
20200221	福岛县	1	37	1	0	0
20200221	福建	26	2326063	74444	2922	217
20200221	纽约州	1	45615	1332	442	26
20200221	贵州	2	67	3	0	0
20200221	辽宁	4	11667	1175	17	6
20200221	重庆	3	3364	40	7	2
20200221	长野县	1	189	0	0	0
20200221	陕西	7	687	13	0	0
20200221	香港	1	8	0	0	0
20200221	黑龙江	6	8690	205	19	0
20200222		1	0	0	0	0
20200222	Aichi-ken	1	0	0	0	0
20200222	Kanagawa	13	31886	259	18	4
20200222	Nagasaki Prefecture	1	141	7	8	0
20200222	State of Victoria	1	2062	84	14	0
20200222	上海	2	270263	3480	180	83
20200222	云南	2	40	6	0	0
20200222	内蒙古	3	56796	333	11	5
20200222	北京	4	177232	4115	348	21
20200222	吉林	3	7035	97	4	1
20200222	四川	5	1537	31	6	1
20200222	天津	1	6	1	0	0
20200222	安徽	6	1426273	6816	797	136
20200222	山东	15	930178	8291	625	102
20200222	山西	3	1145	25	1	0
20200222	广东	16	460753	3657	415	48
20200222	广西	2	73	7	1	0
20200222	新疆	1	338	16	0	0
20200222	江苏	11	83017	616	260	9
20200222	江西	5	2755553	27702	2167	144
20200222	河北	11	301296	1753	92	22
20200222	河南	12	2535717	12824	1102	244
20200222	浙江	13	177640	1245	63	17
20200222	湖北	12	89264	556	41	14
20200222	湖南	4	4672	184	11	2
20200222	甘肃	3	125	3	0	0
20200222	福建	21	1458608	37661	1208	746
20200222	贵州	1	4	0	0	0
20200222	辽宁	4	117	7	1	0
20200222	重庆	3	239	12	0	1
20200222	陕西	13	35484	118	5	0
20200222	黑龙江	3	2302	42	6	0
20200223		1	64694	281	7	3
20200223	Kanagawa	4	935	98	3	3
20200223	Kyoto Prefecture	1	3	0	0	0
20200223	上海	2	560	16	7	0
20200223	不列颠哥伦比亚	1	4	0	0	0
20200223	云南	5	49992	95	3	5
20200223	内蒙古	5	60257	297	21	7
20200223	北京	7	2855993	29465	1573	214
20200223	吉林	2	20	4	2	0
20200223	四川	2	6971	100	8	0
20200223	天津	1	4	0	0	0
20200223	安徽	9	127291	1458	81	14
20200223	山东	22	1397561	9891	475	68
20200223	山西	15	44308	354	6	5
20200223	广东	9	244025	1765	90	19
20200223	广西	6	11516	558	11	0
20200223	新疆	2	1148	12	0	0
20200223	江苏	17	4328620	35332	3634	518
20200223	江西	12	69522	1146	109	10
20200223	河北	17	67270	492	37	7
20200223	河南	18	173399	865	51	10
20200223	浙江	10	6506	54	3	3
20200223	海南	3	74	4	0	0
20200223	湖北	17	738898	3579	138	48
20200223	湖南	5	185448	1710	69	11
20200223	甘肃	1	56	2	1	0
20200223	福建	18	132909	978	81	30
20200223	贵州	2	436	5	0	0
20200223	辽宁	7	2122	76	4	1
20200223	重庆	5	2746	116	15	0
20200223	陕西	7	38939	269	12	4
20200223	黑龙江	1	2	0	0	0
20200224	Callao	1	119	8	0	0
20200224	Kanagawa	8	55200	1152	437	27
20200224	Tokyo Prefecture	1	138	5	2	0
20200224	上海	2	429206	2447	95	59
20200224	云南	1	1439	27	0	0
20200224	内蒙古	2	11915	95	2	0
20200224	北京	2	260608	2088	302	17
20200224	吉林	1	326	1	0	1
20200224	四川	1	30	4	0	0
20200224	天津	2	48	0	0	0
20200224	安徽	1	7	0	0	0
20200224	山东	17	4614431	185723	29237	1152
20200224	山西	2	417513	1770	75	57
20200224	广东	4	341794	1011	67	48
20200224	广西	1	1280	43	2	0
20200224	新疆	3	3318	24	6	0
20200224	江苏	2	31577	351	110	6
20200224	江西	2	70	2	0	0
20200224	河北	5	40025	387	25	5
20200224	河南	11	1393036	4365	218	134
20200224	浙江	6	6959	179	14	12
20200224	湖北	1	733	3	0	0
20200224	湖南	8	45179	380	7	12
20200224	福建	6	727062	17804	618	79
20200224	贵州	1	3	0	0	0
20200224	辽宁	5	120422	1444	209	15
20200224	黑龙江	1	6	0	0	0
20200225	Nagasaki Prefecture	1	154	7	6	0
20200225	上海	3	365	3	5	0
20200225	云南	1	39	6	0	0
20200225	内蒙古	1	35995	152	8	1
20200225	北京	4	328730	6605	173	60
20200225	吉林	1	0	0	0	0
20200225	四川	2	71215	553	30	3
20200225	安徽	5	145595	8000	300	34
20200225	山东	14	1728601	7537	331	43
20200225	山西	2	33495	289	26	6
20200225	广东	4	96026	741	40	15
20200225	广西	1	1547	61	3	0
20200225	江苏	1	71230	444	12	2
20200225	江西	1	182182	404	23	5
20200225	河北	3	704548	1551	36	49
20200225	河南	4	148812	721	134	16
20200225	浙江	2	11458	283	6	0
20200225	海南	1	5	0	0	1
20200225	湖北	4	17030	314	15	2
20200225	湖南	2	301049	11813	207	34
20200225	甘肃	3	3579	312	8	0
20200225	福建	3	23353	102	9	1
20200225	辽宁	1	141	6	0	0
20200225	重庆	2	9	2	0	0
20200225	陕西	1	6	2	0	0
20200225	香港	1	164	4	3	0
20200225	黑龙江	1	2	0	0	0
20200226		1	1034	26	4	0
20200226	Kanagawa	2	3925	127	7	1
20200226	Tokyo Prefecture	1	903	5	1	0
20200226	上海	3	67278	560	33	5
20200226	云南	2	12	0	0	0
20200226	北京	1	195785	1842	52	12
20200226	吉林	2	646	21	7	0
20200226	天津	1	8	1	0	0
20200226	山东	8	2292887	10669	2004	179
20200226	山西	2	107919	3226	113	53
20200226	广东	8	226362	1568	46	30
20200226	广西	3	7	2	0	0
20200226	新泽西州	1	9384	132	19	10
20200226	江苏	2	710	9	2	0
20200226	江西	3	763	150	0	1
20200226	河北	5	2102681	14200	2408	189
20200226	河南	3	17871	124	2	0
20200226	浙江	6	9095	43	3	7
20200226	湖北	3	2570	110	46	0
20200226	湖南	1	299	8	0	0
20200226	甘肃	1	339	8	0	0
20200226	福建	1	59	1	0	0
20200226	纽约州	1	7	0	0	0
20200226	陕西	1	20	0	0	0
20200226	香港	1	11	0	0	0
20200226	黑龙江	2	8138	81	1	1
20200227	Kanagawa	3	19010	211	61	8
20200227	Saitama-ken	1	17332	161	44	0
20200227	Siem Reab	1	591	26	5	0
20200227	Tokyo Prefecture	3	1505	4	2	0
20200227	上海	4	80243	2056	129	66
20200227	内蒙古	1	851865	7945	959	75
20200227	北京	5	261236	3593	169	93
20200227	吉林	1	2598	8	2	0
20200227	四川	2	554	9	0	0
20200227	天津	1	674	10	2	0
20200227	宁夏	3	480	11	0	0
20200227	安徽	1	1122	12	2	0
20200227	山东	6	162179	1369	56	9
20200227	山西	1	1539792	27442	4588	82
20200227	广东	9	1019602	4429	108	27
20200227	广西	2	12	1	1	0
20200227	江苏	2	211516	2777	257	37
20200227	河北	4	135	2	0	0
20200227	河南	4	356741	1045	28	10
20200227	浙江	2	347574	8762	331	82
20200227	湖北	3	92929	803	19	7
20200227	湖南	4	249100	1534	50	14
20200227	甘肃	1	16	1	0	0
20200227	福建	1	33477	35	3	3
20200227	纽约州	1	1250	7	0	0
20200227	重庆	4	20289	121	0	2
20200227	陕西	4	18559	132	7	16
20200227	黑龙江	7	1391	149	34	1
20200228		1	25120	385	14	13
20200228	Chiba-ken	1	73	0	0	0
20200228	Saitama-ken	1	16358	141	42	3
20200228	Tokyo Prefecture	1	4	0	0	0
20200228	上海	3	7032	192	9	0
20200228	北京	1	10	0	0	0
20200228	吉林	1	211	18	1	0
20200228	四川	1	634	0	0	0
20200228	天津	1	5	1	0	0
20200228	安徽	1	144	1	1	0
20200228	山东	9	1561007	18940	1611	515
20200228	山西	1	20	0	0	0
20200228	广东	6	1317	41	5	0
20200228	新疆	1	5	0	1	0
20200228	江苏	2	939	14	3	0
20200228	河北	4	212115	1316	36	8
20200228	河南	3	370435	4044	176	108
20200228	浙江	1	3	1	0	0
20200228	海南	1	24	1	0	0
20200228	湖南	1	5184	126	0	1
20200228	福建	3	15123	104	3	0
20200228	贵州	1	512	1	0	0
20200228	重庆	4	1758	35	4	0
20200228	陕西	3	83	7	1	0
20200228	黑龙江	8	475	33	2	10
20200229		1	2	0	0	0
20200229	Miyagi-ken	1	4108	567	141	1
20200229	Phuket Province	1	2	0	0	0
20200229	北京	4	59121	556	17	5
20200229	吉林	2	1955	63	12	0
20200229	四川	2	16395	176	4	3
20200229	安徽	1	456	7	2	0
20200229	山东	4	1119	11	1	1
20200229	山西	1	691	12	0	0
20200229	广东	5	2566	48	7	1
20200229	广西	2	677	12	8	1
20200229	江苏	2	375	20	0	0
20200229	江西	1	113	1	0	0
20200229	河北	2	2047868	5862	103	110
20200229	河南	1	580	8	0	0
20200229	浙江	2	3264	23	4	0
20200229	湖北	2	298	7	0	0
20200229	湖南	1	29	3	0	0
20200229	贵州	1	741	179	39	0
20200229	辽宁	1	98	10	1	0
20200229	陕西	1	21991	101	0	0
20200229	黑龙江	7	15141	121	2	3
20200301	Central Singapore Community Development Council	1	181	2	0	0
20200301	内蒙古	2	118340	285	9	2
20200301	加利福尼亚州	1	4	0	0	0
20200301	北京	3	53053	532	7	4
20200301	四川	2	347052	2336	79	33
20200301	天津	2	69	2	0	0
20200301	安徽	1	5472	21	2	0
20200301	山东	9	86162	728	20	14
20200301	山西	5	91566	443	11	5
20200301	广东	2	42345	456	7	3
20200301	江苏	4	167700	1608	41	18
20200301	江西	1	959	82	2	0
20200301	河北	1	28703	246	8	1
20200301	河南	3	76843	2953	89	36
20200301	浙江	2	21	4	0	0
20200301	湖北	1	659	5	0	0
20200301	湖南	2	9825	90	0	0
20200301	甘肃	1	105729	528	15	10
20200301	福建	5	1107767	6438	604	95
20200301	陕西	3	138	9	0	1
20200302	上海	1	3311	133	14	0
20200302	加利福尼亚州	1	7	0	0	0
20200302	北京	1	1138	44	1	0
20200302	吉林	1	505	10	2	0
20200302	天津	1	191	2	0	0
20200302	宁夏	3	6638	811	20	9
20200302	安徽	1	80	11	1	0
20200302	山东	4	131958	6757	163	6
20200302	山西	2	545	45	1	0
20200302	广东	1	11681	109	7	0
20200302	广西	1	40	2	0	0
20200302	河北	2	2245	30	13	0
20200302	湖北	2	80	6	2	1
20200302	甘肃	1	102	10	1	1
20200302	贵州	1	78	3	0	0
20200302	重庆	1	73	2	0	1
20200302	陕西	2	21854	121	0	0
20200303		1	2	0	0	0
20200303	内蒙古	3	16979	83	12	6
20200303	北京	2	25820	416	13	1
20200303	吉林	1	192	7	1	0
20200303	四川	3	8015	111	7	1
20200303	安徽	2	77	3	0	0
20200303	山东	7	56256	423	9	6
20200303	山西	1	675	43	0	0
20200303	广东	5	18058	520	6	8
20200303	江苏	1	220	29	2	0
20200303	江西	2	45	1	1	0
20200303	河北	1	14	1	0	0
20200303	河南	2	44922	290	11	2
20200303	湖南	1	39	2	0	0
20200303	福建	2	15352	95	4	1
20200303	贵州	1	1	0	0	0
20200304		1	75	1	0	1
20200304	Kanagawa	2	64	2	0	0
20200304	北京	2	56951	2293	37	8
20200304	四川	2	736	9	0	0
20200304	宁夏	1	913	19	1	0
20200304	山西	2	54	0	0	0
20200304	广东	2	221802	1023	61	11
20200304	广西	3	256	11	7	2
20200304	江西	2	10	0	0	0
20200304	河南	2	103	12	0	0
20200304	浙江	2	36463	249	98	5
20200304	湖北	4	55421	1480	42	21
20200304	湖南	3	9	1	0	0
20200304	福建	3	56074	218	4	2
20200304	英格兰	1	77	4	0	0
20200304	辽宁	1	44169	311	8	0
20200304	重庆	1	4	0	0	0
20200304	黑龙江	1	66	5	0	0
20200305	Khouèng Bokèo	2	78	1	0	0
20200305	上海	2	7	0	0	0
20200305	内蒙古	1	33	4	0	0
20200305	北京	4	168177	898	35	8
20200305	四川	1	215	1	0	0
20200305	安徽	2	28520	644	4	1
20200305	山东	7	33761	549	59	9
20200305	广东	2	32	4	0	1
20200305	江苏	3	176778	2309	130	36
20200305	江西	2	59620	497	18	8
20200305	河北	1	716986	14472	399	38
20200305	河南	3	3429	114	3	0
20200305	浙江	2	7772152	462718	8820	357
20200305	湖北	1	13379	132	6	1
20200305	湖南	1	215	21	0	0
20200305	福建	1	21571	191	9	2
20200305	辽宁	2	22573	288	24	7
20200305	重庆	1	0	0	0	0
20200305	黑龙江	1	0	0	0	0
20200306		1	937782	3019	207	33
20200306	Saitama-ken	2	75875	470	118	0
20200306	上海	2	3764	17	9	1
20200306	加利福尼亚州	1	165	2	1	0
20200306	北京	3	995914	10641	441	179
20200306	山东	4	493	67	17	2
20200306	山西	1	667	67	0	0
20200306	广东	5	11681	667	60	0
20200306	江苏	1	3270	52	4	2
20200306	河北	2	32558	109	27	5
20200306	河南	2	6619	66	2	0
20200306	福建	1	142	0	0	0
20200306	纽约州	2	55330	3689	522	28
20200306	陕西	4	10845	262	22	2
20200306	黑龙江	3	533	1	0	0
20200307	Kanagawa	1	1219	23	4	0
20200307	云南	3	6	0	0	0
20200307	加利福尼亚州	1	47490	541	78	41
20200307	北京	3	1408107	23119	1380	190
20200307	吉林	1	13	2	0	0
20200307	四川	2	25508	491	11	0
20200307	安徽	2	36987	335	13	1
20200307	山东	2	77116	514	20	2
20200307	山西	1	6	0	0	0
20200307	广东	2	4	0	0	0
20200307	江苏	2	171459	1782	324	31
20200307	江西	1	4	0	0	0
20200307	河南	3	21405	193	8	0
20200307	浙江	1	32	1	0	0
20200307	湖北	1	3	1	1	0
20200307	福建	2	57143	708	58	9
20200307	陕西	1	274	4	0	0
20200307	黑龙江	1	39	3	1	0
20200308		1	1	0	0	0
20200308	Kanagawa	1	151	11	0	0
20200308	Saitama-ken	1	6773	88	32	0
20200308	上海	1	11	1	0	0
20200308	云南	2	1631	43	7	0
20200308	北京	1	417	8	1	0
20200308	吉林	1	56445	274	2	2
20200308	安徽	2	165	18	0	0
20200308	山西	1	478	27	0	0
20200308	广东	1	26077	187	2	5
20200308	新泽西州	1	46547	1194	81	20
20200308	江苏	1	20	1	0	0
20200308	江西	2	51199	397	18	3
20200308	浙江	3	437712	1167	33	10
20200308	湖北	1	421152	3282	169	25
20200308	甘肃	1	1181	86	1	0
20200309	Kanagawa	1	667	9	6	0
20200309	云南	1	9	0	0	0
20200309	内蒙古	1	0	0	0	0
20200309	天津	1	475	30	13	0
20200309	山西	1	2272492	16524	1541	83
20200309	广东	1	58194	1358	2049	5
20200309	江苏	1	57	5	0	0
20200309	河北	2	10509	203	16	2
20200309	河南	1	14265	106	4	4
20200309	浙江	1	9	1	0	0
20200309	湖北	2	350097	5088	204	31
20200309	湖南	1	7	2	2	0
20200309	福建	1	70531	947	156	5
20200309	重庆	1	6038	183	2	1
20200309	黑龙江	2	804	36	5	0
20200310	Saitama-ken	2	14007	319	51	3
20200310	加利福尼亚州	2	2	0	0	0
20200310	山东	1	2	0	0	0
20200310	江苏	1	997	87	3	0
20200310	河南	1	38276	472	21	3
20200310	湖南	1	9	0	0	0
20200310	辽宁	3	10395	114	5	2
20200310	黑龙江	1	10	0	0	0
20200311	Kanagawa	2	268	0	0	0
20200311	上海	1	560	127	2	2
20200311	北京	1	85292	486	71	5
20200311	山东	2	5796	34	17	1
20200311	广东	3	1275	68	0	0
20200311	江苏	1	5	0	0	0
20200311	河北	1	0	0	0	0
20200311	浙江	1	220	20	17	0
20200311	湖北	1	698	6	0	0
20200311	陕西	1	137	1	0	0
20200312	山西	1	521370	9813	2619	303
20200312	广东	5	200	2	0	0
20200312	江苏	1	84298	1488	62	36
20200312	河北	1	285739	2379	73	55
20200312	河南	1	29	6	1	0
20200312	浙江	1	4	0	0	0
20200312	甘肃	1	7	2	0	0
20200313	内蒙古	1	7	0	0	0
20200313	四川	1	434	9	0	0
20200313	山东	1	11	2	0	0
20200313	广东	2	122	1	0	0
20200313	江苏	1	0	0	0	0
20200313	河北	1	732566	3244	71	58
20200313	湖北	1	3	1	0	0
20200313	湖南	1	1	0	0	0
20200313	重庆	1	4369	246	10	0
20200313	陕西	1	691	36	1	0
