20200124	河南	1	1	0	0	0
20200128	河北	1	11	0	0	0
20200130	北京	1	10199	24	21	2
20200130	安徽	1	9	1	0	0
20200130	广东	1	5	0	1	0
20200130	河北	1	571	29	3	1
20200130	黑龙江	1	1258	18	4	0
20200131	Lagos State	1	26149	154	21	3
20200131	Tỉnh Lào Cai	1	2	0	0	0
20200131	上海	8	13129	77	5	5
20200131	不列颠哥伦比亚	1	2	1	1	0
20200131	云南	3	14	1	0	0
20200131	内蒙古	6	3708	19	1	0
20200131	加利福尼亚州	5	31	2	2	2
20200131	北京	8	3392	33	11	5
20200131	卢瓦尔河地区	2	15	1	1	5
20200131	吉林	6	11428	96	20	3
20200131	四川	16	14247118	172898	7084	5296
20200131	天津	5	1111	12	1	0
20200131	宁夏	1	684	39	10	1
20200131	安徽	16	18174	151	40	5
20200131	山东	21	8216	98	32	10
20200131	山西	5	42991	232	19	3
20200131	巴伐利亚	1	11	0	0	0
20200131	广东	24	37347	804	30	41
20200131	广西	3	62817	2474	218	67
20200131	新疆	4	14	0	0	0
20200131	江苏	21	47844	375	169	138
20200131	江西	14	2542	35	21	0
20200131	河北	13	3013	28	27	7
20200131	河南	11	3517	17	1	2
20200131	浙江	18	11701	154	90	2
20200131	海南	1	4	1	0	0
20200131	湖北	10	9018	88	37	1
20200131	湖南	9	7140	38	7	2
20200131	甘肃	3	79	1	0	0
20200131	福建	15	13627	91	25	3
20200131	苏格兰	1	1	0	0	0
20200131	英格兰	2	2697	22	3	0
20200131	贵州	5	33	4	1	0
20200131	辽宁	5	33289	65	34	5
20200131	重庆	2	37	3	0	0
20200131	陕西	11	8037	27	25	5
20200131	首尔特别市	1	6	0	0	0
20200131	黑龙江	3	18	0	1	0
20200201	Luanda Province	1	0	0	0	0
20200201	Makkah Province	1	56	1	0	0
20200201	上海	1	11	1	0	0
20200201	云南	1	10	0	0	0
20200201	北京	7	2614963	119797	3050	399
20200201	山东	2	13	0	0	0
20200201	江苏	1	584	10	0	0
20200201	河南	4	1360786	56680	1942	1093
20200201	浙江	1	1959	30	1	0
20200201	贵州	1	2	0	0	0
20200201	陕西	1	2459	6	0	0
20200202	上海	4	12	0	0	0
20200202	安徽	1	6	0	0	0
20200202	山东	1	4	0	0	0
20200202	广东	1	4	0	0	0
20200202	广西	1	88	2	0	0
20200202	江苏	2	19	1	1	0
20200202	湖南	1	557	12	2	0
20200202	福建	1	6	0	0	0
20200202	贵州	1	58	2	0	1
20200202	重庆	1	8	0	0	0
20200203	上海	1	18	1	0	1
20200203	云南	1	14	1	0	0
20200203	广东	2	29274	2107	51	139
20200203	广西	1	909	3	0	0
20200203	辽宁	1	8	0	0	0
20200204	湖南	1	3	1	0	0
20200204	陕西	1	7	1	0	0
20200205	天津	1	3387	35	13	0
20200205	浙江	1	0	0	0	0
20200206	山西	1	1052	42	3	2
20200206	福建	1	23	0	0	0
20200207	山东	1	2	1	0	0
20200207	湖南	2	7	0	0	0
20200208	上海	1	175	3	0	0
20200208	广东	1	5	1	1	0
20200208	福建	1	440	4	0	0
20200213	山东	1	247	5	0	0
20200214	河北	1	13	1	0	0
20200220	广东	1	6	0	0	0
20200226	广东	1	241	5	1	0
20200304	弗吉尼亚州	1	139	7	3	2
