20200125	江西	1	3	0	0	0
20200128	浙江	1	1	0	0	0
20200130	广东	1	3	1	0	0
20200130	河南	1	6	2	0	0
20200131	辽宁	1	636	7	2	0
20200131	重庆	1	10	0	0	0
20200201	贵州	1	660	73	16	0
20200202	安徽	1	115	18	2	0
20200202	山东	1	1037	110	48	0
20200202	河南	2	8666	141	13	0
20200206	四川	1	262	14	5	0
20200206	广东	1	2	0	0	0
20200206	纽约州	1	7	1	0	0
20200208	河南	1	4	1	0	0
20200208	辽宁	1	695	9	0	0
20200209	安徽	1	57	2	0	0
20200210	福建	1	135	8	0	0
20200211	山西	1	23	1	0	1
20200211	广东	1	61	1	0	0
20200211	新疆	1	7	1	0	0
20200213	广东	1	79	2	0	0
20200213	江苏	2	5	0	0	1
20200214	上海	1	0	0	0	0
20200214	广西	1	23	1	1	0
20200214	河南	2	10	1	0	0
20200215	安徽	2	8	0	0	0
20200215	广西	1	75	1	0	0
20200216	河北	1	473	0	0	0
20200216	重庆	1	299	23	1	0
20200217	广东	1	18	1	0	0
20200219	广西	1	2	0	0	0
20200219	江苏	2	66	7	0	1
20200220	广东	1	1	0	0	0
20200221	山东	1	817	9	2	0
20200221	山西	2	12	1	0	0
20200221	浙江	1	3	1	0	0
20200221	湖南	1	43	9	2	0
20200223	四川	1	9	1	0	0
20200223	广东	1	3	0	0	0
20200223	贵州	1	1	0	0	0
20200224	山西	1	135785	8610	1237	72
20200224	广东	1	9	2	0	1
20200224	福建	1	1635	10	2	0
20200225	万丹省	1	352	31	10	0
20200225	云南	1	1394	22	3	0
20200225	北京	1	479	1	0	0
20200225	江苏	1	0	0	0	0
20200226	四川	1	565	0	0	0
20200226	河北	1	17	0	0	0
20200226	河南	1	3	1	0	0
20200227	上海	2	194	13	2	0
20200227	北京	1	296	6	5	5
20200227	四川	1	3	1	0	0
20200227	广东	1	81	16	0	1
20200227	江苏	1	9	0	0	0
20200227	福建	1	205	1	0	2
20200227	陕西	2	8	1	0	0
20200228	上海	1	274	11	0	0
20200228	四川	1	4963	35	1	0
20200228	安徽	2	767	11	0	0
20200228	山东	2	3595	18	3	2
20200228	广东	3	11774	827	85	12
20200228	湖北	1	4	2	0	0
20200229	上海	1	225	11	0	0
20200229	不列颠哥伦比亚	1	9	0	0	0
20200229	云南	2	316	14	0	0
20200229	内蒙古	1	529	25	7	0
20200229	北京	1	260	4	1	0
20200229	吉林	1	3	0	0	0
20200229	安徽	2	2329	55	5	0
20200229	宾夕法尼亚州	1	1312	98	22	3
20200229	广东	6	1169	22	16	0
20200229	江苏	2	117	13	0	0
20200229	河北	2	168	9	2	0
20200229	河南	3	16	0	0	0
20200229	湖北	1	2	0	0	0
20200229	湖南	2	8	0	0	0
20200229	陕西	1	217	3	0	0
20200301	Auckland	1	47	4	0	0
20200301	云南	2	2283	51	7	2
20200301	内蒙古	1	2	0	0	1
20200301	四川	1	739	9	2	2
20200301	天津	1	538	35	4	1
20200301	山东	2	4	0	0	0
20200301	山西	2	504	83	13	0
20200301	广东	2	9	0	0	0
20200301	江苏	1	799	14	0	5
20200301	江西	1	163758	2250	246	36
20200301	河北	2	7	2	0	0
20200301	福建	1	13	0	0	0
20200301	艾伯塔	1	32352	264	14	35
20200302	Gyeongsangnam-do	1	224	1	0	0
20200302	上海	1	5	1	0	0
20200302	北京	3	2323963	84780	13380	3421
20200302	山东	2	8924	45	9	1
20200302	广东	2	487	22	0	1
20200302	江苏	1	944	15	2	1
20200302	江西	1	0	0	0	0
20200302	河南	3	45	4	0	0
20200302	浙江	1	7	0	0	0
20200302	湖南	1	2	0	0	0
20200302	甘肃	1	990	16	0	0
20200302	艾伯塔	1	29318	254	48	12
20200302	辽宁	1	70	0	0	0
20200303	上海	1	4	0	0	0
20200303	北京	1	3874929	81468	3054	847
20200303	广西	1	11	2	0	0
20200303	江西	1	16755	76	7	2
20200303	河北	1	26	1	0	0
20200303	河南	1	518	4	0	0
20200303	浙江	1	91	2	0	0
20200303	湖北	1	73	6	1	0
20200303	福建	3	1092	35	4	2
20200304	上海	1	75957	2988	381	115
20200304	云南	2	6367	93	6	1
20200304	北京	1	142	4	0	0
20200304	安徽	1	16898	103	5	10
20200304	山东	2	6171	156	4	2
20200304	广东	1	5	0	0	0
20200304	江苏	2	1017	26	0	0
20200304	河南	1	0	0	0	0
20200304	湖北	1	4	3	0	0
20200304	辽宁	1	459	2	3	0
20200304	重庆	1	6	1	0	0
20200304	陕西	1	27658	3100	36	32
20200305	上海	1	3	0	0	1
20200305	北京	2	23	1	0	0
20200305	四川	2	170	10	0	0
20200305	广东	3	159298	1140	119	364
20200305	江苏	3	98	5	1	0
20200305	江西	2	2	0	0	0
20200305	河北	2	13	0	0	0
20200305	河南	1	26	2	0	0
20200305	湖北	2	9046	58	1	0
20200305	湖南	1	228	9	1	0
20200305	贵州	1	33	0	0	0
20200305	重庆	1	36	0	0	3
20200305	陕西	2	25625	607	54	6
20200306	Gyeongsangnam-do	1	64	1	0	0
20200306	北京	1	2	0	0	0
20200306	山东	2	4	0	0	0
20200306	山西	1	8	0	0	0
20200306	广东	3	14129	226	20	2
20200306	广西	2	2	0	0	0
20200306	江苏	4	25	0	0	1
20200306	河北	2	333	3	0	0
20200306	湖北	1	349	29	17	1
20200306	艾伯塔	1	10811	97	27	29
20200306	贵州	1	49	6	0	0
20200306	重庆	1	299	9	0	0
20200307	上海	1	664	15	2	0
20200307	北京	3	50	2	0	0
20200307	吉林	1	0	0	0	0
20200307	安徽	1	1258	155	38	0
20200307	广东	4	26178	1171	128	5
20200307	江苏	1	353	22	6	0
20200307	江西	1	965	15	1	0
20200307	湖北	1	2	1	0	0
20200307	艾伯塔	1	388	17	3	2
20200307	辽宁	1	2044	57	2	0
20200307	重庆	1	6	1	0	0
20200308	上海	3	24745	70	22	2
20200308	天津	1	547	81	1	0
20200308	安徽	1	2	0	0	0
20200308	山东	4	101141	1390	50	10
20200308	广东	1	587	136	2	0
20200308	江苏	1	2634	24	8	0
20200308	河北	3	62	1	0	0
20200308	河南	1	774	59	3	0
20200309	Île-de-France	1	96	1	0	0
20200309	上海	1	13	1	1	1
20200309	北京	2	412	10	2	5
20200309	四川	1	10471	48	14	2
20200309	宁夏	1	184	19	2	0
20200309	安徽	1	11	1	0	0
20200309	山东	2	65	2	0	0
20200309	广东	2	39	3	0	1
20200309	广西	1	3	1	0	0
20200309	江苏	2	542	15	0	1
20200309	河北	2	2314	89	18	0
20200309	浙江	1	313	0	0	0
20200309	湖北	1	4	0	0	0
20200309	甘肃	1	56	8	1	0
20200309	福建	1	36046	284	33	2
20200309	贵州	1	27	1	0	0
20200309	陕西	1	4	1	0	0
20200309	黑龙江	1	2	0	0	0
20200310	上海	1	305	5	0	0
20200310	北京	3	4854331	343847	17125	6431
20200310	吉林	1	15	2	1	0
20200310	安徽	2	95897	1946	126	69
20200310	山东	2	190689	6986	441	154
20200310	广东	4	1486	33	13	1
20200310	江苏	3	69553	1785	98	16
20200310	江西	1	223	3	0	0
20200310	河北	4	1995	61	3	1
20200310	海南	3	12753	436	56	5
20200310	湖北	5	59012	1619	139	19
20200310	湖南	2	93501	248	7	23
20200310	甘肃	1	2	0	0	0
20200310	福建	1	104	5	0	0
20200310	贵州	1	2404	59	16	0
20200310	重庆	1	22	1	0	0
20200310	陕西	1	1077	15	1	0
20200311	Attica	1	10669	90	18	0
20200311	Île-de-France	1	1253	10	5	0
20200311	上海	1	6111	311	18	0
20200311	北京	2	173	4	2	0
20200311	四川	2	25099	153	13	7
20200311	天津	1	2	0	0	0
20200311	安徽	5	332	7	2	13
20200311	山东	2	25275	151	10	1
20200311	山西	2	20952	68	7	4
20200311	广东	4	37285	285	15	5
20200311	广西	1	353	5	2	0
20200311	江苏	3	54157	1785	137	21
20200311	河北	2	565	10	0	1
20200311	河南	2	33	2	0	0
20200311	浙江	2	156	6	3	0
20200311	湖北	1	1	0	0	0
20200311	福建	1	2	0	0	0
20200311	辽宁	1	41	4	0	0
20200312	Attica	1	9258	153	42	2
20200312	上海	1	1	0	0	0
20200312	北京	6	67079	1567	129	33
20200312	吉林	2	6	3	0	0
20200312	四川	1	19	4	0	0
20200312	安徽	3	367387	7068	378	46
20200312	山东	4	1423	74	4	2
20200312	山西	2	68341	1068	157	13
20200312	广东	7	114	3	0	0
20200312	江苏	6	331769	2344	83	7
20200312	江西	1	150	17	2	0
20200312	河北	2	53373	608	159	32
20200312	河南	4	919324	21180	2658	515
20200312	浙江	2	34965	182	8	5
20200312	海南	2	47	2	0	0
20200312	湖北	8	18361	938	50	7
20200312	湖南	3	665	6	2	0
20200312	福建	1	60	5	6	0
20200312	西约塔兰省	3	389	12	0	0
20200312	辽宁	1	950	159	15	2
20200312	黑龙江	1	422	9	1	0
20200313	Bururi Province	1	127	8	0	0
20200313	上海	4	41055	1608	86	5
20200313	不列颠哥伦比亚	1	4	0	0	0
20200313	北京	3	169	3	2	0
20200313	安大略	1	2784	30	18	2
20200313	安徽	2	180	9	0	0
20200313	山东	8	15309	118	19	2
20200313	广东	14	67937	590	36	5
20200313	江苏	6	16118	264	14	0
20200313	江西	2	19	1	0	0
20200313	河北	5	4413	156	3	1
20200313	河南	6	33875	936	51	25
20200313	浙江	2	27617	191	14	5
20200313	湖北	6	49557	626	49	4
20200313	湖南	1	161287	481	59	7
20200313	福建	2	8	0	0	0
20200313	西约塔兰省	5	7142	89	61	0
20200313	贵州	2	639	5	5	0
20200313	辽宁	2	1756	53	3	0
20200313	陕西	3	70690	1534	135	53
20200314	National Capital Region	1	389	8	3	0
20200314	Trentino-Alto Adige	1	5	0	0	0
20200314	上海	4	37548	863	140	66
20200314	北京	6	445753	19556	1080	42
20200314	吉林	3	0	0	0	0
20200314	四川	1	50	2	0	0
20200314	安徽	10	288	9	0	0
20200314	山东	7	128711	1165	190	47
20200314	山西	6	97211	985	220	10
20200314	广东	7	867330	19473	1510	114
20200314	新疆	1	5	1	0	0
20200314	江苏	2	2502	32	0	5
20200314	河北	3	2701	101	3	2
20200314	河南	4	30	0	0	0
20200314	浙江	4	12458	730	35	0
20200314	湖北	7	26546	607	11	17
20200314	湖南	3	68767	1244	298	7
20200314	福建	2	1022939	17917	2328	417
20200314	西约塔兰省	5	22	1	0	0
20200314	贵州	1	8	0	0	0
20200314	重庆	4	629	7	2	0
20200314	陕西	7	1452949	4997	348	188
20200314	黑龙江	3	1296000	4609	750	255
20200315	Colorado	1	1606	30	22	1
20200315	Comunitat Valenciana	1	8	1	0	0
20200315	Québec	2	11179	69	15	5
20200315	上海	6	25271	449	69	64
20200315	云南	2	6	0	0	0
20200315	俄勒冈州	1	1115	13	2	0
20200315	北京	5	545382	2356	230	287
20200315	吉林	1	1	0	0	0
20200315	四川	4	8472	216	12	42
20200315	天津	1	438	3	2	0
20200315	宁夏	3	407	12	1	0
20200315	安徽	5	8077	174	18	0
20200315	山东	16	2708190	56567	3414	422
20200315	山西	1	4	0	0	0
20200315	广东	12	30987	223	39	3
20200315	广西	2	4200	56	5	0
20200315	新疆	1	1070090	12989	663	174
20200315	江苏	15	5966	416	40	3
20200315	江西	2	11803	289	11	3
20200315	河北	7	1702	186	18	4
20200315	河南	4	714	38	4	0
20200315	浙江	9	31631	370	23	5
20200315	海南	2	23	1	0	0
20200315	湖北	4	88	3	2	0
20200315	湖南	6	114137	1621	32	1
20200315	甘肃	3	680	106	3	0
20200315	福建	8	2999485	147999	26986	7059
20200315	艾伯塔	1	18607	93	9	4
20200315	辽宁	2	622732	8185	1060	136
20200315	重庆	2	233	23	4	0
20200315	香港	1	66	8	1	0
20200315	黑龙江	4	2519	275	105	0
20200316	Comunitat Autònoma de les Illes Balears	1	57	0	0	0
20200316	Lombardia	1	75	2	1	0
20200316	Québec	1	168	3	3	0
20200316	State of New South Wales	1	1171	21	12	0
20200316	上海	7	2754	140	7	4
20200316	内蒙古	1	6	0	0	0
20200316	北京	10	3917569	74424	7458	468
20200316	吉林	1	3	0	0	0
20200316	四川	3	1599	10	0	0
20200316	天津	5	4490	86	32	0
20200316	威尼托	1	13	2	1	0
20200316	安徽	2	676	106	2	0
20200316	山东	12	15567	318	40	10
20200316	山西	2	296	10	2	0
20200316	广东	10	51352	581	59	5
20200316	广西	3	727	10	0	1
20200316	新疆	2	314	13	2	0
20200316	江苏	8	14746	92	19	3
20200316	河北	4	42135	1062	50	3
20200316	河南	12	155357	2506	232	34
20200316	浙江	1	7	0	0	0
20200316	海南	1	26	1	0	0
20200316	湖北	7	8324	277	20	1
20200316	湖南	11	4724	211	12	1
20200316	甘肃	3	5523	103	2	0
20200316	福建	6	826	61	7	2
20200316	西约塔兰省	1	2526	657	4	0
20200316	辽宁	3	30	2	0	0
20200316	陕西	3	730	12	7	1
