20200101	河南	1	6208	112	5	1
20200101	黑龙江	1	0	0	0	0
20200102	江苏	1	317	43	1	0
20200102	陕西	1	249	8	0	0
20200104	江苏	1	383	11	0	0
20200106	北京	2	4031929	29049	929	1680
20200106	山东	1	12161	45	1	19
20200106	河南	1	207	2	7	0
20200107	广东	1	197	3	1	0
20200109	江苏	1	338	5	0	3
20200109	湖北	1	1197876	22374	1044	175
20200109	陕西	1	18	1	0	0
20200110	山东	1	15	1	0	0
20200111	河南	1	608	17	0	0
20200114	湖北	1	380	6	0	0
20200115	山西	1	145	2	1	0
20200118	广东	1	117	2	2	0
20200120	上海	1	10	1	0	0
20200120	北京	3	11703937	471489	10129	4641
20200120	四川	1	50	0	0	0
20200120	山东	1	18	1	0	1
20200120	山西	2	1752	17	0	0
20200120	广东	3	112	16	0	0
20200120	河北	5	357	16	1	0
20200120	河南	2	2932	27	0	1
20200120	黑龙江	2	20	2	0	0
20200121	上海	1	5	1	0	0
20200121	云南	1	275	5	0	0
20200121	北京	5	10266560	184409	3917	3335
20200121	四川	2	2741836	41690	842	782
20200121	天津	1	4	2	0	0
20200121	安徽	5	552760	15986	411	199
20200121	山东	3	14824284	468188	7868	1803
20200121	山西	1	32	0	0	0
20200121	广东	3	18	1	1	0
20200121	新疆	2	9	0	0	0
20200121	江苏	1	2	1	0	0
20200121	河北	1	98	12	0	1
20200121	河南	9	45830	880	18	16
20200121	浙江	1	23	2	0	1
20200121	湖北	3	3677306	74151	2935	1394
20200121	甘肃	2	36	1	0	0
20200121	福建	3	44	0	0	0
20200121	西藏	1	5	0	0	0
20200121	贵州	1	8	0	0	0
20200121	重庆	2	4	2	0	0
20200121	陕西	2	64	13	0	0
20200122	上海	1	3	0	0	0
20200122	北京	2	8162238	122282	4806	5390
20200122	山东	2	5724	44	1	3
20200122	山西	1	511	10	0	0
20200122	广东	1	773	8	2	2
20200122	新疆	1	3560	80	1	0
20200122	河北	3	1060	1	0	1
20200122	河南	2	38	1	0	0
20200122	浙江	1	4	1	0	0
20200122	湖北	2	1121827	18644	413	80
20200122	湖南	1	16	1	0	0
20200122	翁布里亚	1	10	1	2	0
20200122	重庆	1	4028	65	23	0
20200123	云南	1	93	4	1	0
20200123	北京	2	7456878	189548	3277	647
20200123	安徽	2	45	1	2	0
20200123	山东	2	41	2	0	0
20200123	山西	1	0	0	0	0
20200123	广东	2	15	1	0	0
20200123	新疆	1	22872	181	10	7
20200123	江苏	2	11	2	0	0
20200123	河南	1	15	0	0	0
20200123	湖北	2	254	2	0	0
20200123	福建	1	2	1	0	0
20200123	重庆	1	7	1	1	0
20200124	北京	4	23035588	393043	21415	14242
20200124	四川	1	1184708	36011	4068	172
20200124	安徽	1	22	0	0	1
20200124	广东	1	10532	14	0	1
20200124	江苏	1	1487	5	3	0
20200124	江西	1	227	11	0	1
20200124	河南	2	4	1	0	0
20200124	浙江	2	3	0	0	1
20200124	甘肃	1	1188017	19111	2011	124
20200124	福建	1	721	9	0	1
20200124	重庆	1	0	0	0	0
20200124	陕西	2	680	39	0	1
20200125	山东	1	27	1	0	0
20200125	山西	1	8576	460	36	55
20200125	广东	2	3	1	0	0
20200125	江西	1	8	1	0	0
20200125	河北	1	5	1	0	0
20200126	安徽	1	83	1	1	0
20200126	山东	1	7	0	0	0
20200126	广东	1	26	1	0	0
20200126	河南	1	18	1	0	0
20200126	湖北	1	4	1	0	0
20200126	贵州	1	4	1	0	0
20200127	广西	1	62	4	0	0
20200127	江苏	1	6	0	0	0
20200127	湖南	1	3840685	111841	3707	299
20200127	贵州	1	43	1	0	0
20200128	上海	1	40800038	834752	29827	19169
20200128	云南	2	20432	122	2	9
20200128	北京	1	8154351	220922	5500	1334
20200128	四川	2	29763	161	3	13
20200128	安徽	7	66	3	0	0
20200128	山东	7	757791	3390	115	73
20200128	江苏	1	6	1	0	0
20200128	河北	2	6	1	0	0
20200128	河南	2	4577044	258877	5615	746
20200128	浙江	1	341	27	2	0
20200128	海南	1	6	0	0	0
20200128	湖北	2	3	0	0	0
20200128	湖南	1	1615188	21261	926	1034
20200128	福建	1	5556952	120894	3180	480
20200128	贵州	1	652209	3627	151	141
20200128	辽宁	1	141	4	2	1
20200128	重庆	1	1784209	16235	935	1090
20200128	陕西	3	3737538	38548	3125	3552
20200129	四川	2	10	0	0	0
20200129	安徽	1	10	0	0	0
20200129	山东	1	33	1	0	0
20200129	广东	4	33639	104	114	4
20200129	江苏	2	7	0	0	0
20200129	江西	2	6	0	0	0
20200129	河北	1	869	12	5	0
20200129	湖北	3	31	10	4	0
20200129	湖南	1	4	0	0	0
20200129	重庆	2	320	6	3	0
20200129	陕西	3	22	2	1	0
20200130	Central Singapore Community Development Council	1	6	0	0	0
20200130	Québec	1	6	1	0	0
20200130	West	3	17	1	0	0
20200130	上海	5	7087	126	8	9
20200130	内蒙古	16	20425	738	173	62
20200130	北京	6	27853851	368984	57913	43478
20200130	吉林	4	2927	123	8	0
20200130	四川	15	534281	1865	200	184
20200130	天津	5	42058	2483	267	72
20200130	宁夏	2	2228	361	34	2
20200130	安徽	6	2707077	37360	3172	2148
20200130	山东	15	18808	801	69	5
20200130	山西	4	32	2	0	0
20200130	广东	13	17374	136	11	10
20200130	广西	3	19	1	0	0
20200130	新疆	4	3629	47	2	0
20200130	江苏	21	273356	3051	189	131
20200130	江西	1	27	1	0	0
20200130	河北	13	4082054	30233	6589	5478
20200130	河南	10	157858	732	82	248
20200130	浙江	5	1672	10	0	0
20200130	湖北	5	14376	151	13	10
20200130	湖南	2	575	12	4	1
20200130	甘肃	3	14	0	0	0
20200130	福建	3	731	98	1	0
20200130	西藏	1	170	7	1	2
20200130	辽宁	12	57143	627	56	16
20200130	重庆	4	34925	2048	518	195
20200130	陕西	4	2593	43	5	0
20200130	黑龙江	3	852	7	0	0
20200131	Attica	1	1	0	0	0
20200131	Central Singapore Community Development Council	2	9	2	0	0
20200131	Free and Hanseatic City of Hamburg	1	6	1	0	0
20200131	Lombardia	3	335	8	17	1
20200131	Stockholm	1	0	0	0	0
20200131	Trøndelag	1	15	0	1	0
20200131	West	1	4	0	0	0
20200131	上海	24	594516	5292	228	88
20200131	云南	4	6678	42	4	0
20200131	内蒙古	8	109450	2030	138	102
20200131	加利福尼亚州	4	15025	48	23	18
20200131	北京	38	135716251	5459610	216935	98854
20200131	吉林	4	102	1	2	0
20200131	四川	31	2175276	20347	3945	1059
20200131	天津	13	1033	46	10	0
20200131	宁夏	1	4	0	0	0
20200131	安徽	26	364061	2447	122	50
20200131	山东	59	5433670	47508	2080	658
20200131	山西	19	417927	2371	156	113
20200131	广东	42	3875836	54546	2661	4392
20200131	广西	19	339550	2788	141	105
20200131	弗吉尼亚州	2	14184	179	18	3
20200131	新泽西州	1	166233	2213	36	8
20200131	新疆	9	84206	1415	31	52
20200131	柔佛州	1	4	0	0	0
20200131	江苏	43	375587	4132	412	55
20200131	江西	12	9016	78	17	1
20200131	河北	26	256068	1498	542	14
20200131	河南	48	1289012	6599	293	204
20200131	浙江	40	206894	5121	754	310
20200131	海南	3	32021	393	22	1
20200131	湖北	26	145908	1402	76	25
20200131	湖南	15	1328200	31924	12996	2941
20200131	甘肃	3	1283	18	4	1
20200131	福建	19	88952	502	26	18
20200131	英格兰	9	84	5	1	3
20200131	西藏	1	320	7	0	0
20200131	贵州	16	682264	12369	466	171
20200131	辽宁	19	1062205	6786	896	480
20200131	重庆	11	1635	37	6	0
20200131	陕西	33	186041	2579	101	94
20200131	黑龙江	13	23144	126	7	6
20200201	Amman Governorate	1	5	0	0	0
20200201	Lilongwe District	1	10	1	1	0
20200201	上海	1	11	1	0	0
20200201	内蒙古	1	1	0	0	0
20200201	北京	4	3467	36	4	3
20200201	吉林	2	19	1	0	0
20200201	四川	3	965	129	45	0
20200201	天津	2	16	0	0	0
20200201	安徽	2	15	3	0	0
20200201	山东	10	6073	121	14	8
20200201	广东	8	8098	51	5	0
20200201	托斯卡纳	1	3449	84	22	1
20200201	新疆	2	1584	68	4	0
20200201	江苏	10	10712	242	70	1
20200201	江西	4	489	59	2	0
20200201	河北	2	7	1	0	0
20200201	河南	3	1360240	56667	1942	1093
20200201	海南	2	1465	18	1	1
20200201	湖北	1	0	0	0	0
20200201	湖南	5	38	4	0	0
20200201	甘肃	1	29322	263	46	87
20200201	贵州	5	1365651	20604	2884	179
20200201	重庆	3	1771	23	2	1
20200201	陕西	5	2001	338	67	1
20200202	Phnom Penh	1	5	1	0	1
20200202	上海	6	38832	2462	525	20
20200202	云南	1	1141	14	0	0
20200202	北京	3	586	11	1	0
20200202	天津	1	9	1	0	0
20200202	安徽	4	292	67	5	0
20200202	山东	3	100	10	2	0
20200202	山西	1	205	35	5	0
20200202	广东	1	4	0	0	0
20200202	新疆	1	9	1	0	0
20200202	江苏	4	93	7	0	1
20200202	江西	1	8	1	0	1
20200202	河南	1	9652	44	4	10
20200202	浙江	6	2892	12	3	0
20200202	湖北	2	5	1	0	0
20200202	湖南	3	9	0	1	0
20200202	福建	2	2089	50	8	12
20200202	贵州	3	34	1	0	0
20200202	辽宁	3	14	1	1	0
20200202	重庆	9	2275	26	0	1
20200202	陕西	9	759	23	5	2
20200202	黑龙江	1	68880	1051	41	34
20200203	上海	2	15033692	578601	50490	35081
20200203	北京	2	209655	12894	736	80
20200203	四川	3	25	2	0	0
20200203	安徽	3	2958	53	19	4
20200203	山东	4	7712	141	5	3
20200203	山西	1	185	32	4	0
20200203	广东	3	13357	1050	18	57
20200203	广西	2	635	10	1	0
20200203	江苏	2	125044	3718	498	123
20200203	河北	1	333	11	4	0
20200203	河南	3	228	5	0	0
20200203	浙江	3	746	35	8	0
20200203	湖北	2	734	67	10	0
20200203	甘肃	1	221	0	0	0
20200203	贵州	1	9	1	0	0
20200203	辽宁	3	35012	77	18	6
20200203	黑龙江	1	4	0	0	0
20200204	上海	1	195	3	2	0
20200204	云南	1	208	2	0	0
20200204	内蒙古	1	1030856	19083	627	789
20200204	北京	6	3439315	61975	3077	484
20200204	四川	2	346	3	2	0
20200204	天津	1	0	0	0	0
20200204	山东	6	10950	143	5	3
20200204	山西	1	0	0	0	0
20200204	广东	4	538047	1651	49	37
20200204	江苏	3	18188	693	83	8
20200204	河北	1	161910	941	27	68
20200204	河南	2	271	4	0	0
20200204	湖南	1	3	1	0	0
20200204	福建	4	18	3	2	0
20200204	重庆	2	4	1	1	1
20200204	陕西	2	20	3	0	0
20200204	黑龙江	1	3	0	0	0
20200205	Bangkok	1	9	0	0	0
20200205	Distrito Capital de Bogotá	1	5	1	0	0
20200205	Troms Fylke	1	10625	163	11	5
20200205	Tỉnh Ninh Bình	1	4	1	0	0
20200205	上海	1	33864	480	15	41
20200205	内蒙古	1	966	11	18	0
20200205	北京	4	284535	2048	86	44
20200205	吉林	2	3	1	0	0
20200205	四川	3	15678834	982239	23968	24817
20200205	天津	1	3387	35	13	0
20200205	山东	3	1133779	39207	1218	1163
20200205	山西	2	240	9	9	2
20200205	广东	5	50	9	0	0
20200205	广西	1	91	5	0	0
20200205	新疆	2	21	1	0	0
20200205	江苏	4	1219	42	7	0
20200205	江西	1	7	0	0	0
20200205	河南	3	4135	86	12	2
20200205	浙江	3	25384	1252	79	82
20200205	湖北	2	35	0	0	0
20200205	甘肃	1	58	5	0	0
20200205	福建	1	304	11	4	1
20200205	贵州	1	6	0	0	0
20200205	重庆	1	9	1	0	0
20200205	陕西	1	1	0	0	0
20200206		1	13	0	0	0
20200206	内蒙古	2	8610	98	1	1
20200206	北京	1	446355	9715	1937	63
20200206	四川	2	3108	58	10	2
20200206	安徽	1	212	3	0	0
20200206	山东	1	2	0	0	0
20200206	广东	1	969579	7975	1452	75
20200206	江苏	2	75	4	0	0
20200206	江西	1	5	0	0	0
20200206	河北	5	7956712	52336	9487	508
20200206	河南	1	15	0	0	0
20200206	湖北	1	4976	60	3	0
20200206	甘肃	1	7	1	0	0
20200206	福建	1	1018004	17097	3876	128
20200206	陕西	2	1072	22	2	1
20200207	上海	6	1511145	13593	637	922
20200207	不列颠哥伦比亚	1	3506	80	11	24
20200207	内蒙古	3	16400	968	54	31
20200207	加利福尼亚州	2	13	2	0	0
20200207	北京	17	11722531	433078	19896	8081
20200207	吉林	3	10	1	0	0
20200207	四川	6	2508738	212360	13847	4769
20200207	天津	2	186	7	9	1
20200207	奥塔哥大区	1	4	0	0	0
20200207	安徽	8	321325	2712	113	274
20200207	山东	25	106673	5049	351	148
20200207	山西	1	15	1	1	0
20200207	广东	6	13403009	74053	4842	6977
20200207	广西	2	35	3	0	0
20200207	江苏	11	121777	3483	195	70
20200207	江西	2	47496	1277	81	32
20200207	河北	11	986	145	5	2
20200207	河南	10	69828	1367	94	57
20200207	浙江	6	398495	9703	320	74
20200207	海南	3	27	1	2	3
20200207	湖北	10	89126	1940	78	20
20200207	湖南	1	87029	5338	299	123
20200207	甘肃	2	33	2	3	0
20200207	福建	5	21226	376	22	7
20200207	西藏	1	0	0	0	0
20200207	贵州	5	739315	24987	1665	1122
20200207	辽宁	8	51	2	2	1
20200207	重庆	1	666	33	4	5
20200207	陕西	5	28022	1431	83	15
20200207	黑龙江	2	10	0	0	0
20200208	内蒙古	1	628175	2063	24	67
20200208	加利福尼亚州	1	3	0	0	0
20200208	北京	5	4602852	97187	3895	4497
20200208	华盛顿州	2	181	4	0	0
20200208	四川	3	1657	32	7	1
20200208	安徽	4	35192820	455718	22575	17256
20200208	山东	2	139964	2015	98	60
20200208	山西	1	10	0	0	0
20200208	广东	3	2101	80	1	17
20200208	新疆	1	6189	67	5	20
20200208	江苏	4	22	1	0	0
20200208	江西	6	1195593	17201	1236	1942
20200208	河北	4	1651	155	1	5
20200208	河南	6	997584	11709	799	711
20200208	浙江	1	2	0	0	0
20200208	湖北	2	764660	23586	1485	602
20200208	福建	2	1281754	15666	36212	95
20200208	贵州	1	3	0	0	0
20200208	辽宁	1	5	0	0	0
20200208	陕西	3	3342	15	2	0
20200209	北京	4	12440900	318208	17799	2328
20200209	山东	1	7	0	0	0
20200209	广东	2	50611	2687	329	360
20200209	广西	1	3	0	0	0
20200209	江苏	1	8	0	0	0
20200209	河北	6	26	3	1	0
20200209	河南	1	253	4	1	0
20200209	湖南	1	6	1	0	3
20200209	福建	1	211	7	0	0
20200209	辽宁	2	3115	115	9	2
20200209	陕西	1	2716	12	1	0
20200210		1	130071	1988	15	11
20200210	云南	1	32	0	0	0
20200210	内蒙古	1	172179	884	30	40
20200210	北京	6	678389	9155	352	270
20200210	吉林	2	1	1	0	0
20200210	四川	2	14	1	0	0
20200210	天津	3	0	0	0	0
20200210	山东	2	11328	156	4	1
20200210	广东	7	3448945	68805	3405	3826
20200210	新疆	1	10	0	0	0
20200210	河北	2	133	3	0	0
20200210	河南	5	157	8	3	0
20200210	浙江	1	85	4	2	0
20200210	湖北	1	3228972	99920	2000	1416
20200210	湖南	1	1042	26	5	2
20200210	福建	5	13814	192	5	4
20200210	辽宁	2	46	0	0	0
20200210	重庆	1	8	1	0	0
20200210	陕西	4	23	1	0	1
20200211	上海	2	100746	1356	85	60
20200211	云南	1	331	2	0	0
20200211	内蒙古	3	121952	544	109	102
20200211	北京	10	15223359	156071	18410	17673
20200211	四川	2	31	2	0	1
20200211	安徽	2	594	7	1	1
20200211	山东	4	273932	922	348	165
20200211	山西	1	24905	156	17	5
20200211	广东	8	3754713	35919	10411	4252
20200211	新疆	1	14193	141	1	13
20200211	江苏	3	11771	70	6	0
20200211	江西	2	14725	64	7	0
20200211	河北	6	3081352	17059	4534	2461
20200211	河南	5	70807	778	60	109
20200211	浙江	1	0	0	0	0
20200211	湖北	3	2160	70	10	0
20200211	福建	3	136715	575	43	43
20200211	辽宁	1	0	0	0	0
20200211	陕西	3	557	39	13	0
20200211	黑龙江	2	830	82	9	0
20200212		1	52241	220	12	14
20200212	Provincie Limburg	1	6	0	0	0
20200212	上海	6	468719	4453	188	294
20200212	云南	3	62467	495	24	46
20200212	内蒙古	1	11564	60	4	10
20200212	北京	23	5613480	55832	4366	2621
20200212	吉林	2	38030	269	23	32
20200212	四川	10	183530	1190	53	25
20200212	天津	1	127	2	0	0
20200212	安徽	19	4415225	23780	4970	3185
20200212	山东	20	372457	2391	222	170
20200212	山西	5	1193675	6109	989	678
20200212	广东	20	1995314	12248	1373	993
20200212	广西	2	6122743	13988	544	922
20200212	新疆	3	358	6	1	0
20200212	江苏	12	1691565	6217	610	420
20200212	江西	12	1910144	7447	1222	998
20200212	河北	10	1152043	5872	865	195
20200212	河南	28	7713686	32338	3522	2600
20200212	浙江	10	326035	1097	197	61
20200212	湖北	8	420093	2427	348	150
20200212	湖南	8	469289	2908	419	382
20200212	甘肃	4	39	7	0	0
20200212	福建	7	10312	24	5	4
20200212	贵州	6	1195668	5749	997	618
20200212	辽宁	3	144486	1051	109	307
20200212	重庆	6	185502	1462	153	9
20200212	陕西	5	271818	1497	171	320
20200212	黑龙江	4	139434	531	61	19
20200213	上海	3	306678	1905	259	125
20200213	内蒙古	1	3	0	0	0
20200213	北京	6	12385623	269796	40513	2263
20200213	四川	3	36168	525	68	107
20200213	安徽	2	0	0	0	0
20200213	山东	1	9	1	1	0
20200213	山西	2	78791	457	48	12
20200213	广东	3	703	2	0	0
20200213	广西	3	29	0	0	0
20200213	江苏	7	1712	159	26	12
20200213	江西	3	42451	720	28	23
20200213	河北	1	25235	91	0	7
20200213	河南	4	1310	173	17	2
20200213	浙江	2	1658	31	1	0
20200213	湖北	2	17	1	0	0
20200213	湖南	2	1971	61	12	0
20200213	福建	3	42084	918	72	6
20200213	贵州	1	190	6	0	1
20200213	陕西	1	7	0	0	0
20200213	黑龙江	2	96	3	0	0
20200214	Central Singapore Community Development Council	1	0	0	0	0
20200214	上海	1	300	4	0	0
20200214	云南	4	21	2	0	0
20200214	内蒙古	1	336	17	2	6
20200214	北京	9	24025812	1073000	43493	4934
20200214	吉林	1	25081	1620	297	19
20200214	四川	2	75	4	0	0
20200214	安徽	3	64641	1983	74	8
20200214	山东	1	1353	44	2	1
20200214	山西	3	21	3	2	1
20200214	广东	5	4091696	159333	6599	676
20200214	广西	1	11	1	0	1
20200214	新疆	1	8400	209	5	0
20200214	江苏	5	104	5	1	0
20200214	江西	1	7	0	0	0
20200214	河北	5	81612	1879	309	25
20200214	河南	4	23805	2583	48	27
20200214	浙江	2	9	0	0	0
20200214	湖北	4	11314	816	59	69
20200214	湖南	1	22	1	0	0
20200214	甘肃	1	1706	36	6	0
20200214	福建	1	27440	892	267	14
20200214	贵州	2	93	9	0	1
20200214	辽宁	1	1	1	0	0
20200214	陕西	1	29	2	0	0
20200215	上海	3	466	3	0	1
20200215	内蒙古	1	112	4	0	0
20200215	北京	11	2253055	46558	16673	1230
20200215	吉林	1	2777	13	2	0
20200215	四川	3	1996204	53289	13613	11529
20200215	安徽	2	305033	1154	851	36
20200215	山东	1	17823	49	14	2
20200215	广东	2	4159	74	3	1
20200215	广西	1	0	0	0	0
20200215	江苏	6	41	3	1	3
20200215	江西	2	1279307	18774	1690	799
20200215	河北	1	0	0	0	0
20200215	河南	7	268788	1856	111	70
20200215	浙江	2	971475	5204	412	303
20200215	湖北	1	131	3	0	0
20200215	湖南	1	1862	2	0	0
20200215	福建	3	10	0	0	0
20200215	贵州	1	6	0	0	0
20200215	陕西	1	5	0	0	0
20200216	上海	2	595	5	1	1
20200216	内蒙古	1	18	0	0	0
20200216	北京	3	2733102	71597	1347	244
20200216	四川	1	89933	7753	219	56
20200216	安徽	1	107	2	0	0
20200216	山东	4	54104	473	79	122
20200216	山西	5	19543666	350045	69697	1623
20200216	广东	4	106458	1058	30	10
20200216	广西	1	0	0	0	0
20200216	新疆	1	2	0	0	0
20200216	江苏	1	6228	588	26	7
20200216	江西	1	346992	6607	505	246
20200216	河北	2	40905	345	22	11
20200216	河南	3	14723189	69021	42644	2671
20200216	浙江	1	549	10	0	1
20200216	湖南	1	5403	63	7	4
20200216	福建	3	310092	8488	380	85
20200216	辽宁	1	12217	89	15	4
20200216	重庆	1	0	0	0	0
20200216	陕西	1	5	0	0	0
20200216	黑龙江	1	23	0	0	0
20200217	上海	1	595	4	1	0
20200217	内蒙古	1	867	9	1	3
20200217	北京	3	36771	546	9	18
20200217	吉林	2	1	0	0	0
20200217	四川	3	16273	88	1	4
20200217	天津	1	0	0	0	0
20200217	安徽	1	680	23	2	0
20200217	山东	5	1011	35	4	1
20200217	山西	1	4	0	0	0
20200217	广东	3	16502	267	11	8
20200217	江苏	3	291	4	0	0
20200217	江西	1	25	1	0	0
20200217	河北	1	3	1	0	0
20200217	河南	2	42	2	0	0
20200217	浙江	2	2399968	232960	8290	919
20200217	湖北	2	25747	615	140	60
20200217	湖南	2	704	11	0	0
20200217	福建	1	265	7	0	0
20200217	贵州	1	3	0	0	0
20200217	辽宁	2	0	0	0	0
20200217	陕西	3	15	0	0	0
20200218	上海	4	11249	156	4	0
20200218	内蒙古	1	62366	649	28	6
20200218	北京	8	7321623	484988	15911	1493
20200218	四川	2	14	1	0	0
20200218	天津	2	0	0	0	0
20200218	安徽	4	882847	64467	650	159
20200218	山东	8	612728	13073	359	95
20200218	山西	1	33	0	0	0
20200218	广东	9	744262	3177	162	46
20200218	广西	1	1	0	0	0
20200218	新疆	2	1934709	125886	2381	460
20200218	江苏	2	471116	4355	132	23
20200218	江西	1	2307926	123400	3357	498
20200218	河北	4	27151	418	23	0
20200218	河南	9	158238	603	21	3
20200218	浙江	9	22151	148	2	2
20200218	湖北	2	36209	1122	21	6
20200218	甘肃	3	1421	124	4	4
20200218	福建	2	73701	382	6	4
20200218	辽宁	6	11690	85	3	0
20200218	重庆	1	6	0	0	0
20200218	陕西	3	1365	70	2	1
20200218	黑龙江	1	0	0	0	0
20200219	上海	4	1064	34	16	1
20200219	北京	4	317550	9252	143	56
20200219	四川	2	0	0	0	0
20200219	安徽	6	122325	1430	26	8
20200219	山东	5	62455	1500	47	42
20200219	山西	2	0	0	0	0
20200219	广东	4	154195	5911	217	22
20200219	新疆	1	27889	980	30	9
20200219	江苏	1	38095	665	6	11
20200219	江西	2	121	4	0	0
20200219	河北	6	1734210	11093	687	158
20200219	河南	5	37878	1358	12	7
20200219	浙江	4	1219555	104275	1158	186
20200219	海南	1	933	26	2	0
20200219	澳门	1	1	0	0	0
20200219	甘肃	1	167400	2184	146	129
20200219	贵州	2	431	24	2	0
20200219	辽宁	1	0	0	0	0
20200219	陕西	2	14	2	3	0
20200220	上海	7	386986	3649	287	119
20200220	北京	11	2105275	94254	3278	792
20200220	吉林	3	33	2	0	0
20200220	四川	5	1312768	13923	604	529
20200220	安徽	4	117210	1415	85	32
20200220	山东	12	2895599	34102	4353	963
20200220	山西	2	18136	159	21	8
20200220	广东	7	1225846	10558	736	184
20200220	广西	2	126	5	0	0
20200220	新疆	1	25120	117	12	5
20200220	江苏	2	73	4	1	0
20200220	江西	1	77822	217	19	9
20200220	河北	7	9629693	72066	7056	2114
20200220	河南	3	84064	593	26	7
20200220	浙江	3	34445	296	37	22
20200220	湖南	3	884722	4701	263	73
20200220	甘肃	1	39795	320	40	5
20200220	福建	4	2504751	21322	1847	335
20200220	贵州	1	119	4	0	1
20200220	辽宁	5	87764	582	40	9
20200220	陕西	1	1071	36	8	0
20200220	青海	1	4	0	0	0
20200221	上海	1	562	6	1	1
20200221	云南	1	1	0	0	0
20200221	北京	3	4015	82	2	2
20200221	四川	2	14	0	0	0
20200221	天津	1	263	72	10	0
20200221	山东	1	1	0	0	0
20200221	广东	4	1705	17	3	0
20200221	广西	1	24	0	0	0
20200221	新疆	2	335	3	0	0
20200221	江苏	1	7	0	0	1
20200221	河南	4	16363	452	21	0
20200221	湖北	3	47975	422	17	23
20200221	福建	1	5914	142	7	2
20200221	贵州	1	36	2	2	0
20200221	陕西	1	6	0	0	0
20200222		2	15	2	0	0
20200222	上海	7	26	2	0	0
20200222	云南	5	90	5	1	0
20200222	内蒙古	1	17070	108	7	7
20200222	北京	4	806808	11168	996	243
20200222	吉林	4	16	1	0	0
20200222	四川	6	2730	24	4	3
20200222	天津	12	73	1	0	0
20200222	安徽	7	32163	261	17	3
20200222	山东	26	666236	4061	253	53
20200222	山西	1	5	0	0	0
20200222	广东	10	196342	1851	87	17
20200222	新疆	12	40	2	1	0
20200222	江苏	4	39364	839	20	14
20200222	江西	2	74630	420	22	12
20200222	河北	5	66419	1005	44	19
20200222	河南	4	4638	130	1	0
20200222	浙江	2	7	0	0	0
20200222	海南	3	3	0	0	0
20200222	湖北	4	144305	1473	25	24
20200222	湖南	8	673	29	1	0
20200222	贵州	1	28	2	1	0
20200222	重庆	1	1	0	0	0
20200222	陕西	1	369	41	3	0
20200222	黑龙江	7	53	2	0	3
20200223	上海	1	7	1	0	0
20200223	内蒙古	2	26501	134	17	5
20200223	北京	3	54273	203	38	18
20200223	四川	7	229	3	0	3
20200223	宁夏	1	1	0	0	0
20200223	安徽	1	1602	24	0	5
20200223	山东	3	29570	137	12	4
20200223	山西	2	2411344	10236	1708	2442
20200223	广西	1	2	1	0	0
20200223	新疆	3	20400	240	16	3
20200223	江苏	1	5	0	0	0
20200223	江西	1	500976	1111	51	92
20200223	河北	4	87746	830	71	10
20200223	河南	2	142829	828	58	22
20200223	浙江	3	731	173	20	0
20200223	海南	5	5	0	0	0
20200223	湖北	4	53880	1002	94	83
20200223	湖南	3	1947281	7745	1809	854
20200223	甘肃	2	25496	152	2	2
20200223	福建	3	608394	5055	89	13
20200223	辽宁	4	5	0	0	0
20200223	陕西	3	15744	113	2	0
20200224		1	3286	55	0	0
20200224	上海	1	2720553	109352	2376	1861
20200224	云南	2	18704	40	4	1
20200224	内蒙古	3	972080	4420	261	62
20200224	北京	3	22313211	1567644	34564	20949
20200224	吉林	2	122693	1261	19	11
20200224	四川	3	1486	36	7	0
20200224	安徽	5	6484654	291639	10725	1955
20200224	山东	9	1987703	26018	966	346
20200224	山西	7	16590674	382124	18421	5076
20200224	广东	12	1523822	15800	418	141
20200224	新疆	1	1	0	0	0
20200224	江苏	2	252	13	6	0
20200224	江西	3	1438731	3904	78	45
20200224	河北	5	4786590	119591	3415	860
20200224	河南	8	722908	5946	89	37
20200224	浙江	3	478405	616	15	9
20200224	湖北	5	965830	7202	175	41
20200224	湖南	6	226711	2976	83	26
20200224	福建	2	34	4	1	0
20200224	贵州	4	1568599	71830	2422	388
20200224	辽宁	1	3	0	0	0
20200224	重庆	1	4	0	0	0
20200224	陕西	2	600886	2336	35	21
20200224	黑龙江	1	178	2	0	0
20200225		2	44578	514	23	12
20200225	Changwat Sa Kaeo	1	67	3	0	0
20200225	State of Queensland	1	7	0	0	0
20200225	上海	17	340427	6307	167	161
20200225	云南	7	61885	904	20	5
20200225	内蒙古	17	1998822	27261	2315	183
20200225	北京	44	53023013	2943587	77325	25289
20200225	吉林	7	102005	1164	30	24
20200225	四川	13	461632	7178	236	47
20200225	天津	24	2998	73	2	1
20200225	宁夏	1	42899	316	14	12
20200225	安徽	15	516864	7972	282	90
20200225	山东	37	30281868	1062862	19517	20065
20200225	山西	3	36571686	2012469	50268	3361
20200225	广东	42	793474	6495	270	206
20200225	广西	4	164886	3347	113	93
20200225	新疆	12	504425	9211	183	93
20200225	江苏	20	4320113	150758	2513	1137
20200225	江西	17	2527328	115118	5438	270
20200225	河北	34	18469982	250681	30530	911
20200225	河南	46	1349723	24455	579	111
20200225	浙江	25	5851548	158325	3813	366
20200225	海南	1	2	1	1	0
20200225	湖北	57	2974160	81172	1381	682
20200225	湖南	15	417745	1782	78	44
20200225	甘肃	8	71156	379	7	3
20200225	福建	13	2040393	45171	1118	309
20200225	贵州	7	1449263	50465	2059	237
20200225	辽宁	19	111435	1802	76	33
20200225	重庆	4	19678	215	5	15
20200225	陕西	6	27721	257	10	4
20200225	黑龙江	13	44010	402	11	6
20200226		1	587	12	0	0
20200226	上海	1	549	34	1	0
20200226	云南	3	33963	336	18	4
20200226	内蒙古	1	4	0	0	0
20200226	北京	16	1441301	19500	497	309
20200226	吉林	5	38483	229	29	8
20200226	四川	2	85	3	1	1
20200226	天津	2	4218	27	1	0
20200226	宁夏	1	261762	7570	150	47
20200226	安徽	12	1408105	11065	474	392
20200226	山东	16	1323682	7113	1213	127
20200226	山西	7	124100	1995	106	27
20200226	广东	15	2319327	21733	1683	428
20200226	广西	2	324	2	0	0
20200226	新疆	1	1130	61	0	1
20200226	江苏	10	157394	2658	71	30
20200226	江西	5	753691	5980	435	162
20200226	河北	14	6076810	47529	797	591
20200226	河南	12	771759	4481	323	83
20200226	浙江	6	997619	69917	1613	218
20200226	湖北	18	175953	1871	76	22
20200226	湖南	4	33737	2160	58	26
20200226	甘肃	1	7	2	1	0
20200226	福建	6	33715	1148	19	6
20200226	贵州	4	26	2	0	0
20200226	辽宁	2	281	0	0	1
20200226	陕西	2	12817	466	13	3
20200226	黑龙江	1	4	0	0	0
20200227	上海	3	33724	2579	68	21
20200227	云南	3	651	33	7	0
20200227	内蒙古	1	11799	289	32	2
20200227	北京	7	2510953	66340	907	154
20200227	四川	5	425	24	0	0
20200227	天津	1	3	0	0	0
20200227	宁夏	1	2496	13	2	1
20200227	安徽	12	537724	23645	1140	134
20200227	山东	8	45454	269	41	4
20200227	山西	2	8220	133	10	4
20200227	广东	6	67909	344	17	1
20200227	广西	2	3	0	0	1
20200227	新疆	1	3614	21	6	1
20200227	江苏	7	81235	2579	55	16
20200227	江西	2	1111341	8271	159	45
20200227	河北	1	8106	249	17	1
20200227	河南	7	207477	4648	176	101
20200227	浙江	5	13303	1025	27	3
20200227	海南	1	1	0	0	0
20200227	湖北	10	91435	1097	68	36
20200227	湖南	8	34416	631	34	43
20200227	甘肃	1	13	2	0	0
20200227	福建	5	501954	9338	872	83
20200227	西藏	1	75806	502	23	2
20200227	辽宁	2	16	5	0	0
20200227	黑龙江	3	11451	107	6	5
20200228		1	5623	210	5	1
20200228	Ceará	1	5	0	0	0
20200228	State of New South Wales	1	15006	321	12	4
20200228	上海	2	136463	908	48	7
20200228	云南	5	483452	8050	412	41
20200228	内蒙古	8	3895352	50350	5208	429
20200228	北京	16	114512461	5091660	132694	44302
20200228	吉林	4	6855	153	11	24
20200228	四川	7	108060	1063	33	37
20200228	天津	3	200	8	2	1
20200228	宁夏	1	67	0	0	0
20200228	安徽	9	3133039	59384	10510	6364
20200228	山东	24	20195077	1158309	82906	15051
20200228	山西	7	106737	607	13	3
20200228	广东	9	39758	472	8	8
20200228	广西	6	701	8	1	2
20200228	新疆	5	82474	1861	87	28
20200228	江苏	19	21530930	519024	21494	47086
20200228	江西	8	197488	2439	81	30
20200228	河北	10	183497	1996	94	31
20200228	河南	19	587839	8080	614	120
20200228	浙江	14	51420	3743	78	16
20200228	海南	2	54	7	0	0
20200228	湖北	11	4580141	86797	3140	5097
20200228	湖南	6	11832	152	7	1
20200228	甘肃	2	2115	36	2	1
20200228	福建	8	91700	2423	167	50
20200228	贵州	9	1018466	15196	759	1607
20200228	辽宁	4	13497	347	28	13
20200228	重庆	3	246	11	0	0
20200228	陕西	9	216952	7557	242	67
20200228	黑龙江	7	43645	296	15	3
20200229		3	1429572	25245	482	347
20200229	Changwat Nakhon Sawan	1	318	7	0	0
20200229	上海	11	611258	21839	595	136
20200229	云南	9	93826	1113	45	6
20200229	内蒙古	12	955057	10255	495	79
20200229	北京	32	32193488	833765	31927	10128
20200229	吉林	8	4561	110	2	1
20200229	四川	16	3425345	71073	7255	6470
20200229	天津	2	223	63	4	1
20200229	宁夏	3	45627	6028	50	36
20200229	安徽	17	2222312	16742	1786	187
20200229	山东	41	4737656	89360	5740	1757
20200229	山西	19	270788	2585	120	54
20200229	广东	26	1206785	11404	458	131
20200229	广西	4	2049344	19796	833	195
20200229	新疆	9	1505883	50466	1673	923
20200229	江苏	24	3868460	24423	744	369
20200229	江西	14	11827611	150111	7431	11612
20200229	河北	21	1477468	24170	804	865
20200229	河南	41	4943118	378296	32655	4263
20200229	浙江	16	372878	3863	146	75
20200229	海南	2	4	1	0	0
20200229	湖北	44	3388184	38973	1078	4284
20200229	湖南	14	182542	2239	76	61
20200229	甘肃	6	42251	339	10	17
20200229	福建	12	360568	5000	268	96
20200229	贵州	5	212276	1276	57	17
20200229	辽宁	11	166612	940	44	16
20200229	重庆	3	73142	483	28	2
20200229	陕西	14	145446	1042	57	15
20200229	青海	2	536727	7293	255	100
20200229	黑龙江	12	150953	2244	46	57
20200301	上海	2	9773	176	3	1
20200301	云南	3	481	11	1	0
20200301	北京	9	964316	24248	1036	484
20200301	吉林	2	11	1	1	0
20200301	四川	4	1334	19	0	0
20200301	天津	2	6	1	0	0
20200301	安徽	8	37898	565	13	3
20200301	山东	8	1354	74	3	0
20200301	山西	1	142	11	0	0
20200301	广东	11	25880	304	5	3
20200301	新疆	3	43	1	0	0
20200301	江苏	5	515	37	0	0
20200301	江西	3	16365	502	18	38
20200301	河北	6	67511	182	0	2
20200301	河南	6	18084	442	27	8
20200301	浙江	5	10819	55	2	0
20200301	湖北	7	13231	140	5	2
20200301	湖南	2	36	8	0	0
20200301	甘肃	2	5	1	0	0
20200301	福建	4	372	17	3	0
20200301	贵州	2	5	0	0	0
20200301	辽宁	5	2377	50	5	0
20200301	重庆	2	49	1	0	0
20200301	陕西	3	91	1	0	1
20200301	黑龙江	3	2347	47	0	31
20200302	Belgrade	1	959	9	1	0
20200302	State of Odisha	1	1	0	0	0
20200302	上海	1	16	2	0	0
20200302	云南	1	909	54	0	2
20200302	内蒙古	2	5322	31	1	1
20200302	北京	7	496924	3450	148	71
20200302	吉林	2	531	12	0	0
20200302	四川	6	126049	5714	244	86
20200302	安徽	1	7	1	0	0
20200302	山东	11	130640	1063	51	31
20200302	山西	2	314	14	0	0
20200302	广东	8	1168317	34494	3414	1710
20200302	新疆	1	23919	178	8	3
20200302	江苏	3	1662	140	7	1
20200302	江西	1	113776	889	31	6
20200302	河北	3	58	4	1	0
20200302	河南	9	87967	1030	62	16
20200302	浙江	1	1013	38	1	0
20200302	海南	1	7	1	0	0
20200302	湖北	6	474209	4908	142	179
20200302	湖南	3	13	0	0	0
20200302	澳门	6	45	4	0	0
20200302	福建	2	24052	232	4	0
20200302	贵州	3	473476	3129	88	27
20200302	辽宁	2	83	8	1	0
20200302	重庆	2	22716	2287	202	67
20200302	陕西	5	859767	2577	60	37
20200302	黑龙江	2	116727	467	9	7
20200303		4	24454	162	7	3
20200303	上海	3	1029186	8928	328	64
20200303	云南	1	4	1	1	0
20200303	内蒙古	3	192538	898	29	8
20200303	北京	17	8373272	167645	6035	700
20200303	吉林	3	29153	277	9	0
20200303	四川	5	1016386	9322	246	47
20200303	天津	1	109	7	0	0
20200303	安徽	9	112802	1306	77	22
20200303	山东	18	4935673	110464	2667	420
20200303	山西	5	848227	3401	199	55
20200303	广东	16	236708	1413	101	33
20200303	广西	3	27170	220	2	1
20200303	新疆	1	14809	168	11	3
20200303	江苏	12	773938	10494	378	97
20200303	江西	7	15516	113	10	2
20200303	河北	5	486324	6713	226	34
20200303	河南	13	732935	3713	130	32
20200303	浙江	4	19704	165	4	1
20200303	湖北	6	60541	844	23	6
20200303	湖南	3	3501	71	8	1
20200303	甘肃	2	425	20	0	0
20200303	福建	6	1123117	7778	270	64
20200303	贵州	6	888792	7227	339	60
20200303	辽宁	1	11	1	0	0
20200303	重庆	2	42	2	0	0
20200303	陕西	4	142221	445	21	10
20200303	黑龙江	4	74518	427	25	3
20200304		2	1945318	135580	3733	279
20200304	云南	3	68099	882	16	9
20200304	内蒙古	5	276	8	0	0
20200304	北京	18	6147641	195972	6939	1052
20200304	吉林	3	2606	180	5	4
20200304	四川	7	26141	920	28	8
20200304	安徽	8	2008136	88779	1928	354
20200304	山东	13	493092	2840	75	24
20200304	山西	7	77395	706	18	18
20200304	广东	9	248887	1976	203	24
20200304	广西	1	158	2	0	0
20200304	新疆	2	176804	4327	462	42
20200304	江苏	7	252332	2213	53	16
20200304	江西	2	37631	238	15	13
20200304	河北	9	260654	2443	79	16
20200304	河南	11	1291782	54338	1278	64
20200304	浙江	7	118141	959	87	34
20200304	湖北	10	472717	3986	303	21
20200304	湖南	7	155760	412	10	15
20200304	福建	2	6239	114	11	0
20200304	贵州	6	89891	1159	35	11
20200304	辽宁	4	387083	3701	111	75
20200304	重庆	2	91	2	0	0
20200304	陕西	6	112579	1066	52	14
20200304	黑龙江	1	11881	96	8	0
20200305		1	15921	1390	64	11
20200305	上海	3	2723	53	7	0
20200305	内蒙古	1	2324	58	6	0
20200305	北京	7	8260371	397000	16869	998
20200305	吉林	3	61723	708	23	3
20200305	四川	10	182574	2217	520	17
20200305	安徽	3	243045	4170	120	18
20200305	山东	7	130910	800	103	11
20200305	山西	2	180762	2297	211	68
20200305	广东	5	26483	419	15	4
20200305	广西	2	7046	92	2	0
20200305	新疆	1	83385	1919	71	16
20200305	江苏	1	0	0	0	0
20200305	河北	7	98081	1660	543	18
20200305	河南	5	217411	2962	54	23
20200305	浙江	2	132485	6316	252	59
20200305	湖北	5	151420	1236	34	16
20200305	甘肃	2	184	8	0	0
20200305	福建	2	154033	7626	130	61
20200305	辽宁	2	2033	144	17	5
20200305	重庆	2	366	7	0	0
20200305	陕西	7	48736	537	21	5
20200305	黑龙江	3	33660	140	1	2
20200306		1	29015	1125	20	2
20200306	Vientiane Province	1	1	0	0	0
20200306	上海	1	9	1	0	0
20200306	云南	5	4116	178	3	2
20200306	内蒙古	1	946378	10150	4853	85
20200306	北京	18	3655474	134423	3708	834
20200306	四川	5	1765585	68235	1090	235
20200306	天津	1	8	0	0	0
20200306	宁夏	1	3	1	0	0
20200306	安徽	11	2327723	51385	5929	7856
20200306	山东	15	2276256	91063	3228	1069
20200306	山西	3	29939	342	39	7
20200306	广东	13	918839	20262	1481	874
20200306	广西	2	516	6	0	2
20200306	新疆	1	630913	4902	80	238
20200306	江苏	17	72668	572	68	7
20200306	江西	3	497	8	0	1
20200306	河北	9	38001838	1975823	52522	20227
20200306	河南	8	19068	266	19	4
20200306	浙江	3	20501	285	19	6
20200306	湖北	7	791719	3958	94	152
20200306	湖南	2	10316	157	2	0
20200306	福建	6	110105	2211	94	74
20200306	贵州	2	147668	573	13	17
20200306	辽宁	4	150167	2715	330	237
20200306	重庆	1	1	0	0	0
20200306	釜山广域市	1	516	2	1	0
20200306	陕西	7	440183	2061	27	23
20200306	香港	1	23742	508	16	1
20200306	黑龙江	13	212159	2645	72	69
20200307		1	64090	237	15	0
20200307	上海	5	17913	1045	36	13
20200307	内蒙古	7	3286188	39015	2711	407
20200307	北京	17	25847116	839894	33523	2569
20200307	吉林	1	1999	144	1	5
20200307	四川	8	2083291	11677	531	236
20200307	天津	2	8	0	0	0
20200307	安徽	6	141850	2444	62	34
20200307	山东	19	519453	8476	659	54
20200307	山西	4	84287	889	86	17
20200307	广东	13	241426	2804	47	25
20200307	广西	2	528	20	2	0
20200307	新疆	3	173671	1541	50	17
20200307	江苏	10	11221943	292879	18741	793
20200307	江西	10	3373792	23884	1994	477
20200307	河北	10	3754577	22316	1863	1381
20200307	河南	18	407733	5831	294	50
20200307	浙江	6	666488	4558	154	99
20200307	海南	1	665	4	2	0
20200307	湖北	7	137963	1730	69	69
20200307	湖南	9	42858	567	16	8
20200307	福建	5	520720	3498	225	27
20200307	辽宁	11	619335	9748	302	131
20200307	重庆	3	2471	238	13	0
20200307	釜山广域市	1	605	88	1	0
20200307	陕西	7	573413	8891	404	197
20200307	黑龙江	8	3506070	166537	15581	592
20200308		1	34823	1316	40	3
20200308	上海	3	3812	33	0	1
20200308	内蒙古	1	18492	184	17	3
20200308	北京	6	3444342	47449	4093	327
20200308	吉林	1	0	0	0	0
20200308	四川	1	46169	519	21	2
20200308	天津	1	0	0	0	0
20200308	安徽	8	288612	8103	274	33
20200308	山东	17	7923034	80824	11165	552
20200308	山西	4	39408	1077	173	8
20200308	广东	8	83791	685	44	6
20200308	广西	2	14259	215	4	1
20200308	新疆	3	64862	1034	80	14
20200308	江苏	8	602471	5649	259	32
20200308	江西	1	70091	948	46	2
20200308	河北	6	1465826	11243	843	66
20200308	河南	19	838235	9740	649	76
20200308	浙江	5	2677	53	5	4
20200308	湖北	9	139137	2584	194	9
20200308	湖南	4	554425	3048	114	36
20200308	福建	1	39708	4642	81	20
20200308	贵州	1	769	9	2	1
20200308	辽宁	3	49738	1375	124	7
20200308	陕西	2	237113	3799	126	11
20200308	黑龙江	5	19010	433	9	1
20200309	上海	4	2338	330	38	0
20200309	云南	1	8081	532	24	0
20200309	内蒙古	1	1913773	72446	3986	320
20200309	北京	4	375165	2751	83	52
20200309	吉林	4	8	0	0	0
20200309	四川	1	1278	17	5	0
20200309	天津	1	15	0	1	0
20200309	安徽	4	974269	7901	3598	25
20200309	山东	7	1385720	14891	1097	96
20200309	山西	7	281521	2129	113	10
20200309	广东	2	126	3	0	0
20200309	广西	2	3371	32	1	0
20200309	江苏	2	17	2	1	0
20200309	江西	2	289512	1049	218	11
20200309	河北	8	23021	1079	59	5
20200309	河南	5	68917	869	31	2
20200309	浙江	4	553405	7254	320	2753
20200309	海南	1	621	54	4	1
20200309	湖北	10	217810	1421	86	50
20200309	湖南	3	7	4	0	0
20200309	甘肃	1	277	3	0	0
20200309	福建	5	278873	4015	94	26
20200309	贵州	1	96	8	0	0
20200309	辽宁	4	615	51	3	0
20200309	重庆	2	6957	286	101	0
20200309	陕西	3	59381	642	15	5
20200309	黑龙江	5	187094	755	36	37
20200310	上海	8	158198	2674	96	22
20200310	云南	3	43916	2871	65	12
20200310	内蒙古	1	44984	219	12	3
20200310	北京	27	6100448	102449	3426	525
20200310	吉林	8	480693	7991	502	67
20200310	四川	4	90047	1616	95	23
20200310	宁夏	1	3	0	0	0
20200310	安徽	21	40993760	1165704	39235	19158
20200310	山东	26	8154444	149901	13272	1120
20200310	山西	7	114230	2485	118	36
20200310	广东	24	2154018	116458	5800	4693
20200310	广西	3	260060	1196	69	24
20200310	新疆	2	53671	1515	46	11
20200310	江苏	15	397089	8699	352	86
20200310	江西	16	15359898	393313	12173	5143
20200310	河北	19	592834	9648	285	35
20200310	河南	34	4636263	92502	3345	890
20200310	浙江	6	159320	2705	75	12
20200310	海南	1	63	2	0	0
20200310	湖北	17	651935	6453	85	61
20200310	湖南	14	188147	1813	146	47
20200310	甘肃	3	894	14	0	2
20200310	福建	11	64129	1699	36	16
20200310	贵州	6	58803	824	17	11
20200310	辽宁	7	141309	4438	162	39
20200310	重庆	6	3489	79	4	0
20200310	陕西	3	636360	2894	70	26
20200310	黑龙江	6	56804	587	15	3
20200311	上海	1	57627	2051	521	60
20200311	内蒙古	1	1492	16	0	0
20200311	北京	12	2530548	29104	881	196
20200311	四川	4	71352	783	42	5
20200311	天津	1	1	0	0	0
20200311	安徽	3	24	1	0	1
20200311	山东	11	260610	1045	36	11
20200311	山西	2	1028452	9345	2781	201
20200311	广东	7	411370	13268	1253	48
20200311	新疆	2	20140	680	17	2
20200311	江苏	3	4577	716	27	4
20200311	河北	4	3730	75	6	0
20200311	河南	13	200629	1500	91	22
20200311	浙江	2	567	32	2	0
20200311	湖北	10	315609	4560	121	77
20200311	湖南	1	2	0	0	0
20200311	甘肃	6	55860	1240	23	11
20200311	福建	3	102798	1705	221	17
20200311	贵州	4	47530	264	9	5
20200311	辽宁	3	14667	229	7	0
20200311	陕西	11	99903	912	60	19
20200311	黑龙江	2	0	0	0	0
20200312	Auckland	1	576	15	5	0
20200312	上海	6	45801	5735	223	92
20200312	云南	1	2	1	0	0
20200312	内蒙古	4	18234	156	5	1
20200312	加利福尼亚州	1	201	5	0	1
20200312	北京	34	6170361	93975	3544	1303
20200312	吉林	1	743077	8885	771	327
20200312	四川	7	137185	615	17	17
20200312	天津	1	6	1	0	0
20200312	安徽	10	376569	6065	302	29
20200312	山东	22	497054	4175	210	23
20200312	山西	3	151068	777	53	6
20200312	广东	24	405138	7690	309	172
20200312	广西	2	21031	136	1	4
20200312	新疆	3	2871	35	5	1
20200312	江苏	9	69038	741	18	8
20200312	江西	6	115639	847	28	12
20200312	河北	12	153197	3396	136	74
20200312	河南	21	769670	4638	275	121
20200312	浙江	6	1291	19	1	1
20200312	海南	2	12333	302	3	1
20200312	湖北	12	183600	1801	62	22
20200312	湖南	3	419148	2060	126	11
20200312	甘肃	2	727	15	0	0
20200312	福建	7	8444	221	6	1
20200312	贵州	8	682770	3158	140	89
20200312	辽宁	4	5605	138	3	0
20200312	重庆	6	113147	647	18	19
20200312	陕西	5	52218	505	12	0
20200312	黑龙江	2	14278	109	12	15
20200313	Changwat Chon Buri	1	1	0	0	0
20200313	Comunidad de Madrid	1	1	0	0	0
20200313	Trøndelag	1	3	0	0	0
20200313	上海	3	13	0	0	0
20200313	云南	2	151451	1072	55	6
20200313	内蒙古	1	210	28	0	0
20200313	北京	9	830632	4665	305	52
20200313	台湾	2	229	18	3	1
20200313	吉林	3	10137	298	6	4
20200313	四川	8	48362	656	16	9
20200313	宁夏	1	1	0	0	0
20200313	安徽	8	179169	3844	200	161
20200313	山东	15	38737	601	44	9
20200313	山西	1	1	0	0	0
20200313	广东	15	478166	2773	177	51
20200313	广西	1	75	1	0	0
20200313	江苏	13	7113120	432295	24933	1328
20200313	江西	7	3748059	16014	318	153
20200313	河北	9	48564	393	45	2
20200313	河南	15	431941	1855	85	15
20200313	浙江	4	17	0	0	0
20200313	湖北	6	85382	1009	41	5
20200313	湖南	7	27583	255	10	1
20200313	福建	4	294	1	0	0
20200313	贵州	1	162179	603	28	14
20200313	辽宁	5	1389	42	2	2
20200313	重庆	1	1	0	0	0
20200313	陕西	4	151089	490	12	2
20200313	黑龙江	4	8779	98	2	0
