20200104	甘肃	1	485	9	0	0
20200109	陕西	1	17386	160	9	0
20200111	甘肃	1	1122	9	2	0
20200124	上海	2	2938795	31783	713	713
20200124	内蒙古	2	18965	175	6	6
20200124	北京	3	294613871	8747555	292661	178597
20200124	四川	10	87090	1284	61	44
20200124	天津	4	997	15	3	0
20200124	宁夏	1	8	0	0	0
20200124	安徽	11	90484	1454	114	12
20200124	山东	13	7061513	163298	4630	1871
20200124	山西	6	3309221	16888	400	829
20200124	广东	18	699728	5744	181	127
20200124	广西	1	3951661	29809	1487	630
20200124	新疆	2	143	9	3	0
20200124	江苏	6	1261014	8170	318	255
20200124	江西	7	3666	246	2	4
20200124	河北	17	17550	529	7	20
20200124	河南	20	1492975	16031	396	656
20200124	浙江	6	5860	76	5	0
20200124	海南	1	9	0	0	0
20200124	湖北	31	24406349	214520	9950	3026
20200124	湖南	5	22616	971	57	8
20200124	甘肃	1	587	19	0	0
20200124	福建	8	35910	661	27	7
20200124	贵州	3	38	7	0	0
20200124	辽宁	3	2326	51	1	2
20200124	重庆	5	108	8	2	0
20200124	陕西	1	3	0	0	0
20200124	黑龙江	1	0	0	0	0
20200125		3	82072	926	28	10
20200125	Île-de-France	1	455	7	0	0
20200125	上海	8	2881	60	6	4
20200125	云南	15	179647	2017	71	9
20200125	内蒙古	8	283446	1376	39	68
20200125	北京	30	280622908	4665902	204956	85814
20200125	吉林	20	92838	884	42	4
20200125	四川	55	1891882	17106	665	334
20200125	天津	8	11555	39	10	4
20200125	安徽	63	5105517	31485	3907	417
20200125	山东	95	27110616	752329	13890	3391
20200125	山西	34	34549953	658613	18878	4125
20200125	广东	74	4664814	26132	1780	706
20200125	广西	16	351244	7181	304	314
20200125	新疆	6	47680	474	23	15
20200125	江苏	45	360078	3586	212	52
20200125	江西	49	367464	6679	529	102
20200125	河北	62	25355113	512123	9966	1112
20200125	河南	170	8675135	131321	5391	1588
20200125	浙江	40	12597502	146470	5983	1128
20200125	海南	6	1354553	7075	341	203
20200125	湖北	261	186740691	2625868	68968	43377
20200125	湖南	49	545610	6039	232	58
20200125	甘肃	13	35024	825	40	5
20200125	福建	29	1019438	8424	268	133
20200125	胡志明市	1	744	3	0	1
20200125	贵州	26	196435	3067	202	42
20200125	辽宁	18	111213	2484	185	16
20200125	重庆	22	42421	361	19	6
20200125	陕西	49	352322	4067	413	72
20200125	黑龙江	25	617532	19432	553	180
20200126		3	860625	10379	328	161
20200126	Lombardia	1	1	1	0	0
20200126	Punjab Province	1	11	2	0	0
20200126	Thuringia	1	806	45	2	1
20200126	Thành Phố Đà Nẵng	1	83	9	0	0
20200126	Ōsaka-fu	1	29229	668	25	12
20200126	上海	23	16958067	1096403	64858	4616
20200126	云南	22	19628	484	36	9
20200126	内蒙古	18	7118032	154942	5326	1113
20200126	北京	65	254104798	7417995	204577	35141
20200126	台湾	1	10	0	0	0
20200126	吉林	16	581382	3260	226	51
20200126	四川	82	997260	12617	832	295
20200126	天津	5	249	12	4	0
20200126	宁夏	6	171	15	0	0
20200126	安徽	131	27291233	1077109	36343	2176
20200126	山东	242	2843803	19920	1057	338
20200126	山西	61	1101984	8463	540	121
20200126	广东	98	262105	3957	317	143
20200126	广西	40	328670	5501	284	171
20200126	新疆	11	210019	3192	117	25
20200126	江苏	122	11478601	224023	5692	1287
20200126	江西	44	277193	4244	774	46
20200126	河北	259	2327287	58169	2616	401
20200126	河南	317	8346223	110972	6698	1362
20200126	浙江	88	20938286	543649	24258	8599
20200126	海南	11	2664382	29702	809	323
20200126	湖北	610	246738243	6800404	261439	31051
20200126	湖南	89	20207025	498830	13714	6976
20200126	甘肃	27	105210	571	56	22
20200126	福建	52	710339	5319	262	62
20200126	西藏	2	10	1	0	0
20200126	贵州	44	72158	1253	84	7
20200126	辽宁	48	85569	878	47	14
20200126	重庆	35	11451338	382119	16034	3562
20200126	陕西	107	399649	8683	472	72
20200126	香港	1	2	0	0	0
20200126	黑龙江	47	29549	750	60	8
20200127		12	64372	551	15	7
20200127	Central Singapore Community Development Council	2	4	0	0	0
20200127	Hiroshima-ken	1	4	0	0	0
20200127	National Capital Region	1	8	1	1	0
20200127	Oita Prefecture	1	61	3	0	0
20200127	Oromiya Region	1	1546	22	1	0
20200127	Québec	3	4	1	0	0
20200127	State of Victoria	1	6	0	0	0
20200127	上海	30	311330	3731	580	62
20200127	云南	24	19494	341	23	4
20200127	伊利诺伊州	1	20	1	0	0
20200127	内蒙古	27	457439	35542	786	282
20200127	北京	77	506173167	20694030	490907	169714
20200127	吉林	38	139426	4494	129	22
20200127	四川	115	6884254	172071	3011	1058
20200127	天津	87	277599	2858	245	41
20200127	宁夏	5	1693	68	4	1
20200127	安徽	171	5272402	44172	4054	531
20200127	山东	346	16972657	393224	74251	3191
20200127	山西	85	5190466	357533	3953	1553
20200127	广东	123	59349155	710722	229638	5949
20200127	广西	38	395764	2759	510	26
20200127	新疆	10	700378	6592	213	38
20200127	江苏	175	1265107	16299	1286	408
20200127	江西	76	151066	2579	136	42
20200127	河北	251	3270111	57596	2955	1424
20200127	河南	322	3177540	109279	4663	1004
20200127	浙江	78	227576	4375	248	46
20200127	海南	11	38140	1613	47	11
20200127	湖北	1011	92097229	2550250	68051	16652
20200127	湖南	114	3528987	78509	2080	580
20200127	甘肃	40	39158	1800	157	10
20200127	福建	89	43192305	1215369	35158	6188
20200127	西藏	1	5	0	0	0
20200127	贵州	64	127612	4110	461	31
20200127	辽宁	34	484473	26663	413	116
20200127	重庆	56	388293	3472	203	57
20200127	陕西	111	557955	10276	661	153
20200127	青海	4	3165	197	29	6
20200127	黑龙江	56	96640	1778	79	45
20200128		11	14527214	316857	10156	807
20200128	Bangkok	1	240082	5112	162	21
20200128	Boke Region	1	100	1	1	0
20200128	Changwat Krabi	2	11	1	0	0
20200128	Kanagawa	1	2	0	0	0
20200128	Kano	1	38	1	0	0
20200128	Ōsaka-fu	2	170	7	0	0
20200128	上海	41	2435085	20817	1178	316
20200128	云南	42	74284	774	63	33
20200128	内蒙古	36	61493	3974	220	32
20200128	北京	77	119657867	3735467	82275	11002
20200128	华盛顿州	1	6859	75	5	1
20200128	吉林	42	33948	497	44	13
20200128	四川	117	757887	30560	1046	319
20200128	天津	131	814922	19984	1581	322
20200128	宁夏	6	33727	178	10	3
20200128	安徽	238	2232119	66673	4450	999
20200128	山东	449	8083073	191043	9397	4376
20200128	山西	104	813351	19273	673	126
20200128	广东	205	1986504	41797	3642	352
20200128	广西	56	66906	499	54	12
20200128	新疆	23	7251890	343588	9827	8024
20200128	江苏	230	21268503	568985	15992	5273
20200128	江西	119	126792	3374	271	102
20200128	河北	265	661941	13978	859	172
20200128	河南	458	26158568	1453240	56756	6247
20200128	浙江	101	5108357	142601	3743	507
20200128	海南	10	1714	51	4	0
20200128	湖北	876	66368715	2241730	68151	8062
20200128	湖南	119	303714	8973	497	95
20200128	甘肃	53	342476	2669	192	77
20200128	砂拉越	1	1	0	0	0
20200128	福建	103	1278897	14287	432	178
20200128	西藏	1	47	9	0	0
20200128	贵州	81	749742	17940	381	108
20200128	辽宁	87	1529016	8032	331	107
20200128	重庆	75	34329	958	67	7
20200128	陕西	126	701034	9011	2112	231
20200128	青海	3	54	3	3	0
20200128	香港	1	3	1	0	0
20200128	黑龙江	79	586814	9581	750	202
20200129		16	5039406	102998	2208	633
20200129	Abū Z̧aby	1	11	2	0	0
20200129	Bangkok	1	1179	5	0	0
20200129	Central Singapore Community Development Council	1	6	1	0	0
20200129	Changwat Chon Buri	1	2	0	0	0
20200129	Changwat Krabi	1	75534	1340	82	33
20200129	Chiang Mai Province	1	6482	45	9	0
20200129	Jeju-do	1	1017	23	0	0
20200129	Kuala Lumpur	1	1	0	0	0
20200129	Lombardia	1	9	0	0	0
20200129	National Capital Region	2	10	1	1	0
20200129	Siem Reab	1	378	3	1	0
20200129	Województwo Mazowieckie	1	9	1	0	0
20200129	上海	69	12082507	162298	74209	991
20200129	中苏拉威西省	1	5	0	0	0
20200129	云南	85	237517	7900	374	98
20200129	内蒙古	77	63873	1528	148	37
20200129	北京	162	102179117	2736751	61953	12496
20200129	南加里曼丹省	1	844	13	1	3
20200129	吉林	146	1342889	74739	3267	1373
20200129	四川	199	897762	29897	1810	347
20200129	天津	97	231804	4691	325	210
20200129	宁夏	33	64615	1401	77	57
20200129	安徽	381	5005766	146588	9264	2277
20200129	山东	751	12363598	860676	26257	3371
20200129	山西	203	259115	6451	782	167
20200129	岐阜县	1	2153	24	13	0
20200129	广东	373	21866727	749145	23216	7867
20200129	广西	84	82770	1769	160	56
20200129	拉齐奥	1	742	7	0	0
20200129	敖德萨州	2	7	2	0	0
20200129	新疆	41	35483	820	85	17
20200129	江苏	543	132182710	3341259	106361	33969
20200129	江西	161	326622	10998	539	283
20200129	河北	495	9222037	201067	9094	4042
20200129	河南	785	4572096	164741	8692	1119
20200129	浙江	177	2130452	47608	1470	686
20200129	海南	33	73686	8765	268	65
20200129	湖北	1151	38313086	1091550	38586	6755
20200129	湖南	194	2501937	111603	2080	369
20200129	甘肃	121	589847	4100	218	81
20200129	福建	174	3737102	23058	808	543
20200129	纽约州	1	9	2	0	0
20200129	西藏	2	16	1	0	0
20200129	贵州	107	245955	4931	223	23
20200129	辽宁	210	1017851	33354	1378	264
20200129	重庆	80	80283	1678	114	23
20200129	陕西	260	393647	7474	551	110
20200129	青海	9	3016	60	2	0
20200129	香港	1	125	0	0	0
20200129	黑龙江	189	1317316	121982	5485	1345
20200130		16	2698619	65275	912	269
20200130	Arizona	2	774	13	0	0
20200130	Kanagawa	1	7	1	0	1
20200130	National Capital Region	1	874	38	19	28
20200130	North	1	2	0	0	0
20200130	Pulau Pinang	1	279	2	0	0
20200130	State of Western Australia	1	4	1	0	0
20200130	Steiermark	1	2	0	0	0
20200130	Sverdlovskaya Oblast’	1	3	0	0	0
20200130	Wilaya d’ Alger	2	22865	186	8	0
20200130	上海	73	3036540	34361	1299	274
20200130	云南	85	111306	2009	158	15
20200130	内华达州	1	308	5	0	0
20200130	内蒙古	45	363416	2525	2015	31
20200130	加利福尼亚州	2	30431	257	15	8
20200130	北京	101	167926442	3313111	244324	47304
20200130	北海道	1	5883	69	7	0
20200130	吉林	80	87659	2901	101	31
20200130	四川	185	857866	32031	3336	743
20200130	天津	54	325519	14889	424	315
20200130	宁夏	25	211708	12545	755	105
20200130	安大略	2	49	2	1	0
20200130	安徽	329	1187176	23402	1581	360
20200130	山东	573	2788443	87169	6425	1311
20200130	山西	156	381987	14552	1506	150
20200130	广东	326	1583533	90631	3865	3499
20200130	广西	68	88290	1090	97	25
20200130	托斯卡纳	1	590	10	0	3
20200130	新疆	43	18437	611	76	15
20200130	江苏	413	4070315	64729	4211	950
20200130	江西	147	4996807	240679	34221	25618
20200130	河北	423	10806773	367646	12916	1860
20200130	河南	830	12696570	663492	36216	3630
20200130	浙江	155	417119	8425	1230	137
20200130	海南	23	42461	966	61	85
20200130	湖北	1151	76102360	1769797	60550	16693
20200130	湖南	181	340871	14077	841	157
20200130	甘肃	82	240495	5329	334	161
20200130	砂拉越	2	2745	210	7	0
20200130	福建	129	214440	3863	217	69
20200130	英格兰	2	19	2	1	0
20200130	西哈努克市	1	7	0	0	0
20200130	西米沙鄢	1	11	1	3	0
20200130	西藏	2	3977	56	1	0
20200130	贵州	117	332315	11479	853	60
20200130	辽宁	119	333641	13478	1049	117
20200130	重庆	73	77592	2358	116	25
20200130	陕西	239	223750	7972	578	70
20200130	青海	10	3787	59	0	3
20200130	香港	1	2	0	0	0
20200130	黑龙江	92	56999	7391	275	42
20200131		8	9043818	80179	2105	488
20200131	Calabarzon	1	1	0	0	0
20200131	Chiang Mai Province	2	143677	321	21	9
20200131	Jeju-do	2	695	15	1	5
20200131	Sankt-Peterburg	1	4	0	0	0
20200131	上海	40	337997	4615	256	98
20200131	云南	44	424652	6718	310	61
20200131	京畿道	1	78	3	0	0
20200131	内蒙古	65	29984	481	53	16
20200131	北京	84	209934275	9365499	191541	30132
20200131	北海道	1	90	8	0	0
20200131	台湾	1	17	0	1	0
20200131	吉林	52	595323	6300	169	168
20200131	四川	174	5267841	165606	6645	1968
20200131	天津	31	511905	6253	416	109
20200131	宁夏	23	12465	316	24	5
20200131	安徽	286	9370000	398472	18179	1366
20200131	山东	463	3036226	97083	7515	1319
20200131	山西	109	845860	15071	949	235
20200131	广东	288	5957617	154109	4778	959
20200131	广西	69	395770	17053	359	213
20200131	新疆	32	459777	4854	171	92
20200131	江苏	308	6513578	88323	3337	933
20200131	江西	139	2069343	142138	7558	334
20200131	河北	284	1672315	97951	2983	473
20200131	河南	448	3603391	78555	5391	1084
20200131	浙江	120	1231973	14979	2845	787
20200131	海南	25	200067	4260	318	65
20200131	湖北	1005	42537633	1093286	42036	7451
20200131	湖南	149	385898	7411	348	122
20200131	甘肃	64	128207	3707	253	20
20200131	砂拉越	1	1432	110	5	0
20200131	福建	108	562636	10700	449	135
20200131	胡志明市	4	35	0	0	8
20200131	莱茵兰-普法尔茨	1	2	1	0	0
20200131	西藏	6	207	14	2	0
20200131	贵州	80	217849	5749	554	71
20200131	辽宁	115	1556977	47240	2395	519
20200131	重庆	85	219857	11293	574	56
20200131	陕西	174	264919	9227	992	71
20200131	青海	7	4422	80	18	4
20200131	香港	1	5965	1135	7	0
20200131	黑龙江	83	215924	6114	173	59
20200201		7	415792	3146	106	12
20200201	Cairo Governorate	1	15806	239	6	2
20200201	Höfuðborgarsvæði	1	13	1	0	0
20200201	Kuala Lumpur	1	211	0	0	0
20200201	State of New South Wales	1	43638	275	7	1
20200201	Tokyo Prefecture	1	1	0	0	0
20200201	上海	54	2935652	70920	2513	246
20200201	云南	50	241468	16745	860	66
20200201	内蒙古	45	677935	13910	1088	101
20200201	加利福尼亚州	1	6	0	0	0
20200201	北京	110	186692547	6641378	245245	32220
20200201	吉林	58	174052	2160	97	42
20200201	四川	137	2002266	58395	2298	993
20200201	天津	27	53347	1844	279	5
20200201	宁夏	16	58337	4582	101	10
20200201	安大略	1	52	0	1	7
20200201	安徽	222	35364241	2577359	119829	5830
20200201	山东	369	15398381	672889	61264	4133
20200201	山西	100	464608	6114	580	68
20200201	广东	239	33964630	1420024	201098	11859
20200201	广西	41	4028028	275921	11119	551
20200201	新疆	33	45984	998	121	46
20200201	江苏	244	4275539	153023	9172	2395
20200201	江西	82	2874000	63803	2346	382
20200201	河北	280	1205037	30167	1410	328
20200201	河南	435	2863856	78420	5873	958
20200201	浙江	124	5816620	191147	11441	3123
20200201	海南	19	74076	2803	83	13
20200201	湖北	1023	88196056	2638103	240543	10457
20200201	湖南	177	2914534	88602	2974	513
20200201	甘肃	50	307845	3923	151	94
20200201	福建	75	1880232	39955	3029	746
20200201	西藏	1	2	0	0	0
20200201	贵州	79	1474502	52183	5352	151
20200201	辽宁	120	729393	13216	555	132
20200201	重庆	59	224976	5497	710	33
20200201	陕西	139	522984	14780	1419	139
20200201	青海	6	4256	182	29	11
20200201	香港	1	3198	167	22	6
20200201	黑龙江	81	86714	1153	124	47
20200202		15	15611917	152643	5494	763
20200202	Aichi-ken	1	28	0	0	0
20200202	Ash Shāriqah	1	0	0	0	0
20200202	Auckland	1	39	2	0	0
20200202	Gyeongsangbuk-do	1	5	0	0	0
20200202	Jeollanam-do	1	27488	1299	45	3
20200202	Phnom Penh	1	6	0	0	0
20200202	Québec	2	5541	30	1	1
20200202	Svay Rieng	1	541	8	0	0
20200202	Tỉnh Tây Ninh	2	13	1	0	0
20200202	Tỉnh Đồng Nai	1	4	0	0	0
20200202	Wien	1	807	20	5	5
20200202	万丹省	1	227	3	0	0
20200202	上海	128	14016247	341189	15442	5105
20200202	云南	112	413660	11799	635	248
20200202	内蒙古	128	4696209	174734	6810	1392
20200202	加利福尼亚州	1	321	22	4	0
20200202	北京	334	508595867	19091812	754110	222966
20200202	吉林	181	379671	7531	420	87
20200202	四川	401	32767527	1220106	45749	10441
20200202	天津	100	7395571	715070	13029	6632
20200202	宁夏	25	76732	1875	124	12
20200202	安徽	619	17939629	508042	15015	3516
20200202	山东	1080	55655693	2838370	116191	25731
20200202	山西	443	1639609	37019	1933	302
20200202	巴厘岛	1	308	3	0	0
20200202	广东	671	19835781	201334	12724	3157
20200202	广西	153	2086544	42885	2361	597
20200202	新疆	86	216130	8410	249	76
20200202	江苏	712	4572411	142832	6541	1685
20200202	江西	332	1584813	46299	1584	594
20200202	河北	706	6358241	114104	4620	4218
20200202	河南	1057	19204966	364987	15064	4930
20200202	浙江	348	7479539	258162	8814	1895
20200202	海南	72	193216	9621	843	120
20200202	湖北	2065	524641371	19902610	732647	175589
20200202	湖南	392	1956361	50402	2829	373
20200202	澳门	1	16	0	0	0
20200202	甘肃	196	493038	16580	776	541
20200202	砂拉越	3	41	3	0	0
20200202	福建	272	2015082	23961	1969	393
20200202	西藏	2	125	5	0	0
20200202	贵州	253	5994931	147753	5105	2171
20200202	辽宁	284	13759451	315076	9427	2651
20200202	重庆	146	620073	11798	604	303
20200202	釜山广域市	1	24	1	0	0
20200202	陕西	405	4181086	227678	7515	1050
20200202	青海	24	90244	1695	61	14
20200202	首尔特别市	1	38	3	0	0
20200202	香港	6	428398	22646	396	218
20200202	黑龙江	216	1374624	12018	457	479
20200203		23	9032398	109718	2346	2588
20200203	Bahia	1	2	0	0	0
20200203	Bangkok	2	23	4	0	0
20200203	Daerah Khusus Ibukota Jakarta	1	10810	2736	7	0
20200203	National Capital Region	1	1	0	0	0
20200203	Pahang	1	2	1	0	0
20200203	Selangor	1	70	5	1	0
20200203	State of Victoria	1	3	0	0	0
20200203	Sverdlovskaya Oblast’	2	8	1	0	0
20200203	Tỉnh Khánh Hòa	1	10992	488	13	1
20200203	上海	112	15790325	157218	3954	1699
20200203	不列颠哥伦比亚	1	4	1	0	0
20200203	云南	76	1497233	24398	1174	407
20200203	内蒙古	86	741384	17017	285	92
20200203	北京	192	302097914	8545485	195676	73098
20200203	台湾	2	1860	149	12	7
20200203	吉林	79	87128	7921	185	18
20200203	四川	218	26826251	1181526	72021	15661
20200203	天津	59	1226844	61136	2465	359
20200203	宁夏	21	24868	1859	48	13
20200203	安徽	370	14677948	385101	17668	1842
20200203	山东	659	5956991	158818	5716	2017
20200203	山西	188	2396533	98583	8593	995
20200203	岐阜县	1	200	33	3	0
20200203	广东	499	15856506	414791	12520	6475
20200203	广西	116	698647	20862	1316	354
20200203	新疆	51	115570	2179	188	26
20200203	柔佛州	1	544	83	1	0
20200203	江苏	537	11541669	303993	22603	3669
20200203	江西	237	817369	12688	865	299
20200203	河北	406	5052491	134743	6492	1151
20200203	河南	660	15108339	661844	17741	8954
20200203	浙江	223	3894214	84176	4725	1115
20200203	海南	41	159413	5239	361	42
20200203	湖北	1907	112260627	3705993	129267	27305
20200203	湖南	253	1595819	27264	1958	391
20200203	澳门	1	7	1	0	0
20200203	甘肃	114	186795	9074	460	90
20200203	福建	172	2703777	71510	2986	761
20200203	莫斯科州	1	81	5	1	0
20200203	西藏	4	8067	129	5	0
20200203	贵州	134	610725	11059	416	76
20200203	辽宁	165	10303746	245903	8574	2253
20200203	重庆	81	100620	2309	281	13
20200203	陕西	291	4829890	121177	6948	1684
20200203	青海	8	4406	39	5	0
20200203	香港	1	4	0	0	0
20200203	黑龙江	165	1428293	19224	912	278
20200204		23	5240842	89383	2743	521
20200204	Bangkok	3	30	2	0	0
20200204	Bourgogne-Franche-Comté	1	0	0	0	1
20200204	Central Singapore Community Development Council	1	704	3	0	0
20200204	Centre Region	1	15	0	0	2
20200204	Chiang Mai Province	1	3	0	0	0
20200204	Dubai	2	13	1	0	0
20200204	Edo	1	1195	45	0	1
20200204	Jeju-do	1	472	3	0	0
20200204	Jeollanam-do	1	60	12	2	0
20200204	Khyber Pakhtunkhwa Province	1	2	0	0	0
20200204	National Capital Region	1	5	1	0	0
20200204	Phnom Penh	3	9	0	0	0
20200204	Phuket Province	1	10	0	0	0
20200204	Provincie Noord-Holland	1	771	22	4	0
20200204	Provincie Zuid-Holland	1	4	0	0	0
20200204	Selangor	3	21	2	0	0
20200204	Siem Reab	1	15	1	0	0
20200204	Yangon Region	1	870	29	4	0
20200204	万丹省	1	6	0	0	1
20200204	上海	118	3272706	31825	1386	558
20200204	中央吕宋	2	7	0	0	0
20200204	中苏拉威西省	1	215	7	0	0
20200204	云南	99	308843	5234	349	42
20200204	内蒙古	78	513432	9989	173	76
20200204	加利福尼亚州	1	9	0	0	0
20200204	北京	284	324850671	12917660	415469	70299
20200204	台湾	1	511	13	0	0
20200204	吉林	106	6272692	63591	972	609
20200204	四川	283	11426178	377756	26418	12009
20200204	天津	76	214677	1620	107	33
20200204	威尼托	1	3	0	0	0
20200204	宁夏	39	734934	10800	631	297
20200204	安徽	438	7878625	125094	4578	898
20200204	山东	756	8539695	239000	8187	2275
20200204	山西	223	7578486	431535	46266	1927
20200204	巴登-符腾堡	2	41479	350	182	0
20200204	广东	549	19593164	517250	23578	6138
20200204	广西	152	1141192	29645	1844	560
20200204	康乃狄克州	1	53	3	0	2
20200204	新疆	76	148745	3239	167	43
20200204	江苏	523	17473795	664517	30195	4385
20200204	江西	237	737031	10067	621	207
20200204	河北	493	17223189	611057	16088	3525
20200204	河南	783	5482778	92340	3915	1160
20200204	浙江	272	4052740	84917	5429	616
20200204	海南	51	1905257	21388	2413	1028
20200204	湖北	2542	216600147	3012477	144610	47840
20200204	湖南	308	9279496	142019	6055	3133
20200204	甘肃	144	579523	19721	869	1855
20200204	福建	190	5066496	68646	3634	2836
20200204	纽约州	1	38567	1931	117	51
20200204	西哈努克市	1	9	4	0	0
20200204	西藏	3	60	6	0	0
20200204	贵州	155	3970073	38532	1347	605
20200204	辽宁	191	120584586	1415324	37326	16674
20200204	重庆	122	155912	5980	419	55
20200204	陕西	270	1040151	26449	2417	728
20200204	青海	25	12541	286	20	11
20200204	香港	2	31	1	0	0
20200204	黑龙江	150	230013	3591	196	55
20200205		5	319042	4257	124	48
20200205	Auckland	1	3346401	84223	4807	472
20200205	East	1	513	3	1	0
20200205	Northern Ireland	1	457	3	0	0
20200205	Oberösterreich	1	6629	157	4	0
20200205	Phnom Penh	1	7	0	0	0
20200205	State of New South Wales	1	16	8	0	0
20200205	Tatarstan	1	5	0	0	0
20200205	Tỉnh Bến Tre	1	12	1	0	0
20200205	Ulsan	1	1	0	0	0
20200205	Wakiso District	1	11	1	0	0
20200205	上海	60	1046345	42051	3171	784
20200205	云南	57	38772	1157	89	7
20200205	内华达州	1	1213	16	2	0
20200205	内蒙古	52	533765	29473	953	65
20200205	加利福尼亚州	3	297	12	2	2
20200205	北京	146	79076853	3180568	83135	19386
20200205	台湾	4	41721	1408	128	52
20200205	吉林	68	34955	603	63	37
20200205	四川	168	791342	46023	1538	138
20200205	天津	31	203830	1593	102	176
20200205	宁夏	32	174098	1668	192	116
20200205	安徽	289	4767515	182862	15985	1232
20200205	山东	358	1376909	27447	1398	490
20200205	山西	114	105002	2689	638	58
20200205	广东	271	3297104	152480	6948	919
20200205	广西	75	929823	8899	626	117
20200205	德克萨斯州	1	66345	866	152	5
20200205	新疆	41	98225	2294	191	25
20200205	江苏	272	3607578	65281	4076	1929
20200205	江西	108	4795327	113820	4120	1031
20200205	河北	268	1029821	24020	1255	356
20200205	河南	510	5008785	176416	7962	1311
20200205	浙江	152	1864982	113905	3076	1708
20200205	海南	18	5107	144	6	4
20200205	湖北	812	19574109	1239938	86576	4575
20200205	湖南	150	4835301	108608	2234	199
20200205	甘肃	60	99869	2950	204	62
20200205	福建	95	1004250	16601	1254	250
20200205	英格兰	1	32	1	0	0
20200205	西藏	1	1494	24	4	0
20200205	贵州	106	307159	15592	624	39
20200205	辽宁	95	139785	7485	749	498
20200205	重庆	57	25848	1240	105	17
20200205	陕西	182	517457	14925	1663	103
20200205	青海	19	6952	168	15	19
20200205	香港	1	520	71	3	0
20200205	黑龙江	79	513471	15211	492	43
20200206		6	6959	182	1	2
20200206	Auckland	1	1063	18	1	0
20200206	Central Singapore Community Development Council	1	16	0	0	0
20200206	Phuket Province	1	2681	85	12	4
20200206	Provincie Groningen	1	249	5	0	0
20200206	Tokyo Prefecture	1	499	8	3	0
20200206	万丹省	1	2556	117	6	0
20200206	上海	53	410881	7170	432	87
20200206	云南	65	217560	21315	575	30
20200206	内蒙古	54	78073	1908	134	46
20200206	北京	122	12104147	287433	6732	2003
20200206	台湾	2	16	1	0	0
20200206	吉林	78	54075	1267	180	22
20200206	四川	175	18601648	899175	33717	21890
20200206	天津	34	126681	12366	366	93
20200206	宁夏	33	671041	6398	385	90
20200206	安徽	287	758608	22057	1303	320
20200206	山东	373	9189237	558494	15652	2058
20200206	山西	163	220257	7254	1192	363
20200206	广东	236	75455345	3593005	71595	9834
20200206	广西	81	87494	1775	244	18
20200206	新疆	44	145686	4546	177	76
20200206	江苏	301	4032413	166752	10081	2420
20200206	江西	135	2013915	119832	2446	527
20200206	河北	251	8777531	689665	39144	2032
20200206	河南	515	2300225	62551	3535	686
20200206	浙江	171	2308206	58180	4115	820
20200206	海南	19	41018	568	75	110
20200206	湖北	739	52857536	1901430	65867	15189
20200206	湖南	160	747986	31666	1984	320
20200206	甘肃	81	120897	2968	331	35
20200206	福建	93	308776	2925	252	55
20200206	西藏	4	1364	79	17	2
20200206	贵州	121	137996	5712	640	94
20200206	辽宁	81	6797128	199768	6018	1209
20200206	重庆	63	260439	9530	379	73
20200206	陕西	247	886795	27457	2574	377
20200206	青海	5	2626	165	17	0
20200206	黑龙江	83	160423	4705	341	85
20200207		10	1853417	111756	2404	225
20200207	Bangkok	1	30	1	0	0
20200207	Flanders	1	15651	4076	12	3
20200207	Kayin State	1	5	0	1	0
20200207	Moskva	1	33	2	0	0
20200207	Phuket Province	1	2126	44	1	2
20200207	Tỉnh Khánh Hòa	1	242	6	0	0
20200207	Tỉnh Quảng Ninh	1	183	3	0	0
20200207	上海	72	704775	27735	3133	398
20200207	不列颠哥伦比亚	1	94	3	0	0
20200207	云南	111	546957	32702	2274	288
20200207	俄亥俄州	1	5	0	0	0
20200207	内蒙古	66	90366	3279	364	48
20200207	北京	134	9028783	376195	14347	2093
20200207	台湾	2	15	2	0	0
20200207	吉林	124	6904945	109861	9874	5421
20200207	四川	323	865828	41188	3146	183
20200207	天津	45	15159240	651996	18296	9619
20200207	宁夏	41	288097	7449	523	57
20200207	安徽	458	5082165	130025	11701	67192
20200207	山东	586	2766436	71751	5020	431
20200207	山西	231	869436	20457	3523	433
20200207	广东	277	5804096	140928	5912	1117
20200207	广西	72	377709	3882	580	153
20200207	新疆	67	187770	6675	602	46
20200207	江苏	456	3253820	182583	9859	1554
20200207	江西	138	11575733	476845	13797	1234
20200207	河北	423	2614048	92224	4563	589
20200207	河南	1128	4815089	283541	18471	1670
20200207	河口省	1	121	14	4	3
20200207	浙江	163	12220988	230623	4940	12998
20200207	海南	21	16580	583	58	8
20200207	湖北	815	56727031	2266197	99596	8197
20200207	湖南	180	673560	17860	1166	123
20200207	甘肃	107	147996	8795	1038	32
20200207	福建	85	33229984	395120	22964	84470
20200207	西哈努克市	2	79	1	0	0
20200207	西藏	8	11557	1266	17	1
20200207	贵州	168	249895	18889	1891	52
20200207	辽宁	123	1828080	102832	2233	188
20200207	重庆	98	142113	6531	550	28
20200207	陕西	426	1096408	49826	5282	322
20200207	青海	8	94897	7042	578	30
20200207	香港	1	14	1	0	0
20200207	黑龙江	130	116176	5137	1442	44
20200208		11	662890	27779	1171	155
20200208	Dubai	2	2035	86	5	0
20200208	Jeju-do	1	1511	108	32	1
20200208	Luanda Province	1	2936	740	154	0
20200208	Massachusetts	1	2029	336	115	1
20200208	National Capital Region	1	73	1	0	0
20200208	Nay Pyi Taw	2	4000	129	13	1
20200208	Phnom Penh	1	723	61	10	0
20200208	Île-de-France	1	867	80	22	0
20200208	上海	58	9695944	690441	19530	1226
20200208	云南	80	131998	8185	738	27
20200208	兵库县	1	92	3	0	1
20200208	内蒙古	47	103034	2807	242	161
20200208	北京	116	20452604	995185	51013	2533
20200208	台湾	1	2546	62	2	2
20200208	吉林	58	48506	3081	408	12
20200208	四川	308	2365627	141262	6060	630
20200208	天津	45	53405	2457	418	23
20200208	宁夏	70	261186	8750	901	82
20200208	安徽	318	1407370	52927	4298	437
20200208	山东	454	1798822	74077	4920	780
20200208	山西	240	441371	17757	3446	112
20200208	广东	242	8152182	181021	7833	1697
20200208	广西	77	339865	4346	399	137
20200208	新疆	51	32684	1872	259	5
20200208	江苏	428	48958842	2156742	51777	44434
20200208	江西	125	419487	7029	858	227
20200208	河北	326	1962942	31153	2053	259
20200208	河南	718	40894920	1348094	53415	6441
20200208	浙江	126	5541842	349764	8329	612
20200208	海南	15	36573	693	93	4
20200208	湖北	880	29971523	905031	46994	2294
20200208	湖南	151	1181053	25238	2201	231
20200208	甘肃	97	715776	18122	1282	65
20200208	福建	100	1419275	26345	850	179
20200208	西哈努克市	1	640	8	0	0
20200208	西藏	1	114	5	0	0
20200208	贵州	174	899040	25278	2040	79
20200208	辽宁	557	4046340	140090	5570	1379
20200208	重庆	98	2148358	35618	973	243
20200208	陕西	383	1040548	47863	4528	143
20200208	青海	9	8033	233	14	5
20200208	黑龙江	90	63097	3471	348	53
20200209		6	882227	11319	336	65
20200209	Aichi-ken	1	76	1	0	0
20200209	Central Singapore Community Development Council	1	808	42	1	0
20200209	Kanagawa	1	12	1	0	0
20200209	National Capital Region	2	2002	91	10	0
20200209	Phnom Penh	1	448	10	0	0
20200209	Sabah	1	4409	697	87	1
20200209	Selangor	2	705	16	4	0
20200209	Thành Phố Hải Phòng	2	8	1	0	0
20200209	West	1	11090	1880	29	1
20200209	万丹省	3	561	69	2	4
20200209	上海	95	2682516	36842	1713	575
20200209	中央吕宋	1	12	2	0	0
20200209	云南	110	172236	12863	991	44
20200209	京畿道	1	7	1	0	0
20200209	内蒙古	90	130111	4481	413	38
20200209	北京	168	11951152	382015	8321	1886
20200209	北海道	1	544	5	0	0
20200209	卡纳塔克邦	1	5	1	0	0
20200209	台湾	1	5	0	0	0
20200209	吉林	128	4398158	39710	4079	3972
20200209	四川	500	2205735	81878	6788	1530
20200209	天津	56	37839	2308	373	11
20200209	宁夏	48	163692	3640	218	73
20200209	安大略	1	8	0	0	0
20200209	安徽	574	2806546	116736	7128	744
20200209	山东	600	1826787	51136	4461	986
20200209	山西	292	718736	23866	5015	170
20200209	广东	358	1891739	44837	3614	510
20200209	广西	104	215742	4956	374	96
20200209	新疆	89	145272	7573	803	99
20200209	江苏	601	5133167	160600	15163	1541
20200209	江西	274	1999324	108113	2871	701
20200209	河北	434	1820923	35564	3438	1030
20200209	河南	1040	5460686	316814	20549	2113
20200209	浙江	240	7696258	218704	9177	17308
20200209	海南	43	75072	5150	458	16
20200209	湖北	1250	22713003	421442	27924	4402
20200209	湖南	252	742111	31736	2193	157
20200209	甘肃	122	148307	8369	926	33
20200209	福建	199	11125706	470306	17186	59572
20200209	艾伯塔	1	129	35	5	2
20200209	英格兰	3	17014290	639167	12981	3510
20200209	莫斯科州	1	4	0	0	0
20200209	西藏	5	3880	197	28	0
20200209	贵州	281	5895387	102638	4870	1140
20200209	辽宁	867	17934644	954152	68311	14249
20200209	重庆	168	308226	20801	2360	83
20200209	陕西	562	2323226	92741	9251	588
20200209	青海	16	123922	13476	344	35
20200209	香港	5	2109	95	15	0
20200209	黑龙江	177	280701	12975	777	75
20200210		6	43	7	0	0
20200210	Aichi-ken	1	126	1	0	0
20200210	Auckland	1	55218	1079	49	5
20200210	Catalunya	1	1584	96	23	1
20200210	Kampala District	1	104	2	0	0
20200210	Kuala Lumpur	1	3	0	0	0
20200210	Massachusetts	1	169	14	4	0
20200210	Phnom Penh	2	8	1	0	0
20200210	State of New South Wales	1	2	0	0	0
20200210	Yangon Region	1	609	32	1	0
20200210	上海	74	225207	24620	827	89
20200210	中央吕宋	1	4	1	0	0
20200210	云南	85	1164642	59005	3814	2657
20200210	兵库县	1	1785	137	21	0
20200210	内蒙古	49	18114	1731	266	17
20200210	北京	139	39852392	2782307	56201	18134
20200210	吉林	63	2868116	17354	2305	1567
20200210	四川	284	540518	29950	3737	157
20200210	坎帕尼亚	1	3409	286	10	2
20200210	天津	31	33175	2034	402	11
20200210	宁夏	26	1542389	53961	926	593
20200210	安徽	332	1498035	55095	4551	797
20200210	山东	385	2033513	27506	2588	322
20200210	山西	175	476359	22185	3463	139
20200210	广东	288	6522355	458439	22341	2242
20200210	广西	69	1583569	69343	3391	285
20200210	康提	1	73	2	0	1
20200210	新疆	55	143042	4307	373	67
20200210	江苏	420	3534776	102559	8397	797
20200210	江西	141	156208	6460	937	55
20200210	河北	283	1239951	53857	4558	688
20200210	河南	611	3382566	114609	7328	868
20200210	浙江	142	873905	49505	2987	329
20200210	海南	28	65278	3194	257	28
20200210	湖北	755	41254727	1799329	55314	5522
20200210	湖南	153	2349694	123162	2419	565
20200210	甘肃	77	381037	42718	2441	199
20200210	福建	81	216007	9779	618	66
20200210	英格兰	1	4	1	0	0
20200210	西藏	3	41563	373	66	3
20200210	贵州	159	535249	25759	2870	208
20200210	辽宁	737	6634542	297155	17230	3187
20200210	重庆	119	159174	10031	1038	33
20200210	陕西	338	952008	51402	5196	302
20200210	青海	6	136316	4608	239	165
20200210	香港	1	1028	43	4	13
20200210	黑龙江	100	745089	24145	850	114
20200211		11	1928335	30803	604	83
20200211	Bangkok	1	0	0	0	0
20200211	Changwat Tak	1	14121	1567	33	36
20200211	Chelyabinskaya Oblast’	1	144	14	2	0
20200211	Emilia-Romagna	1	3	1	0	0
20200211	Nordrhein-Westfalen	1	5	1	0	0
20200211	Provinsi Sulawesi Selatan	1	7	1	0	0
20200211	上海	53	63124	3475	483	45
20200211	云南	57	95025	7782	694	46
20200211	内蒙古	32	164849	5414	207	110
20200211	北京	93	4122200	81907	5529	1727
20200211	吉林	51	480160	6393	864	75
20200211	四川	216	571723	30803	3491	157
20200211	天津	34	35532	2322	402	2
20200211	宁夏	19	282938	925	64	33
20200211	安徽	246	22588117	944339	34460	6880
20200211	山东	254	6302522	328396	10031	1118
20200211	山西	140	8609084	535476	19412	1329
20200211	广东	225	343268	10203	1804	217
20200211	广西	69	1290377	35509	1665	356
20200211	新疆	38	75720	4540	385	36
20200211	江苏	304	2257868	164772	8814	642
20200211	江西	75	61193	4158	511	21
20200211	河北	234	548718	32626	1737	583
20200211	河南	420	1082193	50294	4491	303
20200211	浙江	94	603067	69719	1647	132
20200211	海南	15	22898	1140	124	6
20200211	湖北	598	16206082	568549	21062	2393
20200211	湖南	151	1112013	44356	1735	265
20200211	甘肃	50	158955	5299	584	127
20200211	福建	72	3254871	38537	984	1978
20200211	西加里曼丹省	1	3	1	0	0
20200211	西藏	2	8	3	1	0
20200211	贵州	132	1236833	37170	2400	225
20200211	辽宁	240	7279776	384026	13042	1734
20200211	重庆	83	328139	16925	1632	404
20200211	陕西	203	368543	19643	2442	73
20200211	青海	2	818	32	1	1
20200211	香港	2	21808	2001	131	5
20200211	黑龙江	79	28349	772	103	14
20200212		9	479347	19143	976	215
20200212	Chiba-ken	1	4	1	0	0
20200212	Colombo District	1	388	3	1	0
20200212	Comunitat Valenciana	2	1954	390	46	2
20200212	Jeju-do	1	2	0	0	0
20200212	Phnom Penh	1	315	46	5	0
20200212	State of Victoria	1	6	1	1	0
20200212	Svay Rieng	1	879	10	1	0
20200212	Vientiane Prefecture	1	340	10	9	0
20200212	Ādīs Ābeba Āstedader	1	690835	29061	894	198
20200212	上海	66	172574	9519	813	24
20200212	不列颠哥伦比亚	1	4527	130	16	13
20200212	云南	149	2620479	161030	4004	364
20200212	内蒙古	33	110640	7372	522	43
20200212	北京	101	234831799	16023997	856257	90337
20200212	吉林	73	71192	2201	208	68
20200212	四川	614	20449716	238730	26532	19359
20200212	天津	25	28324	2483	245	23
20200212	宁夏	31	59428	3889	249	32
20200212	安徽	267	5238419	246065	11306	961
20200212	山东	256	14600412	740102	23377	2255
20200212	山西	129	2486834	31862	1903	509
20200212	广东	432	6479150	167535	8115	19170
20200212	广西	240	1547791	25285	2467	668
20200212	新疆	39	168768	4883	320	47
20200212	江苏	292	1904802	57075	4937	636
20200212	江西	220	2685159	44577	2167	818
20200212	河北	225	3492164	184214	9937	737
20200212	河南	454	8999002	234252	13803	1631
20200212	浙江	181	2540715	134969	4856	1301
20200212	海南	31	189372	4750	400	1469
20200212	湖北	1359	28804561	890874	58664	15762
20200212	湖南	460	2114498	107894	7309	1460
20200212	甘肃	80	339955	19988	1965	302
20200212	福建	163	2792736	226543	9310	1340
20200212	第比利斯	1	19	1	0	0
20200212	西哈努克市	1	1471	64	2	0
20200212	西藏	4	235426	28104	897	74
20200212	贵州	389	2915835	64459	5417	630
20200212	辽宁	230	55273089	3203223	237121	30442
20200212	重庆	354	5905934	185670	9591	10522
20200212	陕西	199	910600	72406	2823	470
20200212	青海	5	8603	607	69	0
20200212	香港	1	5	0	0	0
20200212	黑龙江	83	67391	4695	235	94
20200213		11	2478676	138600	2078	205
20200213	Bangkok	1	6	0	0	0
20200213	Bourgogne-Franche-Comté	1	92642	4909	49	120
20200213	Calabarzon	1	50	1	0	0
20200213	National Capital Region	1	251	14	1	0
20200213	Santa Fe Province	1	1414	60	4	0
20200213	Yangon Region	1	7	0	0	0
20200213	上海	67	879671	25767	1342	105
20200213	云南	461	1225892	42362	2722	613
20200213	内蒙古	56	422508	21072	540	71
20200213	加利福尼亚州	1	1255	53	2	7
20200213	北京	71	25989508	1244403	33744	4802
20200213	台湾	1	12	2	0	0
20200213	吉林	52	265102	2686	199	55
20200213	四川	1118	8062719	198272	13338	4086
20200213	天津	28	207297	4690	352	55
20200213	宁夏	80	488013	34911	1766	1016
20200213	安大略	2	939	10	11	0
20200213	安徽	404	2701845	93232	4936	1386
20200213	山东	225	3186546	231275	11769	1377
20200213	山西	137	853896	15144	1989	287
20200213	广东	616	5389293	116707	5459	3265
20200213	广西	263	1744570	18569	2177	656
20200213	拉贾斯坦邦	1	4	1	0	0
20200213	拉齐奥	1	549	32	11	0
20200213	新疆	51	857565	42525	2519	369
20200213	江苏	327	32254163	406067	15746	7644
20200213	江西	425	33027017	2012728	62620	6135
20200213	河北	180	11336320	526663	17993	7891
20200213	河南	434	5590155	142375	4913	1310
20200213	浙江	230	1527833	54833	3011	6763
20200213	海南	40	119763	2138	239	56
20200213	湖北	1045	15715810	472238	24139	3778
20200213	湖南	575	5171528	81442	6569	4309
20200213	甘肃	123	1112648	26619	2545	408
20200213	福建	280	5050128	136987	7346	4218
20200213	西藏	1	10	0	0	0
20200213	贵州	808	3525188	59650	6596	2146
20200213	辽宁	226	12139971	454565	21100	3258
20200213	重庆	474	4180933	52288	5594	3466
20200213	陕西	217	508565	15513	1914	151
20200213	青海	11	20489	424	49	8
20200213	黑龙江	98	148852	3931	419	29
20200214		6	209587	2860	143	19
20200214	Auckland	1	8	0	0	0
20200214	Bangkok	1	11	2	0	0
20200214	Changwat Prachin Buri	1	2	0	0	0
20200214	Greater Accra Region	1	1356	6	0	0
20200214	Khouèng Oudômxai	1	434	123	19	0
20200214	Provincia de Buenos Aires	1	49	9	5	0
20200214	State of New South Wales	1	22	0	0	0
20200214	Île-de-France	1	3	1	0	0
20200214	上海	47	952998	13452	738	374
20200214	云南	169	8257072	520130	26203	987
20200214	信德省	1	4	0	0	0
20200214	内蒙古	47	843974	9472	845	385
20200214	北京	57	20767008	1565722	42851	24635
20200214	吉林	45	69793	1596	80	10
20200214	四川	502	2024819	47154	3834	628
20200214	天津	21	17935	2228	88	8
20200214	宁夏	44	143295	10245	583	42
20200214	安徽	242	2215745	40740	5076	1174
20200214	山东	184	1303159	28819	1545	432
20200214	山西	87	783664	54519	3034	177
20200214	广东	283	1193956	19451	1476	496
20200214	广西	144	1549963	49391	2774	304
20200214	新疆	34	1850146	157919	7948	2113
20200214	江苏	196	12225072	423503	9873	844
20200214	江西	217	55577016	1509816	137718	10844
20200214	河北	156	932697	30789	1950	149
20200214	河南	357	1759159	27747	2551	1761
20200214	浙江	91	277633	15548	681	130
20200214	海南	32	279706	2435	297	137
20200214	湖北	686	12666186	560316	39567	1800
20200214	湖南	258	4297314	274628	12783	2199
20200214	甘肃	61	196808	7933	761	64
20200214	福建	243	1185807	11749	1022	620
20200214	西藏	3	76700	950	85	13
20200214	贵州	421	1230317	31911	2615	354
20200214	辽宁	211	5631872	327843	18719	3987
20200214	重庆	223	2464220	105108	2625	554
20200214	陕西	173	1169345	13363	1075	139
20200214	青海	8	2264	41	3	0
20200214	香港	2	5	0	0	0
20200214	黑龙江	61	83955	4509	219	55
20200215		4	2142	45	1	0
20200215	上海	70	2854100	65955	2871	1174
20200215	云南	78	285505	3445	300	48
20200215	内蒙古	31	73288	724	136	20
20200215	北京	46	40169186	461320	21974	5611
20200215	吉林	60	816288	48834	1741	466
20200215	四川	263	6583656	356374	13288	1534
20200215	天津	18	1019807	34275	1260	300
20200215	宁夏	26	8667	249	36	5
20200215	安徽	165	1098353	65350	8369	355
20200215	山东	171	6677920	261358	20228	846
20200215	山西	65	299977	15634	1078	82
20200215	广东	213	623535	34757	1582	491
20200215	广西	82	1245569	35654	1621	526
20200215	德克萨斯州	1	4	0	0	0
20200215	新疆	29	1425040	166691	18215	721
20200215	江苏	191	8159514	636056	19569	17456
20200215	江西	217	7470665	135318	6161	4084
20200215	河北	119	2619079	44940	3518	667
20200215	河南	318	17170060	690596	21954	3397
20200215	浙江	98	11111985	229528	6485	3777
20200215	海南	27	94410	2701	224	42
20200215	湖北	605	109742064	5390750	151544	23235
20200215	湖南	200	1284739	37883	2076	556
20200215	澳门	2	56	2	2	0
20200215	甘肃	37	108211	6704	507	77
20200215	福建	97	1073396	37810	1236	611
20200215	西藏	1	1490	14	2	0
20200215	贵州	209	329738	8818	1066	47
20200215	辽宁	202	3372364	187800	16803	1271
20200215	重庆	107	1385661	83931	2849	251
20200215	陕西	139	382288	14273	1435	111
20200215	青海	8	16594	286	48	8
20200215	黑龙江	47	70767	1944	224	15
20200216		3	62030	1088	30	7
20200216	Bangkok	1	1	0	0	0
20200216	Dubai	1	5	0	0	0
20200216	Provincie Noord-Holland	1	1	0	0	0
20200216	Tokyo Prefecture	1	128	4	0	1
20200216	Varsinais-Suomi	1	3	0	0	0
20200216	上海	36	241427	4609	349	169
20200216	云南	80	197201	7965	722	33
20200216	京畿道	1	508	1	0	0
20200216	内蒙古	31	409420	2540	174	116
20200216	北京	89	28057117	1310178	30840	6591
20200216	吉林	64	432990	19387	1015	293
20200216	四川	204	9861789	251437	7026	2370
20200216	天津	18	9433973	416304	4720	2983
20200216	宁夏	29	142996	4608	192	25
20200216	安徽	159	6685317	105875	4447	5108
20200216	山东	169	72232849	793679	36162	17134
20200216	山西	68	38606126	1614452	75061	34491
20200216	广东	230	8312400	86078	3717	3412
20200216	广西	73	570287	6751	548	300
20200216	新疆	34	108567	1649	442	83
20200216	江苏	225	7985005	114090	6634	3968
20200216	江西	220	29177061	519873	12217	5779
20200216	河北	154	54475455	558329	16281	6467
20200216	河南	276	14033308	221286	9754	3269
20200216	浙江	115	2424658	168236	2920	681
20200216	海南	24	27597	673	57	5
20200216	湖北	431	16321140	360853	23178	12274
20200216	湖南	159	39569434	1052942	48745	3283
20200216	甘肃	64	238259	10639	775	161
20200216	福建	119	4169172	55559	1920	703
20200216	第比利斯	1	155	2	0	0
20200216	贵州	122	1774214	31890	1612	714
20200216	辽宁	173	3218259	179723	6103	1393
20200216	达卡	1	72	13	0	0
20200216	重庆	99	1397152	16298	974	291
20200216	陕西	137	1021756	83598	2343	169
20200216	青海	5	2645	111	6	2
20200216	首尔特别市	1	40	3	0	0
20200216	黑龙江	73	173172	4566	531	195
20200217		2	111	15	1	0
20200217	National Capital Region	1	45	4	4	0
20200217	State of Victoria	1	9	1	0	0
20200217	上海	28	42227	1467	427	24
20200217	云南	51	116666	4375	252	30
20200217	俄亥俄州	1	1	0	0	0
20200217	内蒙古	26	13335	1538	34	1
20200217	北京	60	3640167	66165	1379	518
20200217	吉林	29	179400	2891	327	60
20200217	四川	120	568450	25508	1293	258
20200217	天津	13	55377	3700	233	16
20200217	宁夏	25	23364	533	93	18
20200217	安大略	1	409	36	2	0
20200217	安徽	114	950739	24963	2198	299
20200217	山东	139	3971761	42966	1571	316
20200217	山西	59	262641	6965	1057	148
20200217	广东	168	721263	24069	1030	297
20200217	广西	61	178805	1651	238	48
20200217	新疆	25	62737	16211	954	25
20200217	江苏	155	1837007	39546	3361	1384
20200217	江西	122	1894760	15148	909	362
20200217	河北	87	322670	13211	589	144
20200217	河南	180	6948063	543049	11803	2484
20200217	浙江	61	245385	15160	741	61
20200217	海南	8	4280	203	29	0
20200217	湖北	384	6350496	223288	10092	870
20200217	湖南	97	479041	10327	840	161
20200217	甘肃	23	605829	21185	846	99
20200217	福建	53	315301	9614	532	119
20200217	贵州	72	1679756	68084	2390	137
20200217	辽宁	130	4117327	214690	7765	1366
20200217	重庆	57	243873	4017	310	23
20200217	陕西	95	766052	45411	2062	232
20200217	青海	7	19380	149	61	5
20200217	黑龙江	63	3998056	124892	7736	5497
20200218		6	41297	1156	52	7
20200218	Incheon	1	1	0	0	0
20200218	Kampala District	1	8510	119	32	0
20200218	Kuala Lumpur	1	0	0	0	0
20200218	上海	31	598420	27869	691	152
20200218	云南	38	540603	4664	311	51
20200218	内蒙古	19	100230	1489	155	129
20200218	北京	59	5466204	81230	1832	755
20200218	吉林	39	1956749	45406	13088	1082
20200218	四川	125	1558633	41225	2219	178
20200218	天津	12	10403	1742	166	10
20200218	宁夏	17	17008	252	56	4
20200218	安大略	2	440	13	0	0
20200218	安徽	83	702880	19687	1401	298
20200218	山东	101	1296263	23531	1014	112
20200218	山西	48	979327	13372	570	95
20200218	广东	132	4674597	191318	5449	761
20200218	广西	36	109783	1493	192	7
20200218	新疆	16	58735	627	60	18
20200218	江苏	111	1096268	31918	1262	260
20200218	江西	71	285135	7978	447	73
20200218	河北	101	155157	4426	342	48
20200218	河南	198	3903717	74675	10015	724
20200218	浙江	40	141663	6842	442	19
20200218	海南	8	2122	39	1	0
20200218	湖北	296	11662924	187730	7258	2569
20200218	湖南	84	276345	8540	820	127
20200218	甘肃	21	34477	3413	170	10
20200218	福建	42	130460	3630	158	53
20200218	西藏	9	263730	5352	1095	351
20200218	贵州	58	1026726	52892	1527	444
20200218	辽宁	135	3422989	156295	4449	527
20200218	重庆	47	219144	4370	396	225
20200218	陕西	68	107550	4826	813	37
20200218	青海	1	15	1	0	0
20200218	黑龙江	61	182223	3228	517	125
20200219		4	32782	534	8	6
20200219	Selangor	1	35	5	2	0
20200219	Xiangkhoang	1	48	11	0	0
20200219	上海	68	311368	8857	949	278
20200219	云南	44	63520	2859	146	8
20200219	内蒙古	20	83453	1321	129	29
20200219	北京	44	1993421	74687	2405	164
20200219	吉林	29	7310852	219443	2153	243
20200219	四川	97	4128931	79326	2313	514
20200219	天津	9	26584	1417	116	20
20200219	宁夏	16	205790	10964	323	36
20200219	安大略	1	287	42	0	0
20200219	安徽	150	1410742	18515	1665	297
20200219	山东	109	370573	7603	843	151
20200219	山西	56	293861	8809	645	133
20200219	广东	141	3354746	193786	6216	1546
20200219	广西	44	89340	2707	305	25
20200219	新疆	33	588793	5376	809	281
20200219	江苏	147	552317	54289	1666	239
20200219	江西	69	793795	12836	1018	152
20200219	河北	74	963023	9678	749	85
20200219	河南	187	1029879	20894	1229	126
20200219	浙江	44	480062	27113	628	403
20200219	海南	9	9313	111	12	1
20200219	湖北	314	26042834	914346	41439	36202
20200219	湖南	84	8666257	683427	10498	1774
20200219	甘肃	28	113990	2691	394	24
20200219	福建	42	675995	4243	279	408
20200219	西藏	3	20253	271	247	4
20200219	贵州	50	227633	9205	717	66
20200219	辽宁	100	3607536	112733	8051	596
20200219	重庆	56	335189	24823	588	72
20200219	陕西	76	757219	7957	955	548
20200219	青海	1	0	0	0	0
20200219	黑龙江	54	176476	1777	204	190
20200220		4	54462	787	12	11
20200220	Phnom Penh	2	15	3	1	0
20200220	Tỉnh Bắc Giang	1	965	21	1	0
20200220	上海	23	123529	5370	397	60
20200220	云南	26	81092	1227	170	6
20200220	内蒙古	19	544875	42162	4932	271
20200220	北京	39	45524554	1710438	43736	14738
20200220	吉林	27	21589	838	25	5
20200220	四川	82	12188223	180241	8922	2907
20200220	天津	11	9094	114	7	0
20200220	宁夏	23	105223	1694	225	17
20200220	安徽	102	594473	10765	1143	295
20200220	山东	84	4098547	355102	11482	1232
20200220	山西	44	160541	2142	227	14
20200220	广东	94	317357	12101	681	79
20200220	广西	34	41736	442	101	5
20200220	新疆	36	269636	5153	486	84
20200220	江苏	83	6995890	223608	6561	4439
20200220	江西	44	1594564	174170	3085	227
20200220	河北	64	699370	10876	468	78
20200220	河南	129	650437	27264	1838	146
20200220	浙江	47	1194406	179925	4222	209
20200220	海南	4	630	7	0	0
20200220	湖北	291	14803568	759549	47261	3509
20200220	湖南	69	814062	66566	1101	132
20200220	甘肃	22	20188	692	106	6
20200220	福建	29	24272	886	66	23
20200220	西藏	1	31142	163	52	7
20200220	贵州	71	130409	2888	210	20
20200220	辽宁	74	11708670	285959	6285	1830
20200220	重庆	28	32597	1827	478	63
20200220	陕西	65	117849	3965	450	37
20200220	香港	3	71	1	0	0
20200220	黑龙江	71	33131	903	140	8
20200221		4	39966	1849	43	22
20200221	Tel Aviv District	1	1	0	0	0
20200221	上海	19	186794	1892	104	8
20200221	云南	23	25297	1366	328	5
20200221	内蒙古	21	41704	3187	318	15
20200221	北京	69	33296673	1274978	44438	3557
20200221	吉林	32	19288	664	49	29
20200221	四川	83	456578	19588	1518	169
20200221	天津	9	195745	7298	183	37
20200221	宁夏	47	752370	18434	1257	194
20200221	安徽	74	2383314	22731	1074	106
20200221	山东	104	907738	9088	433	84
20200221	山西	39	77674	2176	384	13
20200221	巴厘岛	1	189	18	1	0
20200221	广东	99	643373	10251	751	294
20200221	广西	30	91434	1337	197	35
20200221	新疆	14	168501	825	58	19
20200221	江苏	93	379371	13798	791	69
20200221	江西	56	31259	890	79	20
20200221	河北	60	1095067	13811	1074	306
20200221	河南	307	3199662	145461	4477	1178
20200221	浙江	34	107695	3356	236	17
20200221	海南	5	2167	19	0	0
20200221	湖北	243	20289109	1073647	53886	7088
20200221	湖南	46	927018	20100	699	126
20200221	甘肃	25	165305	5314	297	253
20200221	福建	31	448770	14849	559	49
20200221	西藏	1	58	4	0	0
20200221	贵州	35	21257749	685394	52018	1825
20200221	辽宁	79	8337738	741618	16419	1637
20200221	重庆	30	148397	7045	309	17
20200221	陕西	54	353150	5259	656	209
20200221	青海	2	636	24	7	2
20200221	黑龙江	49	40138	1350	169	38
20200222		4	3882	73	7	1
20200222	Khouèng Phôngsali	1	374	53	5	0
20200222	Muchinga Province	1	35	7	0	0
20200222	North East	1	298	16	1	0
20200222	上海	30	212539	3274	241	52
20200222	云南	37	574981	61799	1239	1643
20200222	光州广域市	1	1440	21	0	3
20200222	内蒙古	27	458704	11935	230	51
20200222	北京	60	331595631	18212598	1117165	107070
20200222	台湾	2	676	147	20	0
20200222	吉林	33	208298	14331	151	20
20200222	四川	98	387607	11996	1312	242
20200222	天津	13	5829	136	16	8
20200222	宁夏	14	19460	208	17	5
20200222	安徽	97	721583	25446	2658	662
20200222	山东	155	9892621	147988	4270	2356
20200222	山西	71	1459985	19448	1816	644
20200222	广东	152	1548524	36428	1223	233
20200222	广西	47	46811	3064	133	112
20200222	新疆	17	51024	858	53	17
20200222	江苏	108	1455244	100839	2941	295
20200222	江西	45	74748	3567	266	30
20200222	河北	113	1625415	22695	1170	280
20200222	河南	229	910204	25260	1977	246
20200222	浙江	56	104525	4155	241	60
20200222	海南	8	1301	30	2	2
20200222	湖北	278	37232841	1742916	74325	5635
20200222	湖南	67	850839	27653	766	88
20200222	甘肃	20	10360	332	31	7
20200222	福建	40	843631	29859	1030	177
20200222	西藏	3	156	9	4	0
20200222	贵州	54	787266	24991	918	60
20200222	辽宁	87	4176222	257252	7469	2273
20200222	重庆	32	82256	2446	328	32
20200222	陕西	75	312482	9076	992	51
20200222	青海	2	33	0	0	0
20200222	黑龙江	45	116117	734	69	17
20200223		3	477375	7591	71	149
20200223	Emilia-Romagna	3	793	16	1	0
20200223	上海	25	277804	3964	285	469
20200223	云南	40	7935408	407789	16778	1391
20200223	内蒙古	18	8696	226	31	5
20200223	利古里亞	1	594	1	1	0
20200223	北京	51	2196260	60963	2130	287
20200223	吉林	22	61081	1445	42	16
20200223	四川	72	5590356	201835	3451	281
20200223	天津	7	5597	444	12	5
20200223	威尼托	1	206	2	0	0
20200223	宁夏	8	58220	7145	393	63
20200223	安徽	78	293574	8142	628	81
20200223	山东	106	6677196	223123	3629	426
20200223	山西	72	149819	2664	373	57
20200223	广东	89	128074	3657	333	79
20200223	广西	33	184626	5268	260	37
20200223	托斯卡纳	1	6	0	0	0
20200223	新疆	17	37639	1216	83	21
20200223	江苏	88	1010069	103795	3432	191
20200223	江西	53	61280	1275	233	30
20200223	河北	80	322120	6559	259	57
20200223	河南	225	339284	12805	1037	87
20200223	浙江	52	296357	16207	426	28
20200223	海南	8	10793015	516885	64503	109
20200223	湖北	275	11436889	623016	67310	963
20200223	湖南	58	930558	33149	2355	258
20200223	甘肃	23	54749	2610	105	5
20200223	福建	33	50892	4527	151	21
20200223	西藏	2	2304	17	1	1
20200223	西西里岛	2	6166	207	57	3
20200223	贵州	45	590096	49235	3671	132
20200223	辽宁	69	78243	3478	309	45
20200223	重庆	43	249961	4629	1008	816
20200223	陕西	79	459222	27576	1591	88
20200223	青海	3	11054	124	16	11
20200223	黑龙江	37	14305	312	41	11
20200224		1	0	0	0	0
20200224	Kanton Luzern	1	809	32	15	0
20200224	Lombardia	2	561	25	11	0
20200224	上海	14	29739	2911	32	2
20200224	不列颠哥伦比亚	1	203	3	1	0
20200224	云南	23	21540	1057	63	12
20200224	内蒙古	9	42904	3392	144	15
20200224	北京	29	2503733	95649	2657	2155
20200224	吉林	19	57044	1090	53	10
20200224	四川	52	121538	4831	328	11
20200224	坎帕尼亚	1	290	11	3	0
20200224	天津	2	82	2	0	2
20200224	威尼托	1	497	3	0	0
20200224	宁夏	13	6596	96	19	1
20200224	安徽	39	316753	13133	520	133
20200224	山东	62	174767	4669	378	47
20200224	山西	34	587498	75883	2343	97
20200224	广东	73	218082	8618	325	39
20200224	广西	28	40427	3743	82	9
20200224	托斯卡纳	3	5775	46	8	4
20200224	拉齐奥	1	9	0	0	0
20200224	新疆	36	18895	647	47	31
20200224	江苏	73	1609841	81626	3164	303
20200224	江西	22	15148	402	45	6
20200224	河北	42	3201645	91728	1432	207
20200224	河南	112	415024	22338	1123	87
20200224	浙江	32	4745000	394058	15069	546
20200224	海南	5	2205	142	5	5
20200224	湖北	192	3787621	192065	7746	355
20200224	湖南	34	190172	2435	180	47
20200224	甘肃	9	22197	135	8	11
20200224	福建	38	277535	15785	341	26
20200224	英格兰	1	654877	26098	1917	42
20200224	西爪哇省	1	386	12	2	1
20200224	西藏	2	3917	597	152	0
20200224	贵州	24	64694	4275	339	11
20200224	辽宁	52	799990	63198	1586	240
20200224	重庆	28	512063	3556	577	149
20200224	陕西	56	278426	7740	887	68
20200224	青海	4	365	16	1	0
20200224	首尔特别市	1	816	2	10	0
20200224	香港	2	14	0	0	0
20200224	黑龙江	30	45624	1718	259	3
20200225		4	332898	17548	1067	95
20200225	Emilia-Romagna	1	202	1	0	0
20200225	Friuli Venezia Giulia	1	1726	25	11	1
20200225	Lombardia	2	24	2	0	0
20200225	Trentino-Alto Adige	1	9	0	0	0
20200225	上海	15	884315	23668	1067	70
20200225	云南	17	23433	1346	50	3
20200225	内蒙古	7	47820	2590	120	16
20200225	北京	42	10318666	640852	10353	1003
20200225	台湾	1	36	3	0	0
20200225	吉林	13	11032	316	13	0
20200225	四川	51	5917655	161704	7480	456
20200225	坎帕尼亚	2	10	0	0	0
20200225	天津	5	3895	31	3	2
20200225	威尼托	1	570	4	5	0
20200225	宁夏	3	6	1	1	0
20200225	安徽	40	177650	5457	367	30
20200225	山东	66	13063917	393020	13106	1239
20200225	山西	18	91091	2686	175	38
20200225	广东	62	7790973	167679	5913	16817
20200225	广西	26	167804	7846	375	30
20200225	托斯卡纳	1	41746	194	51	36
20200225	新疆	6	9035	499	19	5
20200225	江苏	54	875682	20672	1128	184
20200225	江西	23	2949802	30976	966	141
20200225	河北	48	135625	2023	227	45
20200225	河南	95	446858	10542	598	117
20200225	浙江	36	6939120	149612	11480	364
20200225	海南	3	517818	37834	2799	359
20200225	湖北	188	3822204	245817	12683	446
20200225	湖南	38	85787	2121	267	19
20200225	甘肃	11	31832	867	185	3
20200225	福建	31	188143	29338	594	17
20200225	西西里岛	1	519839	8946	1575	108
20200225	贵州	12	60086	1686	172	64
20200225	辽宁	57	1000524	41360	596	55
20200225	重庆	38	989333	16262	1250	1512
20200225	陕西	31	356399	21920	724	36
20200225	青海	2	6	0	0	0
20200225	黑龙江	42	28229	1773	80	13
20200226		1	42368	1241	38	10
20200226	Andalucía	1	7	1	0	0
20200226	Catalunya	2	11	1	0	0
20200226	Comunidad de Madrid	2	855	260	104	0
20200226	Emilia-Romagna	2	40419	81	13	19
20200226	Friuli Venezia Giulia	1	40	0	0	0
20200226	Lombardia	2	18	0	0	0
20200226	上海	24	459213	15754	664	58
20200226	云南	13	67689	2386	98	9
20200226	内蒙古	6	49464	10002	369	21
20200226	北京	33	2508548	68617	1527	364
20200226	吉林	14	13656	233	20	2
20200226	四川	46	430591	4958	379	42
20200226	坎塔布里亚	1	8	1	0	0
20200226	坎帕尼亚	1	1707277	82721	6541	48
20200226	天津	3	157	10	0	0
20200226	威尼托	1	2011	260	26	1
20200226	宁夏	6	35309	4733	90	12
20200226	安徽	40	450258	10852	589	47
20200226	山东	81	1183124	14658	748	153
20200226	山西	28	56690	1543	94	24
20200226	广东	73	963827	22314	1504	199
20200226	广西	21	33683	495	54	4
20200226	托斯卡纳	4	9	0	0	0
20200226	拉齐奥	4	2616	58	6	0
20200226	新疆	4	1754	124	28	1
20200226	普利亚	1	6	1	0	0
20200226	江苏	58	711617	28709	1420	198
20200226	江西	35	131509	8912	468	26
20200226	河北	57	671106	32203	890	73
20200226	河南	131	1167003	86361	6256	305
20200226	浙江	40	424370	24020	764	96
20200226	海南	5	60793	6024	828	4
20200226	湖北	184	6054451	338068	17255	1780
20200226	湖南	27	122857	5521	116	22
20200226	甘肃	11	26378	1081	21	2
20200226	皮埃蒙特	1	555	8	8	0
20200226	福建	37	50622	1920	55	9
20200226	科佩尔	1	11	2	0	0
20200226	西哈努克市	1	264	3	0	0
20200226	西西里岛	2	380747	17944	2143	174
20200226	贵州	21	185319	2743	330	17
20200226	辽宁	52	1029247	43966	818	109
20200226	重庆	33	70880	1647	173	14
20200226	陕西	28	256213	22293	1319	233
20200226	青海	2	5831	208	8	10
20200226	黑龙江	29	3159	109	12	4
20200227		1	2	0	0	0
20200227	Bratislava	1	3	1	0	0
20200227	Canton de Vaud	1	1749507	76191	8642	109
20200227	Lombardia	8	15500	168	45	54
20200227	上海	17	126603	859	34	14
20200227	云南	9	24061	342	42	11
20200227	内蒙古	13	44674	5623	111	71
20200227	利古里亞	1	288	6	3	0
20200227	北京	44	2277468	74328	2439	400
20200227	吉林	17	109588	1057	71	26
20200227	四川	37	38317	1909	155	12
20200227	坎帕尼亚	2	53693	303	62	12
20200227	天津	5	4158	68	9	0
20200227	威尼托	1	12	1	0	0
20200227	宁夏	2	585	17	4	0
20200227	安徽	51	258464	9649	493	69
20200227	山东	70	1016911	30818	1096	300
20200227	山西	30	221637	2648	539	48
20200227	广东	65	1987823	52781	2155	115
20200227	广西	23	104594	6032	261	107
20200227	托斯卡纳	2	13	1	0	0
20200227	拉齐奥	2	144	2	4	0
20200227	新疆	10	10292	304	17	20
20200227	普利亚	2	56640	346	91	25
20200227	江苏	52	450341	7130	483	95
20200227	江西	22	84204	2497	89	11
20200227	河北	71	1223709	9961	568	125
20200227	河南	103	10495735	609586	20431	3063
20200227	浙江	38	98799	7843	273	9
20200227	海南	2	52697	6418	106	1
20200227	湖北	198	2733005	85376	5602	700
20200227	湖南	56	1565797	78868	2282	983
20200227	甘肃	16	35789	1755	347	4
20200227	福建	16	10608	1149	73	7
20200227	西西里岛	3	119086	2410	318	55
20200227	贵州	20	77219	2570	820	7
20200227	辽宁	55	505908	15990	784	161
20200227	重庆	32	524490	7909	386	264
20200227	陕西	32	243386	8249	781	100
20200227	青海	5	1566	48	3	0
20200227	黑龙江	22	130322	476	1294	7
20200228		2	7619382	631833	25142	669
20200228	Dubai	1	379658	10246	1910	18
20200228	Hessen	1	46	1	0	1
20200228	Jeollanam-do	1	0	0	0	0
20200228	Lombardia	4	203759	3644	1970	30
20200228	São Paulo	1	2892	9	7	0
20200228	Ōsaka-fu	1	662	29	0	0
20200228	上海	32	376931	15090	698	79
20200228	云南	12	84514	843	48	9
20200228	京畿道	2	18	0	0	0
20200228	内蒙古	11	2109332	7314	1091	386
20200228	北京	40	13630188	432836	13964	876
20200228	台湾	1	445	3	0	0
20200228	吉林	21	682927	36748	1090	135
20200228	四川	46	245861	10224	935	50
20200228	天津	8	36267	766	9	8
20200228	宁夏	2	28545	3542	153	4
20200228	安徽	56	5618894	309525	7674	483
20200228	山东	73	931836	11598	845	59
20200228	山西	25	118484	4379	134	18
20200228	广东	81	1292570	19621	1136	199
20200228	广西	18	8270	140	23	4
20200228	托斯卡纳	2	76313	620	157	32
20200228	拉齐奥	1	7660	105	109	0
20200228	新疆	14	110935	4586	248	60
20200228	江苏	60	13170782	299365	44676	1858
20200228	江西	19	93996	2781	152	21
20200228	河北	55	722855	10932	730	133
20200228	河南	105	16134461	337664	34581	538
20200228	浙江	52	526157	11769	648	54
20200228	海南	5	2668	48	10	0
20200228	湖北	178	1093125	38171	2253	198
20200228	湖南	53	243661	8107	306	91
20200228	澳门	1	1470	35	12	0
20200228	甘肃	9	2193	113	14	0
20200228	皮埃蒙特	2	24270	1007	189	2
20200228	福建	26	9829519	449791	11917	606
20200228	莱茵兰-普法尔茨	2	58307	558	160	5
20200228	贵州	16	22069	899	72	0
20200228	辽宁	57	2956261	71214	5725	379
20200228	重庆	26	140974	8599	310	9
20200228	釜山广域市	2	7	0	0	0
20200228	陕西	31	107371	1005	77	10
20200228	青海	4	68409	943	88	54
20200228	首尔特别市	2	2232	49	10	0
20200228	黑龙江	28	32380	209	16	7
20200229		3	4838	195	16	4
20200229	Auvergne-Rhône-Alpes	1	3	1	0	0
20200229	Catalunya	2	100	6	0	0
20200229	Comunidad de Madrid	1	79	1	0	0
20200229	Jeju-do	1	2607	56	6	1
20200229	Jeollanam-do	1	6	0	0	0
20200229	Lombardia	3	1186	95	24	0
20200229	Saipan Municipality	1	186	1	0	0
20200229	Île-de-France	2	298	43	6	0
20200229	上海	27	225880	28727	1891	93
20200229	云南	40	708083	14412	521	130
20200229	京畿道	1	3	0	0	0
20200229	内蒙古	10	24336	487	18	5
20200229	加利福尼亚州	1	3947	185	61	0
20200229	北京	48	17957840	747169	22527	1154
20200229	吉林	27	690484	6304	3237	84
20200229	四川	48	822333	64986	1860	129
20200229	坎帕尼亚	1	37	1	0	0
20200229	天津	16	26793	1374	38	7
20200229	威尼托	2	1143	184	14	0
20200229	宁夏	10	3075	72	0	0
20200229	安徽	41	2753449	226783	8381	615
20200229	山东	71	166489	8031	327	61
20200229	山西	31	51437	2170	243	8
20200229	广东	90	2001830	75594	12898	162
20200229	广西	26	81965	1908	83	12
20200229	托斯卡纳	2	125303	929	41	21
20200229	新疆	8	62095	1072	26	3
20200229	普利亚	1	1071	56	27	0
20200229	江苏	88	401678	15398	992	157
20200229	江西	28	2234493	31917	6567	421
20200229	河北	59	896262	11369	484	43
20200229	河南	117	3579974	57703	2877	735
20200229	浙江	41	3659085	236362	6516	644
20200229	海南	6	59601	4395	105	30
20200229	湖北	192	19534786	1352729	62291	1827
20200229	湖南	41	525524	12366	395	93
20200229	甘肃	14	31250	954	35	5
20200229	皮埃蒙特	1	525	10	0	1
20200229	福建	35	395695	20934	622	161
20200229	贵州	31	484004	5505	349	44
20200229	辽宁	51	261086	42116	1057	203
20200229	重庆	19	472464	15531	336	268
20200229	陕西	48	207511	9719	525	33
20200229	青海	1	230	9	0	0
20200229	首尔特别市	1	0	0	0	0
20200229	香港	1	129	4	0	0
20200229	黑龙江	40	179292	2159	71	15
20200301		3	4920	217	17	0
20200301	Hessen	1	42	5	4	0
20200301	Jeollabuk-do	1	488	11	0	0
20200301	Provincia del Guayas	1	237	3	0	0
20200301	Sardegna	1	4	0	1	0
20200301	São Paulo	1	3	0	0	0
20200301	上海	20	30913	679	52	10
20200301	云南	14	33634	2424	91	7
20200301	内蒙古	21	373901	3894	209	35
20200301	北京	38	6679895	234238	6812	589
20200301	吉林	32	303384	14147	1446	91
20200301	四川	48	11540199	293829	3498	697
20200301	天津	9	5901	293	17	0
20200301	宁夏	5	246	17	2	0
20200301	安徽	63	417394	7746	556	115
20200301	山东	74	993151	11423	972	159
20200301	山西	23	254883	2132	135	19
20200301	岛根县	1	1201	19	8	0
20200301	广东	89	481802	10412	1009	92
20200301	广西	16	110682	4791	252	47
20200301	新疆	7	291608	19238	268	25
20200301	江苏	55	463412	7845	332	67
20200301	江西	24	3550187	20964	337	156
20200301	河北	68	3812310	108851	4584	296
20200301	河南	79	824137	8552	946	130
20200301	洛哈	1	4	0	0	0
20200301	浙江	32	382711	3657	140	26
20200301	海南	6	1551	125	12	0
20200301	湖北	205	13140301	978318	30491	3733
20200301	湖南	44	540087	10714	479	116
20200301	甘肃	12	15081	353	16	4
20200301	福建	37	160144	3192	189	22
20200301	英格兰	1	13	0	0	0
20200301	贵州	22	56927	2830	112	6
20200301	辽宁	50	301758	9548	385	56
20200301	重庆	22	79616	1370	216	22
20200301	陕西	25	363031	5268	237	22
20200301	黑龙江	36	843196	14252	670	301
20200302		3	376449	7991	228	35
20200302	Catalunya	2	61125	190	34	7
20200302	Central Singapore Community Development Council	1	6	0	0	0
20200302	Comunidad de Madrid	4	1210	11	5	4
20200302	Comunitat Valenciana	1	2	0	0	0
20200302	Daerah Khusus Ibukota Jakarta	1	1520	35	8	0
20200302	Jeju-do	1	8	0	0	0
20200302	Lombardia	1	3	1	0	0
20200302	Provincie Gelderland	2	675	14	4	0
20200302	Selangor	2	8	0	0	0
20200302	São Paulo	1	2	0	0	0
20200302	Tỉnh Bình Dương	1	353	10	1	0
20200302	上海	16	39768	1521	89	11
20200302	云南	17	1309603	12044	348	310
20200302	内蒙古	7	1682	34	2	2
20200302	加那利群岛	1	15	1	0	0
20200302	北京	42	21992995	1059811	27301	3993
20200302	吉林	19	93253	417	16	9
20200302	四川	35	2171005	62023	1667	151
20200302	天津	8	8835	813	14	2
20200302	威尼托	1	108	5	4	0
20200302	宁夏	4	403	84	14	0
20200302	安徽	30	159615	3955	195	28
20200302	山东	66	1328734	43293	1738	724
20200302	山西	9	58127	742	50	3
20200302	广东	72	1635020	42208	1057	335
20200302	广西	15	49689	643	52	16
20200302	新疆	7	12381	203	20	16
20200302	江苏	57	247721	7799	316	45
20200302	江西	21	129526	1267	60	13
20200302	河北	39	392174	15185	760	235
20200302	河南	56	743639	57795	634	1694
20200302	浙江	19	30073	236	21	4
20200302	海南	6	840	30	1	0
20200302	湖北	170	1048289	72687	3563	370
20200302	湖南	30	127735	1222	91	17
20200302	甘肃	7	3527	206	27	1
20200302	福建	36	1073200	8392	247	96
20200302	西藏	3	770	34	0	0
20200302	贵州	13	48847	1517	31	8
20200302	辽宁	49	125611	3555	270	109
20200302	重庆	22	165733	2328	76	10
20200302	陕西	32	96282	2401	159	31
20200302	青海	1	24	0	0	0
20200302	黑龙江	26	15645	242	9	6
20200303	Daerah Khusus Ibukota Jakarta	1	199	15	3	0
20200303	Erbil	1	257	14	3	0
20200303	National Capital Region	1	182	2	0	0
20200303	万丹省	1	39050	151	55	24
20200303	上海	13	94100	7238	532	5
20200303	云南	11	11742	467	41	1
20200303	内蒙古	3	5185630	126455	9714	497
20200303	北京	55	11511147	471830	21990	4405
20200303	吉林	12	716254	22154	515	46
20200303	四川	38	79520	2374	286	75
20200303	圣地亚哥首都大区	1	2	0	0	0
20200303	天津	3	2537	296	4	0
20200303	安徽	36	261993	11523	593	52
20200303	山东	42	417697	13293	287	55
20200303	山西	16	3280204	124822	5338	204
20200303	广东	66	1290662	43859	1688	91
20200303	广西	10	1161	61	1	2
20200303	新疆	5	23457	493	21	14
20200303	江苏	51	181491	3634	222	26
20200303	江西	20	49066	2685	156	31
20200303	河北	38	7350902	225217	22911	710
20200303	河南	52	135129	10356	302	230
20200303	浙江	24	234852	9018	376	87
20200303	海南	6	562	5	0	0
20200303	湖北	157	1520892	60259	3676	302
20200303	湖南	26	2260707	68580	1968	635
20200303	甘肃	5	5426	83	4	3
20200303	福建	16	122359	4957	182	11
20200303	贵州	12	4531	252	10	14
20200303	辽宁	49	116554	3966	165	37
20200303	重庆	17	25868	2953	311	6
20200303	陕西	18	14244	1145	104	5
20200303	黑龙江	23	10681	923	104	9
20200304	Aragon	2	8242	367	50	0
20200304	Comunidad de Madrid	2	1010	15	0	0
20200304	Comunitat Valenciana	1	807	10	0	0
20200304	Friuli Venezia Giulia	1	19330	461	80	34
20200304	Lombardia	1	2040	85	47	0
20200304	上海	13	3639	298	71	4
20200304	云南	9	4175	60	7	3
20200304	内蒙古	9	2844819	139929	2709	160
20200304	北京	47	24801575	942989	23386	2357
20200304	吉林	12	16722	615	30	16
20200304	四川	25	98461	2772	264	30
20200304	圣地亚哥首都大区	1	10	1	0	0
20200304	天津	7	1256	74	15	0
20200304	宁夏	3	53	4	0	1
20200304	安徽	19	59017	1599	95	8
20200304	山东	77	1365278	28221	451	79
20200304	山西	13	20267	561	80	4
20200304	广东	59	363294	22216	598	60
20200304	广西	21	618227	5450	235	21
20200304	新疆	7	174423	2929	183	13
20200304	江苏	38	906953	17476	1113	130
20200304	江西	25	16400	1695	65	6
20200304	河北	65	357254	6372	365	74
20200304	河南	64	1192846	14743	587	54
20200304	浙江	31	56747	1082	363	14
20200304	海南	2	3105	230	19	0
20200304	湖北	168	4089780	163045	4513	301
20200304	湖南	36	1062209	58965	2506	234
20200304	甘肃	9	5382	130	23	1
20200304	福建	18	296324	6928	227	30
20200304	莫斯科州	1	4612	384	32	1
20200304	贵州	16	20110	3478	83	5
20200304	辽宁	53	1953052	40566	2174	165
20200304	重庆	16	45574	2139	126	3
20200304	陕西	28	49349	2361	164	25
20200304	黑龙江	16	18309	489	25	2
20200305		3	309142	4895	143	13
20200305	Auckland	1	4	1	1	0
20200305	Catalunya	1	1	0	0	0
20200305	Lombardia	1	5	0	0	0
20200305	上海	13	8079	180	5	4
20200305	云南	12	3897	249	38	1
20200305	内蒙古	13	2940	139	10	2
20200305	北京	42	17713248	617906	26344	2809
20200305	吉林	12	13145	669	25	4
20200305	四川	20	17973	1311	228	11
20200305	天津	11	4481	194	163	0
20200305	宁夏	5	388	12	1	1
20200305	安徽	28	902798	43624	1268	201
20200305	山东	57	696916	13426	435	123
20200305	山西	18	2708	79	4	1
20200305	广东	80	240922	4828	242	38
20200305	广西	4	1903	175	7	1
20200305	托斯卡纳	2	16311	316	45	14
20200305	新疆	14	236890	2495	120	28
20200305	江苏	40	512513	4848	571	361
20200305	江西	19	408359	3575	121	10
20200305	河北	48	642071	25659	1572	329
20200305	河南	72	1195123	9604	549	90
20200305	浙江	29	64987	2625	71	9
20200305	海南	5	2720	163	52	0
20200305	湖北	163	926415	18824	1723	235
20200305	湖南	27	5088443	126263	2245	204
20200305	甘肃	13	7575	384	38	3
20200305	福建	27	58470	4310	196	7
20200305	西藏	2	8	2	0	0
20200305	贵州	13	20310	696	78	12
20200305	辽宁	55	6381589	182423	7486	847
20200305	重庆	16	10692	1741	22	1
20200305	陕西	32	505107	10114	903	176
20200305	青海	1	457	5	2	0
20200305	黑龙江	17	177202	596	26	5
20200306		3	16402	483	11	2
20200306	Comunidad de Madrid	2	3891	30	22	2
20200306	Jász-Nagykun-Szolnok	1	6	0	0	0
20200306	Lombardia	1	506	1	2	0
20200306	Ra’s al Khaymah	1	58	3	0	0
20200306	State of Western Australia	1	347	7	1	0
20200306	West	2	11	2	0	0
20200306	上海	16	452319	21297	975	61
20200306	云南	7	2069	157	20	3
20200306	内蒙古	7	4099	160	12	3
20200306	北京	24	5643756	270441	16005	906
20200306	吉林	6	2112	206	3	4
20200306	四川	15	18105	1034	125	2
20200306	天津	6	44606	850	26	17
20200306	威尼托	1	481900	12787	585	203
20200306	宁夏	2	958	9	1	0
20200306	安徽	31	196971	4825	436	14
20200306	山东	33	8726484	136414	6378	459
20200306	山西	22	53798	5484	216	16
20200306	巴厘岛	2	399293	16462	3946	6
20200306	广东	46	249187	2452	96	14
20200306	广西	8	40525	3698	97	25
20200306	新疆	3	36277	640	38	8
20200306	江苏	32	80312	4114	291	51
20200306	江西	23	34080	372	75	7
20200306	河北	19	27308	508	46	8
20200306	河南	43	168583	2252	405	9
20200306	浙江	18	107291	1247	38	8
20200306	海南	3	887	13	0	0
20200306	湖北	157	950653	23602	1882	190
20200306	湖南	22	88612	4405	126	14
20200306	甘肃	5	1665	112	24	2
20200306	福建	14	75544	1779	70	15
20200306	西藏	1	1	0	0	0
20200306	贵州	9	9887	458	24	2
20200306	辽宁	43	92420	2413	137	16
20200306	重庆	12	1115167	60989	2485	254
20200306	陕西	18	22756	859	50	1
20200306	黑龙江	25	101284	866	46	4
20200307		1	956748	60721	608	87
20200307	Centre Region	1	176	6	7	0
20200307	Hessen	1	1175088	19358	14767	37
20200307	Provincie Limburg	1	5	1	0	0
20200307	上海	13	225155	9457	486	77
20200307	云南	8	622728	26615	9301	192
20200307	内蒙古	8	1547	74	43	0
20200307	北京	27	17744439	297039	17367	2110
20200307	卡加延河谷	1	610	12	0	0
20200307	吉林	16	78852	2077	102	13
20200307	四川	18	432878	10189	343	18
20200307	天津	1	84898	3055	50	9
20200307	宁夏	4	139	9	1	0
20200307	安徽	16	107475	1790	318	12
20200307	山东	47	2522585	39915	2623	208
20200307	山西	12	2101480	62333	14609	435
20200307	广东	48	875481	18945	977	189
20200307	广西	12	34326	878	38	9
20200307	新疆	3	17	2	1	1
20200307	江苏	37	645013	19034	1025	159
20200307	江西	12	9130	333	35	1
20200307	河北	22	108035	1254	102	13
20200307	河南	41	6425593	133068	19139	429
20200307	浙江	21	103984	2765	177	5
20200307	海南	8	3470	228	14	0
20200307	湖北	130	256318	9991	1213	79
20200307	湖南	14	406365	46571	488	163
20200307	甘肃	12	26006360	726728	192583	6495
20200307	福建	9	22213	144	26	3
20200307	贵州	13	570630	18624	1694	35
20200307	辽宁	22	900150	42911	916	150
20200307	重庆	9	9629	573	74	4
20200307	陕西	23	55957	1323	200	18
20200307	青海	1	2	0	0	0
20200307	黑龙江	15	1271	25	2	0
20200308		5	25236	341	27	7
20200308	Catalunya	1	1664	27	8	0
20200308	Copperbelt Province	2	219	22	2	0
20200308	North	1	1	1	0	0
20200308	上海	8	217034	6646	211	17
20200308	云南	5	2075	109	0	0
20200308	内蒙古	6	145419	599	70	24
20200308	北京	15	1968576	30890	2815	306
20200308	吉林	1	0	0	0	0
20200308	四川	13	47167	732	63	6
20200308	天津	4	5168	532	41	0
20200308	宁夏	3	3837	178	24	9
20200308	安徽	23	6043022	67175	11906	545
20200308	山东	37	2066901	21229	3349	200
20200308	山西	11	173737	6900	62	20
20200308	广东	49	56712	903	92	16
20200308	广西	7	618	78	2	0
20200308	新疆	4	89414	735	151	8
20200308	柏林	1	44	2	1	11
20200308	江苏	29	17280	548	90	5
20200308	江西	12	114521090	1965784	307303	13174
20200308	河北	34	49698353	1107215	215377	5656
20200308	河南	30	3985106	27486	5521	345
20200308	浙江	15	367021	14273	2513	148
20200308	海南	9	10796	2240	43	1
20200308	湖北	152	2214521	180418	5445	377
20200308	湖南	14	3309	249	18	3
20200308	甘肃	10	1895966	81302	19319	770
20200308	福建	8	4274	286	22	3
20200308	西藏	1	8	4	0	1
20200308	贵州	7	1564	61	14	1
20200308	辽宁	37	610062	4996	534	147
20200308	重庆	9	41051	329	22	30
20200308	陕西	22	28398	522	48	14
20200308	青海	1	21	2	0	0
20200308	香港	1	1432	80	2	1
20200308	黑龙江	17	40258	198	19	6
20200309		1	18659	449	19	19
20200309	Comunidad de Madrid	3	18	0	0	0
20200309	National Capital Region	1	2229	14	8	0
20200309	上海	7	3849	195	4	0
20200309	云南	6	694	38	1	1
20200309	内蒙古	7	1760	78	13	2
20200309	北京	14	160853662	5751898	429739	25980
20200309	台湾	1	209	2	0	0
20200309	吉林	10	12432	474	9	7
20200309	四川	27	6842	487	86	6
20200309	天津	4	1413	137	20	1
20200309	宁夏	3	111	5	1	0
20200309	安徽	23	207373	4439	340	19
20200309	山东	32	549268	49716	1055	1555
20200309	山西	17	22849	149	5	2
20200309	广东	29	236770	8246	119	7
20200309	广西	10	63349	857	26	2
20200309	新疆	4	44016	1085	147	11
20200309	江苏	26	94941	1390	108	6
20200309	江西	10	14238	1255	54	1
20200309	河北	18	74193	1445	112	10
20200309	河南	33	410599	6646	543	47
20200309	浙江	17	817886	13447	1436	426
20200309	海南	2	2306	235	19	1
20200309	湖北	104	422732	18180	1341	104
20200309	湖南	19	51199	2894	104	5
20200309	甘肃	5	2964	98	1	1
20200309	福建	13	68037	1837	139	7
20200309	贵州	13	55125	1622	114	3
20200309	辽宁	34	753180	29806	2707	295
20200309	重庆	12	40515	421	34	8
20200309	陕西	18	103148	2160	154	24
20200309	黑龙江	23	82355	1171	145	10
20200310		2	4331	43	1	1
20200310	Lombardia	1	1433	37	11	1
20200310	Provincie Limburg	1	7	0	0	0
20200310	São Paulo	1	2	0	0	0
20200310	上海	22	49243	2924	234	39
20200310	不列颠哥伦比亚	1	6	0	0	0
20200310	东爪哇省	1	3	0	0	0
20200310	云南	19	99405	2576	100	9
20200310	内蒙古	15	63737	3393	113	20
20200310	北京	82	84305815	3135711	121301	37468
20200310	吉林	25	78661	892	48	15
20200310	四川	46	200764	5638	226	28
20200310	天津	11	874	17	1	2
20200310	宁夏	4	941	80	2	0
20200310	安徽	60	837841	24423	1248	248
20200310	山东	105	470882	10041	609	101
20200310	山西	22	92093	3520	175	63
20200310	广东	91	563873	126804	937	115
20200310	广西	23	1092357	6642	604	48
20200310	托斯卡纳	1	26294	105	48	0
20200310	新疆	18	143959	8848	214	70
20200310	江苏	55	60135	963	61	19
20200310	江西	37	67589	4454	121	36
20200310	河北	71	1624117	67044	3290	234
20200310	河南	77	411184	12196	712	119
20200310	浙江	50	702906	6804	632	144
20200310	海南	5	60917	11283	427	152
20200310	湖北	276	1072573	44747	2570	704
20200310	湖南	42	98450	3929	152	45
20200310	甘肃	27	88754	11802	287	60
20200310	福建	30	51780	1443	151	36
20200310	西藏	3	52496	2515	83	12
20200310	贵州	31	313005	14680	436	81
20200310	辽宁	63	1429897	108710	3645	657
20200310	重庆	17	14565	586	31	42
20200310	陕西	40	262472	11515	530	94
20200310	青海	4	2534	137	4	0
20200310	黑龙江	41	16460	378	14	0
20200311		2	17245	327	3	7
20200311	Comunidad de Madrid	1	8	2	0	0
20200311	上海	13	242115	9023	259	138
20200311	云南	7	4084	185	13	1
20200311	内蒙古	5	93787	1938	25	1337
20200311	北京	17	477000	4541	128	36
20200311	台湾	1	190	1	0	0
20200311	吉林	21	73014	3419	270	26
20200311	四川	17	8412	229	32	1
20200311	天津	2	5	1	0	0
20200311	宁夏	4	74	9	2	0
20200311	安大略	1	11	1	0	0
20200311	安徽	20	62764	2306	131	5
20200311	山东	39	920928	4383	249	50
20200311	山西	14	750	27	9	1
20200311	广东	50	125165	3147	329	31
20200311	广西	12	944	39	2	10
20200311	新疆	7	79708	621	12	7
20200311	江苏	20	144046	5816	629	38
20200311	江西	19	214427	1077	68	10
20200311	河北	29	88417	3709	126	22
20200311	河南	32	90617	3765	126	14
20200311	浙江	13	35509	6044	159	8
20200311	海南	3	17	1	0	0
20200311	湖北	138	3294375	169122	5109	378
20200311	湖南	17	119415	9638	436	92
20200311	甘肃	6	8570	103	11	1
20200311	福建	16	21595	1185	54	38
20200311	纽约州	2	43998	1018	303	3
20200311	西藏	2	2018	105	16	0
20200311	西西里岛	1	34665	1846	480	2
20200311	贵州	12	33846	217	48	0
20200311	辽宁	44	694041	14129	642	84
20200311	重庆	6	1674	46	20	3
20200311	陕西	16	5551	155	10	4
20200311	黑龙江	16	11584	171	14	0
20200312	Dubai	2	35438	1183	171	0
20200312	National Capital Region	2	5544	117	30	2
20200312	上海	10	83764	5509	175	21
20200312	云南	11	2897	98	8	1
20200312	内蒙古	3	22808	306	40	9
20200312	北京	15	928948	12586	1146	184
20200312	吉林	6	16433	436	46	1
20200312	四川	16	14243	233	77	3
20200312	天津	2	20	1	0	0
20200312	宁夏	1	77089	464	40	3
20200312	安徽	22	419197	2408	187	15
20200312	宾夕法尼亚州	1	128	5	0	0
20200312	山东	30	216402	7808	336	18
20200312	山西	10	503065	3228	237	20
20200312	广东	36	271087	6707	555	90
20200312	广西	10	11829	4555	30	2
20200312	托斯卡纳	1	4	0	0	1
20200312	江苏	33	4814191	147161	3174	140
20200312	江西	15	6679	114	14	0
20200312	河北	21	672680	27926	1661	73
20200312	河南	22	2274835	28027	6371	111
20200312	浙江	18	27067	3145	74	8
20200312	海南	2	7658	375	38	0
20200312	湖北	106	637144	22705	1698	121
20200312	湖南	12	11288196	860300	31434	3182
20200312	甘肃	4	900	25	4	0
20200312	福建	7	5413	112	19	35
20200312	艾伯塔	1	14252	71	10	2
20200312	西藏	1	700	21	0	0
20200312	贵州	9	7397	233	14	1
20200312	辽宁	35	976531	46929	1855	1196
20200312	重庆	2	14	4	0	0
20200312	陕西	16	163224	6382	210	15
20200312	香港	1	22	0	0	0
20200312	黑龙江	6	270	20	1	0
20200313		3	8535	162	24	5
20200313	Comunitat Autònoma de les Illes Balears	1	35241	235	11	14
20200313	Dubai	1	180	1	4	0
20200313	Lombardia	1	249	6	3	0
20200313	Mandalay Region	1	136	29	11	0
20200313	Västernorrlands län	1	780	10	11	0
20200313	上海	5	94	5	2	0
20200313	云南	7	21301	1527	56	10
20200313	内蒙古	5	316298	1659	72	18
20200313	北京	15	1565504	113915	3699	462
20200313	北方邦	1	61	8	1	0
20200313	吉林	5	521	5	0	0
20200313	哈利斯科州	1	16	0	0	0
20200313	四川	19	17780	228	17	8
20200313	天津	3	7	0	0	0
20200313	宁夏	1	361	11	0	0
20200313	安徽	14	1856	306	52	1
20200313	山东	27	39332236	1533612	60199	4602
20200313	山西	8	28108	714	67	6
20200313	广东	56	133747	2837	218	19
20200313	广西	12	5724	66	8	0
20200313	新疆	6	140532	1152	74	3
20200313	江苏	31	23908	776	130	8
20200313	江西	14	14369	1071	13	1
20200313	河北	36	263998	4589	279	43
20200313	河南	44	470218	7141	360	16
20200313	浙江	16	19214	1067	27	13
20200313	海南	8	1327	3	0	1
20200313	湖北	105	820025	38074	2180	71
20200313	湖南	10	307396	1189	60	16
20200313	甘肃	3	3855	184	10	0
20200313	福建	15	52371	547	37	8
20200313	贵州	4	242	9	1	0
20200313	辽宁	24	55242	924	52	0
20200313	重庆	8	1758	85	3	0
20200313	陕西	16	185073	4185	147	12
20200313	青海	1	0	0	0	0
20200313	黑龙江	13	14027	820	47	0
